01001001	
01001002	
01001003	
01001004	
01001005	
01001006	
01001007	
01001008	
01001009	
01001010	
01001011	
01001012	
01001013	
01001014	
01001015	
01001016	
01001017	
01001018	
01001019	
01001020	
01001021	
01001022	
01001023	
01001024	
01001025	
01001026	
01001027	
01001028	
01001029	
01001030	
01001031	
01002001	
01002002	
01002003	
01002004	
01002005	
01002006	
01002007	
01002008	
01002009	
01002010	
01002011	
01002012	
01002013	
01002014	
01002015	
01002016	
01002017	
01002018	
01002019	
01002020	
01002021	
01002022	
01002023	
01002024	
01002025	
01003001	
01003002	
01003003	
01003004	
01003005	
01003006	
01003007	
01003008	
01003009	
01003010	
01003011	
01003012	
01003013	
01003014	
01003015	
01003016	
01003017	
01003018	
01003019	
01003020	
01003021	
01003022	
01003023	
01003024	
01004001	
01004002	
01004003	
01004004	
01004005	
01004006	
01004007	
01004008	
01004009	
01004010	
01004011	
01004012	
01004013	
01004014	
01004015	
01004016	
01004017	
01004018	
01004019	
01004020	
01004021	
01004022	
01004023	
01004024	
01004025	
01004026	
01005001	
01005002	
01005003	
01005004	
01005005	
01005006	
01005007	
01005008	
01005009	
01005010	
01005011	
01005012	
01005013	
01005014	
01005015	
01005016	
01005017	
01005018	
01005019	
01005020	
01005021	
01005022	
01005023	
01005024	
01005025	
01005026	
01005027	
01005028	
01005029	
01005030	
01005031	
01005032	
01006001	
01006002	
01006003	
01006004	
01006005	
01006006	
01006007	
01006008	
01006009	
01006010	
01006011	
01006012	
01006013	
01006014	
01006015	
01006016	
01006017	
01006018	
01006019	
01006020	
01006021	
01006022	
01007001	
01007002	
01007003	
01007004	
01007005	
01007006	
01007007	
01007008	
01007009	
01007010	
01007011	
01007012	
01007013	
01007014	
01007015	
01007016	
01007017	
01007018	
01007019	
01007020	
01007021	
01007022	
01007023	
01007024	
01008001	
01008002	
01008003	
01008004	
01008005	
01008006	
01008007	
01008008	
01008009	
01008010	
01008011	
01008012	
01008013	
01008014	
01008015	
01008016	
01008017	
01008018	
01008019	
01008020	
01008021	
01008022	
01009001	
01009002	
01009003	
01009004	
01009005	
01009006	
01009007	
01009008	
01009009	
01009010	
01009011	
01009012	
01009013	
01009014	
01009015	
01009016	
01009017	
01009018	
01009019	
01009020	
01009021	
01009022	
01009023	
01009024	
01009025	
01009026	
01009027	
01009028	
01009029	
01010001	
01010002	
01010003	
01010004	
01010005	
01010006	
01010007	
01010008	
01010009	
01010010	
01010011	
01010012	
01010013	
01010014	
01010015	
01010016	
01010017	
01010018	
01010019	
01010020	
01010021	
01010022	
01010023	
01010024	
01010025	
01010026	
01010027	
01010028	
01010029	
01010030	
01010031	
01010032	
01011001	
01011002	
01011003	
01011004	
01011005	
01011006	
01011007	
01011008	
01011009	
01011010	
01011011	
01011012	
01011013	
01011014	
01011015	
01011016	
01011017	
01011018	
01011019	
01011020	
01011021	
01011022	
01011023	
01011024	
01011025	
01011026	
01011027	
01011028	
01011029	
01011030	
01011031	
01011032	
01012001	
01012002	
01012003	
01012004	
01012005	
01012006	
01012007	
01012008	
01012009	
01012010	
01012011	
01012012	
01012013	
01012014	
01012015	
01012016	
01012017	
01012018	
01012019	
01012020	
01013001	
01013002	
01013003	
01013004	
01013005	
01013006	
01013007	
01013008	
01013009	
01013010	
01013011	
01013012	
01013013	
01013014	
01013015	
01013016	
01013017	
01013018	
01014001	
01014002	
01014003	
01014004	
01014005	
01014006	
01014007	
01014008	
01014009	
01014010	
01014011	
01014012	
01014013	
01014014	
01014015	
01014016	
01014017	
01014018	
01014019	
01014020	
01014021	
01014022	
01014023	
01014024	
01015001	
01015002	
01015003	
01015004	
01015005	
01015006	
01015007	
01015008	
01015009	
01015010	
01015011	
01015012	
01015013	
01015014	
01015015	
01015016	
01015017	
01015018	
01015019	
01015020	
01015021	
01016001	
01016002	
01016003	
01016004	
01016005	
01016006	
01016007	
01016008	
01016009	
01016010	
01016011	
01016012	
01016013	
01016014	
01016015	
01016016	
01017001	
01017002	
01017003	
01017004	
01017005	
01017006	
01017007	
01017008	
01017009	
01017010	
01017011	
01017012	
01017013	
01017014	
01017015	
01017016	
01017017	
01017018	
01017019	
01017020	
01017021	
01017022	
01017023	
01017024	
01017025	
01017026	
01017027	
01018001	
01018002	
01018003	
01018004	
01018005	
01018006	
01018007	
01018008	
01018009	
01018010	
01018011	
01018012	
01018013	
01018014	
01018015	
01018016	
01018017	
01018018	
01018019	
01018020	
01018021	
01018022	
01018023	
01018024	
01018025	
01018026	
01018027	
01018028	
01018029	
01018030	
01018031	
01018032	
01018033	
01019001	
01019002	
01019003	
01019004	
01019005	
01019006	
01019007	
01019008	
01019009	
01019010	
01019011	
01019012	
01019013	
01019014	
01019015	
01019016	
01019017	
01019018	
01019019	
01019020	
01019021	
01019022	
01019023	
01019024	
01019025	
01019026	
01019027	
01019028	
01019029	
01019030	
01019031	
01019032	
01019033	
01019034	
01019035	
01019036	
01019037	
01019038	
01020001	
01020002	
01020003	
01020004	
01020005	
01020006	
01020007	
01020008	
01020009	
01020010	
01020011	
01020012	
01020013	
01020014	
01020015	
01020016	
01020017	
01020018	
01021001	
01021002	
01021003	
01021004	
01021005	
01021006	
01021007	
01021008	
01021009	
01021010	
01021011	
01021012	
01021013	
01021014	
01021015	
01021016	
01021017	
01021018	
01021019	
01021020	
01021021	
01021022	
01021023	
01021024	
01021025	
01021026	
01021027	
01021028	
01021029	
01021030	
01021031	
01021032	
01021033	
01021034	
01022001	
01022002	
01022003	
01022004	
01022005	
01022006	
01022007	
01022008	
01022009	
01022010	
01022011	
01022012	
01022013	
01022014	
01022015	
01022016	
01022017	
01022018	
01022019	
01022020	
01022021	
01022022	
01022023	
01022024	
01023001	
01023002	
01023003	
01023004	
01023005	
01023006	
01023007	
01023008	
01023009	
01023010	
01023011	
01023012	
01023013	
01023014	
01023015	
01023016	
01023017	
01023018	
01023019	
01023020	
01024001	
01024002	
01024003	
01024004	
01024005	
01024006	
01024007	
01024008	
01024009	
01024010	
01024011	
01024012	
01024013	
01024014	
01024015	
01024016	
01024017	
01024018	
01024019	
01024020	
01024021	
01024022	
01024023	
01024024	
01024025	
01024026	
01024027	
01024028	
01024029	
01024030	
01024031	
01024032	
01024033	
01024034	
01024035	
01024036	
01024037	
01024038	
01024039	
01024040	
01024041	
01024042	
01024043	
01024044	
01024045	
01024046	
01024047	
01024048	
01024049	
01024050	
01024051	
01024052	
01024053	
01024054	
01024055	
01024056	
01024057	
01024058	
01024059	
01024060	
01024061	
01024062	
01024063	
01024064	
01024065	
01024066	
01024067	
01025001	
01025002	
01025003	
01025004	
01025005	
01025006	
01025007	
01025008	
01025009	
01025010	
01025011	
01025012	
01025013	
01025014	
01025015	
01025016	
01025017	
01025018	
01025019	
01025020	
01025021	
01025022	
01025023	
01025024	
01025025	
01025026	
01025027	
01025028	
01025029	
01025030	
01025031	
01025032	
01025033	
01025034	
01026001	
01026002	
01026003	
01026004	
01026005	
01026006	
01026007	
01026008	
01026009	
01026010	
01026011	
01026012	
01026013	
01026014	
01026015	
01026016	
01026017	
01026018	
01026019	
01026020	
01026021	
01026022	
01026023	
01026024	
01026025	
01026026	
01026027	
01026028	
01026029	
01026030	
01026031	
01026032	
01026033	
01026034	
01026035	
01027001	
01027002	
01027003	
01027004	
01027005	
01027006	
01027007	
01027008	
01027009	
01027010	
01027011	
01027012	
01027013	
01027014	
01027015	
01027016	
01027017	
01027018	
01027019	
01027020	
01027021	
01027022	
01027023	
01027024	
01027025	
01027026	
01027027	
01027028	
01027029	
01027030	
01027031	
01027032	
01027033	
01027034	
01027035	
01027036	
01027037	
01027038	
01027039	
01027040	
01027041	
01027042	
01027043	
01027044	
01027045	
01027046	
01028001	
01028002	
01028003	
01028004	
01028005	
01028006	
01028007	
01028008	
01028009	
01028010	
01028011	
01028012	
01028013	
01028014	
01028015	
01028016	
01028017	
01028018	
01028019	
01028020	
01028021	
01028022	
01029001	
01029002	
01029003	
01029004	
01029005	
01029006	
01029007	
01029008	
01029009	
01029010	
01029011	
01029012	
01029013	
01029014	
01029015	
01029016	
01029017	
01029018	
01029019	
01029020	
01029021	
01029022	
01029023	
01029024	
01029025	
01029026	
01029027	
01029028	
01029029	
01029030	
01029031	
01029032	
01029033	
01029034	
01029035	
01030001	
01030002	
01030003	
01030004	
01030005	
01030006	
01030007	
01030008	
01030009	
01030010	
01030011	
01030012	
01030013	
01030014	
01030015	
01030016	
01030017	
01030018	
01030019	
01030020	
01030021	
01030022	
01030023	
01030024	
01030025	
01030026	
01030027	
01030028	
01030029	
01030030	
01030031	
01030032	
01030033	
01030034	
01030035	
01030036	
01030037	
01030038	
01030039	
01030040	
01030041	
01030042	
01030043	
01031001	
01031002	
01031003	
01031004	
01031005	
01031006	
01031007	
01031008	
01031009	
01031010	
01031011	
01031012	
01031013	
01031014	
01031015	
01031016	
01031017	
01031018	
01031019	
01031020	
01031021	
01031022	
01031023	
01031024	
01031025	
01031026	
01031027	
01031028	
01031029	
01031030	
01031031	
01031032	
01031033	
01031034	
01031035	
01031036	
01031037	
01031038	
01031039	
01031040	
01031041	
01031042	
01031043	
01031044	
01031045	
01031046	
01031047	
01031048	
01031049	
01031050	
01031051	
01031052	
01031053	
01031054	
01031055	
01032001	
01032002	
01032003	
01032004	
01032005	
01032006	
01032007	
01032008	
01032009	
01032010	
01032011	
01032012	
01032013	
01032014	
01032015	
01032016	
01032017	
01032018	
01032019	
01032020	
01032021	
01032022	
01032023	
01032024	
01032025	
01032026	
01032027	
01032028	
01032029	
01032030	
01032031	
01032032	
01033001	
01033002	
01033003	
01033004	
01033005	
01033006	
01033007	
01033008	
01033009	
01033010	
01033011	
01033012	
01033013	
01033014	
01033015	
01033016	
01033017	
01033018	
01033019	
01033020	
01034001	
01034002	
01034003	
01034004	
01034005	
01034006	
01034007	
01034008	
01034009	
01034010	
01034011	
01034012	
01034013	
01034014	
01034015	
01034016	
01034017	
01034018	
01034019	
01034020	
01034021	
01034022	
01034023	
01034024	
01034025	
01034026	
01034027	
01034028	
01034029	
01034030	
01034031	
01035001	
01035002	
01035003	
01035004	
01035005	
01035006	
01035007	
01035008	
01035009	
01035010	
01035011	
01035012	
01035013	
01035014	
01035015	
01035016	
01035017	
01035018	
01035019	
01035020	
01035021	
01035022	
01035023	
01035024	
01035025	
01035026	
01035027	
01035028	
01035029	
01036001	
01036002	
01036003	
01036004	
01036005	
01036006	
01036007	
01036008	
01036009	
01036010	
01036011	
01036012	
01036013	
01036014	
01036015	
01036016	
01036017	
01036018	
01036019	
01036020	
01036021	
01036022	
01036023	
01036024	
01036025	
01036026	
01036027	
01036028	
01036029	
01036030	
01036031	
01036032	
01036033	
01036034	
01036035	
01036036	
01036037	
01036038	
01036039	
01036040	
01036041	
01036042	
01036043	
01037001	
01037002	
01037003	
01037004	
01037005	
01037006	
01037007	
01037008	
01037009	
01037010	
01037011	
01037012	
01037013	
01037014	
01037015	
01037016	
01037017	
01037018	
01037019	
01037020	
01037021	
01037022	
01037023	
01037024	
01037025	
01037026	
01037027	
01037028	
01037029	
01037030	
01037031	
01037032	
01037033	
01037034	
01037035	
01037036	
01038001	
01038002	
01038003	
01038004	
01038005	
01038006	
01038007	
01038008	
01038009	
01038010	
01038011	
01038012	
01038013	
01038014	
01038015	
01038016	
01038017	
01038018	
01038019	
01038020	
01038021	
01038022	
01038023	
01038024	
01038025	
01038026	
01038027	
01038028	
01038029	
01038030	
01039001	
01039002	
01039003	
01039004	
01039005	
01039006	
01039007	
01039008	
01039009	
01039010	
01039011	
01039012	
01039013	
01039014	
01039015	
01039016	
01039017	
01039018	
01039019	
01039020	
01039021	
01039022	
01039023	
01040001	
01040002	
01040003	
01040004	
01040005	
01040006	
01040007	
01040008	
01040009	
01040010	
01040011	
01040012	
01040013	
01040014	
01040015	
01040016	
01040017	
01040018	
01040019	
01040020	
01040021	
01040022	
01040023	
01041001	
01041002	
01041003	
01041004	
01041005	
01041006	
01041007	
01041008	
01041009	
01041010	
01041011	
01041012	
01041013	
01041014	
01041015	
01041016	
01041017	
01041018	
01041019	
01041020	
01041021	
01041022	
01041023	
01041024	
01041025	
01041026	
01041027	
01041028	
01041029	
01041030	
01041031	
01041032	
01041033	
01041034	
01041035	
01041036	
01041037	
01041038	
01041039	
01041040	
01041041	
01041042	
01041043	
01041044	
01041045	
01041046	
01041047	
01041048	
01041049	
01041050	
01041051	
01041052	
01041053	
01041054	
01041055	
01041056	
01041057	
01042001	
01042002	
01042003	
01042004	
01042005	
01042006	
01042007	
01042008	
01042009	
01042010	
01042011	
01042012	
01042013	
01042014	
01042015	
01042016	
01042017	
01042018	
01042019	
01042020	
01042021	
01042022	
01042023	
01042024	
01042025	
01042026	
01042027	
01042028	
01042029	
01042030	
01042031	
01042032	
01042033	
01042034	
01042035	
01042036	
01042037	
01042038	
01043001	
01043002	
01043003	
01043004	
01043005	
01043006	
01043007	
01043008	
01043009	
01043010	
01043011	
01043012	
01043013	
01043014	
01043015	
01043016	
01043017	
01043018	
01043019	
01043020	
01043021	
01043022	
01043023	
01043024	
01043025	
01043026	
01043027	
01043028	
01043029	
01043030	
01043031	
01043032	
01043033	
01043034	
01044001	
01044002	
01044003	
01044004	
01044005	
01044006	
01044007	
01044008	
01044009	
01044010	
01044011	
01044012	
01044013	
01044014	
01044015	
01044016	
01044017	
01044018	
01044019	
01044020	
01044021	
01044022	
01044023	
01044024	
01044025	
01044026	
01044027	
01044028	
01044029	
01044030	
01044031	
01044032	
01044033	
01044034	
01045001	
01045002	
01045003	
01045004	
01045005	
01045006	
01045007	
01045008	
01045009	
01045010	
01045011	
01045012	
01045013	
01045014	
01045015	
01045016	
01045017	
01045018	
01045019	
01045020	
01045021	
01045022	
01045023	
01045024	
01045025	
01045026	
01045027	
01045028	
01046001	
01046002	
01046003	
01046004	
01046005	
01046006	
01046007	
01046008	
01046009	
01046010	
01046011	
01046012	
01046013	
01046014	
01046015	
01046016	
01046017	
01046018	
01046019	
01046020	
01046021	
01046022	
01046023	
01046024	
01046025	
01046026	
01046027	
01046028	
01046029	
01046030	
01046031	
01046032	
01046033	
01046034	
01047001	
01047002	
01047003	
01047004	
01047005	
01047006	
01047007	
01047008	
01047009	
01047010	
01047011	
01047012	
01047013	
01047014	
01047015	
01047016	
01047017	
01047018	
01047019	
01047020	
01047021	
01047022	
01047023	
01047024	
01047025	
01047026	
01047027	
01047028	
01047029	
01047030	
01047031	
01048001	
01048002	
01048003	
01048004	
01048005	
01048006	
01048007	
01048008	
01048009	
01048010	
01048011	
01048012	
01048013	
01048014	
01048015	
01048016	
01048017	
01048018	
01048019	
01048020	
01048021	
01048022	
01049001	
01049002	
01049003	
01049004	
01049005	
01049006	
01049007	
01049008	
01049009	
01049010	
01049011	
01049012	
01049013	
01049014	
01049015	
01049016	
01049017	
01049018	
01049019	
01049020	
01049021	
01049022	
01049023	
01049024	
01049025	
01049026	
01049027	
01049028	
01049029	
01049030	
01049031	
01049032	
01049033	
01050001	
01050002	
01050003	
01050004	
01050005	
01050006	
01050007	
01050008	
01050009	
01050010	
01050011	
01050012	
01050013	
01050014	
01050015	
01050016	
01050017	
01050018	
01050019	
01050020	
01050021	
01050022	
01050023	
01050024	
01050025	
01050026	
08001001	
08001002	
08001003	
08001004	
08001005	
08001006	
08001007	
08001008	
08001009	
08001010	
08001011	
08001012	
08001013	
08001014	
08001015	
08001016	
08001017	
08001018	
08001019	
08001020	
08001021	
08001022	
08002001	
08002002	
08002003	
08002004	
08002005	
08002006	
08002007	
08002008	
08002009	
08002010	
08002011	
08002012	
08002013	
08002014	
08002015	
08002016	
08002017	
08002018	
08002019	
08002020	
08002021	
08002022	
08002023	
08003001	
08003002	
08003003	
08003004	
08003005	
08003006	
08003007	
08003008	
08003009	
08003010	
08003011	
08003012	
08003013	
08003014	
08003015	
08003016	
08003017	
08003018	
08004001	
08004002	
08004003	
08004004	
08004005	
08004006	
08004007	
08004008	
08004009	
08004010	
08004011	
08004012	
08004013	
08004014	
08004015	
08004016	
08004017	
08004018	
08004019	
08004020	
08004021	
08004022	
09001001	
09001002	
09001003	
09001004	
09001005	
09001006	
09001007	
09001008	
09001009	
09001010	
09001011	
09001012	
09001013	
09001014	
09001015	
09001016	
09001017	
09001018	
09001019	
09001020	
09001021	
09001022	
09001023	
09001024	
09001025	
09001026	
09001027	
09001028	
09002001	
09002002	
09002003	
09002004	
09002005	
09002006	
09002007	
09002008	
09002009	
09002010	
09002011	
09002012	
09002013	
09002014	
09002015	
09002016	
09002017	
09002018	
09002019	
09002020	
09002021	
09002022	
09002023	
09002024	
09002025	
09002026	
09002027	
09002028	
09002029	
09002030	
09002031	
09002032	
09002033	
09002034	
09002035	
09002036	
09003001	
09003002	
09003003	
09003004	
09003005	
09003006	
09003007	
09003008	
09003009	
09003010	
09003011	
09003012	
09003013	
09003014	
09003015	
09003016	
09003017	
09003018	
09003019	
09003020	
09003021	
09004001	
09004002	
09004003	
09004004	
09004005	
09004006	
09004007	
09004008	
09004009	
09004010	
09004011	
09004012	
09004013	
09004014	
09004015	
09004016	
09004017	
09004018	
09004019	
09004020	
09004021	
09004022	
09005001	
09005002	
09005003	
09005004	
09005005	
09005006	
09005007	
09005008	
09005009	
09005010	
09005011	
09005012	
09006001	
09006002	
09006003	
09006004	
09006005	
09006006	
09006007	
09006008	
09006009	
09006010	
09006011	
09006012	
09006013	
09006014	
09006015	
09006016	
09006017	
09006018	
09006019	
09006020	
09006021	
09007001	
09007002	
09007003	
09007004	
09007005	
09007006	
09007007	
09007008	
09007009	
09007010	
09007011	
09007012	
09007013	
09007014	
09007015	
09007016	
09007017	
09008001	
09008002	
09008003	
09008004	
09008005	
09008006	
09008007	
09008008	
09008009	
09008010	
09008011	
09008012	
09008013	
09008014	
09008015	
09008016	
09008017	
09008018	
09008019	
09008020	
09008021	
09008022	
09009001	
09009002	
09009003	
09009004	
09009005	
09009006	
09009007	
09009008	
09009009	
09009010	
09009011	
09009012	
09009013	
09009014	
09009015	
09009016	
09009017	
09009018	
09009019	
09009020	
09009021	
09009022	
09009023	
09009024	
09009025	
09009026	
09009027	
09010001	
09010002	
09010003	
09010004	
09010005	
09010006	
09010007	
09010008	
09010009	
09010010	
09010011	
09010012	
09010013	
09010014	
09010015	
09010016	
09010017	
09010018	
09010019	
09010020	
09010021	
09010022	
09010023	
09010024	
09010025	
09010026	
09010027	
09011001	
09011002	
09011003	
09011004	
09011005	
09011006	
09011007	
09011008	
09011009	
09011010	
09011011	
09011012	
09011013	
09011014	
09011015	
09012001	
09012002	
09012003	
09012004	
09012005	
09012006	
09012007	
09012008	
09012009	
09012010	
09012011	
09012012	
09012013	
09012014	
09012015	
09012016	
09012017	
09012018	
09012019	
09012020	
09012021	
09012022	
09012023	
09012024	
09012025	
09013001	
09013002	
09013003	
09013004	
09013005	
09013006	
09013007	
09013008	
09013009	
09013010	
09013011	
09013012	
09013013	
09013014	
09013015	
09013016	
09013017	
09013018	
09013019	
09013020	
09013021	
09013022	
09013023	
09014001	
09014002	
09014003	
09014004	
09014005	
09014006	
09014007	
09014008	
09014009	
09014010	
09014011	
09014012	
09014013	
09014014	
09014015	
09014016	
09014017	
09014018	
09014019	
09014020	
09014021	
09014022	
09014023	
09014024	
09014025	
09014026	
09014027	
09014028	
09014029	
09014030	
09014031	
09014032	
09014033	
09014034	
09014035	
09014036	
09014037	
09014038	
09014039	
09014040	
09014041	
09014042	
09014043	
09014044	
09014045	
09014046	
09014047	
09014048	
09014049	
09014050	
09014051	
09014052	
09015001	
09015002	
09015003	
09015004	
09015005	
09015006	
09015007	
09015008	
09015009	
09015010	
09015011	
09015012	
09015013	
09015014	
09015015	
09015016	
09015017	
09015018	
09015019	
09015020	
09015021	
09015022	
09015023	
09015024	
09015025	
09015026	
09015027	
09015028	
09015029	
09015030	
09015031	
09015032	
09015033	
09015034	
09015035	
09016001	
09016002	
09016003	
09016004	
09016005	
09016006	
09016007	
09016008	
09016009	
09016010	
09016011	
09016012	
09016013	
09016014	
09016015	
09016016	
09016017	
09016018	
09016019	
09016020	
09016021	
09016022	
09016023	
09017001	
09017002	
09017003	
09017004	
09017005	
09017006	
09017007	
09017008	
09017009	
09017010	
09017011	
09017012	
09017013	
09017014	
09017015	
09017016	
09017017	
09017018	
09017019	
09017020	
09017021	
09017022	
09017023	
09017024	
09017025	
09017026	
09017027	
09017028	
09017029	
09017030	
09017031	
09017032	
09017033	
09017034	
09017035	
09017036	
09017037	
09017038	
09017039	
09017040	
09017041	
09017042	
09017043	
09017044	
09017045	
09017046	
09017047	
09017048	
09017049	
09017050	
09017051	
09017052	
09017053	
09017054	
09017055	
09017056	
09017057	
09017058	
09018001	
09018002	
09018003	
09018004	
09018005	
09018006	
09018007	
09018008	
09018009	
09018010	
09018011	
09018012	
09018013	
09018014	
09018015	
09018016	
09018017	
09018018	
09018019	
09018020	
09018021	
09018022	
09018023	
09018024	
09018025	
09018026	
09018027	
09018028	
09018029	
09018030	
09019001	
09019002	
09019003	
09019004	
09019005	
09019006	
09019007	
09019008	
09019009	
09019010	
09019011	
09019012	
09019013	
09019014	
09019015	
09019016	
09019017	
09019018	
09019019	
09019020	
09019021	
09019022	
09019023	
09019024	
09020001	
09020002	
09020003	
09020004	
09020005	
09020006	
09020007	
09020008	
09020009	
09020010	
09020011	
09020012	
09020013	
09020014	
09020015	
09020016	
09020017	
09020018	
09020019	
09020020	
09020021	
09020022	
09020023	
09020024	
09020025	
09020026	
09020027	
09020028	
09020029	
09020030	
09020031	
09020032	
09020033	
09020034	
09020035	
09020036	
09020037	
09020038	
09020039	
09020040	
09020041	
09020042	
09020043	
09021001	
09021002	
09021003	
09021004	
09021005	
09021006	
09021007	
09021008	
09021009	
09021010	
09021011	
09021012	
09021013	
09021014	
09021015	
09022001	
09022002	
09022003	
09022004	
09022005	
09022006	
09022007	
09022008	
09022009	
09022010	
09022011	
09022012	
09022013	
09022014	
09022015	
09022016	
09022017	
09022018	
09022019	
09022020	
09022021	
09022022	
09022023	
09023001	
09023002	
09023003	
09023004	
09023005	
09023006	
09023007	
09023008	
09023009	
09023010	
09023011	
09023012	
09023013	
09023014	
09023015	
09023016	
09023017	
09023018	
09023019	
09023020	
09023021	
09023022	
09023023	
09023024	
09023025	
09023026	
09023027	
09023028	
09023029	
09024001	
09024002	
09024003	
09024004	
09024005	
09024006	
09024007	
09024008	
09024009	
09024010	
09024011	
09024012	
09024013	
09024014	
09024015	
09024016	
09024017	
09024018	
09024019	
09024020	
09024021	
09024022	
09025001	
09025002	
09025003	
09025004	
09025005	
09025006	
09025007	
09025008	
09025009	
09025010	
09025011	
09025012	
09025013	
09025014	
09025015	
09025016	
09025017	
09025018	
09025019	
09025020	
09025021	
09025022	
09025023	
09025024	
09025025	
09025026	
09025027	
09025028	
09025029	
09025030	
09025031	
09025032	
09025033	
09025034	
09025035	
09025036	
09025037	
09025038	
09025039	
09025040	
09025041	
09025042	
09025043	
09025044	
09026001	
09026002	
09026003	
09026004	
09026005	
09026006	
09026007	
09026008	
09026009	
09026010	
09026011	
09026012	
09026013	
09026014	
09026015	
09026016	
09026017	
09026018	
09026019	
09026020	
09026021	
09026022	
09026023	
09026024	
09026025	
09027001	
09027002	
09027003	
09027004	
09027005	
09027006	
09027007	
09027008	
09027009	
09027010	
09027011	
09027012	
09028001	
09028002	
09028003	
09028004	
09028005	
09028006	
09028007	
09028008	
09028009	
09028010	
09028011	
09028012	
09028013	
09028014	
09028015	
09028016	
09028017	
09028018	
09028019	
09028020	
09028021	
09028022	
09028023	
09028024	
09028025	
09029001	
09029002	
09029003	
09029004	
09029005	
09029006	
09029007	
09029008	
09029009	
09029010	
09029011	
09030001	
09030002	
09030003	
09030004	
09030005	
09030006	
09030007	
09030008	
09030009	
09030010	
09030011	
09030012	
09030013	
09030014	
09030015	
09030016	
09030017	
09030018	
09030019	
09030020	
09030021	
09030022	
09030023	
09030024	
09030025	
09030026	
09030027	
09030028	
09030029	
09030030	
09030031	
09031001	
09031002	
09031003	
09031004	
09031005	
09031006	
09031007	
09031008	
09031009	
09031010	
09031011	
09031012	
09031013	
10001001	
10001002	
10001003	
10001004	
10001005	
10001006	
10001007	
10001008	
10001009	
10001010	
10001011	
10001012	
10001013	
10001014	
10001015	
10001016	
10001017	
10001018	
10001019	
10001020	
10001021	
10001022	
10001023	
10001024	
10001025	
10001026	
10001027	
10002001	
10002002	
10002003	
10002004	
10002005	
10002006	
10002007	
10002008	
10002009	
10002010	
10002011	
10002012	
10002013	
10002014	
10002015	
10002016	
10002017	
10002018	
10002019	
10002020	
10002021	
10002022	
10002023	
10002024	
10002025	
10002026	
10002027	
10002028	
10002029	
10002030	
10002031	
10002032	
10003001	
10003002	
10003003	
10003004	
10003005	
10003006	
10003007	
10003008	
10003009	
10003010	
10003011	
10003012	
10003013	
10003014	
10003015	
10003016	
10003017	
10003018	
10003019	
10003020	
10003021	
10003022	
10003023	
10003024	
10003025	
10003026	
10003027	
10003028	
10003029	
10003030	
10003031	
10003032	
10003033	
10003034	
10003035	
10003036	
10003037	
10003038	
10003039	
10004001	
10004002	
10004003	
10004004	
10004005	
10004006	
10004007	
10004008	
10004009	
10004010	
10004011	
10004012	
10005001	
10005002	
10005003	
10005004	
10005005	
10005006	
10005007	
10005008	
10005009	
10005010	
10005011	
10005012	
10005013	
10005014	
10005015	
10005016	
10005017	
10005018	
10005019	
10005020	
10005021	
10005022	
10005023	
10005024	
10005025	
10006001	
10006002	
10006003	
10006004	
10006005	
10006006	
10006007	
10006008	
10006009	
10006010	
10006011	
10006012	
10006013	
10006014	
10006015	
10006016	
10006017	
10006018	
10006019	
10006020	
10006021	
10006022	
10006023	
10007001	
10007002	
10007003	
10007004	
10007005	
10007006	
10007007	
10007008	
10007009	
10007010	
10007011	
10007012	
10007013	
10007014	
10007015	
10007016	
10007017	
10007018	
10007019	
10007020	
10007021	
10007022	
10007023	
10007024	
10007025	
10007026	
10007027	
10007028	
10007029	
10008001	
10008002	
10008003	
10008004	
10008005	
10008006	
10008007	
10008008	
10008009	
10008010	
10008011	
10008012	
10008013	
10008014	
10008015	
10008016	
10008017	
10008018	
10009001	
10009002	
10009003	
10009004	
10009005	
10009006	
10009007	
10009008	
10009009	
10009010	
10009011	
10009012	
10009013	
10010001	
10010002	
10010003	
10010004	
10010005	
10010006	
10010007	
10010008	
10010009	
10010010	
10010011	
10010012	
10010013	
10010014	
10010015	
10010016	
10010017	
10010018	
10010019	
10011001	
10011002	
10011003	
10011004	
10011005	
10011006	
10011007	
10011008	
10011009	
10011010	
10011011	
10011012	
10011013	
10011014	
10011015	
10011016	
10011017	
10011018	
10011019	
10011020	
10011021	
10011022	
10011023	
10011024	
10011025	
10011026	
10011027	
10012001	
10012002	
10012003	
10012004	
10012005	
10012006	
10012007	
10012008	
10012009	
10012010	
10012011	
10012012	
10012013	
10012014	
10012015	
10012016	
10012017	
10012018	
10012019	
10012020	
10012021	
10012022	
10012023	
10012024	
10012025	
10012026	
10012027	
10012028	
10012029	
10012030	
10012031	
10013001	
10013002	
10013003	
10013004	
10013005	
10013006	
10013007	
10013008	
10013009	
10013010	
10013011	
10013012	
10013013	
10013014	
10013015	
10013016	
10013017	
10013018	
10013019	
10013020	
10013021	
10013022	
10013023	
10013024	
10013025	
10013026	
10013027	
10013028	
10013029	
10013030	
10013031	
10013032	
10013033	
10013034	
10013035	
10013036	
10013037	
10013038	
10013039	
10014001	
10014002	
10014003	
10014004	
10014005	
10014006	
10014007	
10014008	
10014009	
10014010	
10014011	
10014012	
10014013	
10014014	
10014015	
10014016	
10014017	
10014018	
10014019	
10014020	
10014021	
10014022	
10014023	
10014024	
10014025	
10014026	
10014027	
10014028	
10014029	
10014030	
10014031	
10014032	
10014033	
10015001	
10015002	
10015003	
10015004	
10015005	
10015006	
10015007	
10015008	
10015009	
10015010	
10015011	
10015012	
10015013	
10015014	
10015015	
10015016	
10015017	
10015018	
10015019	
10015020	
10015021	
10015022	
10015023	
10015024	
10015025	
10015026	
10015027	
10015028	
10015029	
10015030	
10015031	
10015032	
10015033	
10015034	
10015035	
10015036	
10015037	
10016001	
10016002	
10016003	
10016004	
10016005	
10016006	
10016007	
10016008	
10016009	
10016010	
10016011	
10016012	
10016013	
10016014	
10016015	
10016016	
10016017	
10016018	
10016019	
10016020	
10016021	
10016022	
10016023	
10017001	
10017002	
10017003	
10017004	
10017005	
10017006	
10017007	
10017008	
10017009	
10017010	
10017011	
10017012	
10017013	
10017014	
10017015	
10017016	
10017017	
10017018	
10017019	
10017020	
10017021	
10017022	
10017023	
10017024	
10017025	
10017026	
10017027	
10017028	
10017029	
10018001	
10018002	
10018003	
10018004	
10018005	
10018006	
10018007	
10018008	
10018009	
10018010	
10018011	
10018012	
10018013	
10018014	
10018015	
10018016	
10018017	
10018018	
10018019	
10018020	
10018021	
10018022	
10018023	
10018024	
10018025	
10018026	
10018027	
10018028	
10018029	
10018030	
10018031	
10018032	
10018033	
10019001	
10019002	
10019003	
10019004	
10019005	
10019006	
10019007	
10019008	
10019009	
10019010	
10019011	
10019012	
10019013	
10019014	
10019015	
10019016	
10019017	
10019018	
10019019	
10019020	
10019021	
10019022	
10019023	
10019024	
10019025	
10019026	
10019027	
10019028	
10019029	
10019030	
10019031	
10019032	
10019033	
10019034	
10019035	
10019036	
10019037	
10019038	
10019039	
10019040	
10019041	
10019042	
10019043	
10020001	
10020002	
10020003	
10020004	
10020005	
10020006	
10020007	
10020008	
10020009	
10020010	
10020011	
10020012	
10020013	
10020014	
10020015	
10020016	
10020017	
10020018	
10020019	
10020020	
10020021	
10020022	
10020023	
10020024	
10020025	
10020026	
10021001	
10021002	
10021003	
10021004	
10021005	
10021006	
10021007	
10021008	
10021009	
10021010	
10021011	
10021012	
10021013	
10021014	
10021015	
10021016	
10021017	
10021018	
10021019	
10021020	
10021021	
10021022	
10022001	
10022002	
10022003	
10022004	
10022005	
10022006	
10022007	
10022008	
10022009	
10022010	
10022011	
10022012	
10022013	
10022014	
10022015	
10022016	
10022017	
10022018	
10022019	
10022020	
10022021	
10022022	
10022023	
10022024	
10022025	
10022026	
10022027	
10022028	
10022029	
10022030	
10022031	
10022032	
10022033	
10022034	
10022035	
10022036	
10022037	
10022038	
10022039	
10022040	
10022041	
10022042	
10022043	
10022044	
10022045	
10022046	
10022047	
10022048	
10022049	
10022050	
10022051	
10023001	
10023002	
10023003	
10023004	
10023005	
10023006	
10023007	
10023008	
10023009	
10023010	
10023011	
10023012	
10023013	
10023014	
10023015	
10023016	
10023017	
10023018	
10023019	
10023020	
10023021	
10023022	
10023023	
10023024	
10023025	
10023026	
10023027	
10023028	
10023029	
10023030	
10023031	
10023032	
10023033	
10023034	
10023035	
10023036	
10023037	
10023038	
10023039	
10024001	
10024002	
10024003	
10024004	
10024005	
10024006	
10024007	
10024008	
10024009	
10024010	
10024011	
10024012	
10024013	
10024014	
10024015	
10024016	
10024017	
10024018	
10024019	
10024020	
10024021	
10024022	
10024023	
10024024	
10024025	
11001001	
11001002	
11001003	
11001004	
11001005	
11001006	
11001007	
11001008	
11001009	
11001010	
11001011	
11001012	
11001013	
11001014	
11001015	
11001016	
11001017	
11001018	
11001019	
11001020	
11001021	
11001022	
11001023	
11001024	
11001025	
11001026	
11001027	
11001028	
11001029	
11001030	
11001031	
11001032	
11001033	
11001034	
11001035	
11001036	
11001037	
11001038	
11001039	
11001040	
11001041	
11001042	
11001043	
11001044	
11001045	
11001046	
11001047	
11001048	
11001049	
11001050	
11001051	
11001052	
11001053	
11002001	
11002002	
11002003	
11002004	
11002005	
11002006	
11002007	
11002008	
11002009	
11002010	
11002011	
11002012	
11002013	
11002014	
11002015	
11002016	
11002017	
11002018	
11002019	
11002020	
11002021	
11002022	
11002023	
11002024	
11002025	
11002026	
11002027	
11002028	
11002029	
11002030	
11002031	
11002032	
11002033	
11002034	
11002035	
11002036	
11002037	
11002038	
11002039	
11002040	
11002041	
11002042	
11002043	
11002044	
11002045	
11002046	
11003001	
11003002	
11003003	
11003004	
11003005	
11003006	
11003007	
11003008	
11003009	
11003010	
11003011	
11003012	
11003013	
11003014	
11003015	
11003016	
11003017	
11003018	
11003019	
11003020	
11003021	
11003022	
11003023	
11003024	
11003025	
11003026	
11003027	
11003028	
11004001	
11004002	
11004003	
11004004	
11004005	
11004006	
11004007	
11004008	
11004009	
11004010	
11004011	
11004012	
11004013	
11004014	
11004015	
11004016	
11004017	
11004018	
11004019	
11004020	
11004021	
11004022	
11004023	
11004024	
11004025	
11004026	
11004027	
11004028	
11004029	
11004030	
11004031	
11004032	
11004033	
11004034	
11005001	
11005002	
11005003	
11005004	
11005005	
11005006	
11005007	
11005008	
11005009	
11005010	
11005011	
11005012	
11005013	
11005014	
11005015	
11005016	
11005017	
11005018	
11006001	
11006002	
11006003	
11006004	
11006005	
11006006	
11006007	
11006008	
11006009	
11006010	
11006011	
11006012	
11006013	
11006014	
11006015	
11006016	
11006017	
11006018	
11006019	
11006020	
11006021	
11006022	
11006023	
11006024	
11006025	
11006026	
11006027	
11006028	
11006029	
11006030	
11006031	
11006032	
11006033	
11006034	
11006035	
11006036	
11006037	
11006038	
11007001	
11007002	
11007003	
11007004	
11007005	
11007006	
11007007	
11007008	
11007009	
11007010	
11007011	
11007012	
11007013	
11007014	
11007015	
11007016	
11007017	
11007018	
11007019	
11007020	
11007021	
11007022	
11007023	
11007024	
11007025	
11007026	
11007027	
11007028	
11007029	
11007030	
11007031	
11007032	
11007033	
11007034	
11007035	
11007036	
11007037	
11007038	
11007039	
11007040	
11007041	
11007042	
11007043	
11007044	
11007045	
11007046	
11007047	
11007048	
11007049	
11007050	
11007051	
11008001	
11008002	
11008003	
11008004	
11008005	
11008006	
11008007	
11008008	
11008009	
11008010	
11008011	
11008012	
11008013	
11008014	
11008015	
11008016	
11008017	
11008018	
11008019	
11008020	
11008021	
11008022	
11008023	
11008024	
11008025	
11008026	
11008027	
11008028	
11008029	
11008030	
11008031	
11008032	
11008033	
11008034	
11008035	
11008036	
11008037	
11008038	
11008039	
11008040	
11008041	
11008042	
11008043	
11008044	
11008045	
11008046	
11008047	
11008048	
11008049	
11008050	
11008051	
11008052	
11008053	
11008054	
11008055	
11008056	
11008057	
11008058	
11008059	
11008060	
11008061	
11008062	
11008063	
11008064	
11008065	
11008066	
11009001	
11009002	
11009003	
11009004	
11009005	
11009006	
11009007	
11009008	
11009009	
11009010	
11009011	
11009012	
11009013	
11009014	
11009015	
11009016	
11009017	
11009018	
11009019	
11009020	
11009021	
11009022	
11009023	
11009024	
11009025	
11009026	
11009027	
11009028	
11010001	
11010002	
11010003	
11010004	
11010005	
11010006	
11010007	
11010008	
11010009	
11010010	
11010011	
11010012	
11010013	
11010014	
11010015	
11010016	
11010017	
11010018	
11010019	
11010020	
11010021	
11010022	
11010023	
11010024	
11010025	
11010026	
11010027	
11010028	
11010029	
11011001	
11011002	
11011003	
11011004	
11011005	
11011006	
11011007	
11011008	
11011009	
11011010	
11011011	
11011012	
11011013	
11011014	
11011015	
11011016	
11011017	
11011018	
11011019	
11011020	
11011021	
11011022	
11011023	
11011024	
11011025	
11011026	
11011027	
11011028	
11011029	
11011030	
11011031	
11011032	
11011033	
11011034	
11011035	
11011036	
11011037	
11011038	
11011039	
11011040	
11011041	
11011042	
11011043	
11012001	
11012002	
11012003	
11012004	
11012005	
11012006	
11012007	
11012008	
11012009	
11012010	
11012011	
11012012	
11012013	
11012014	
11012015	
11012016	
11012017	
11012018	
11012019	
11012020	
11012021	
11012022	
11012023	
11012024	
11012025	
11012026	
11012027	
11012028	
11012029	
11012030	
11012031	
11012032	
11012033	
11013001	
11013002	
11013003	
11013004	
11013005	
11013006	
11013007	
11013008	
11013009	
11013010	
11013011	
11013012	
11013013	
11013014	
11013015	
11013016	
11013017	
11013018	
11013019	
11013020	
11013021	
11013022	
11013023	
11013024	
11013025	
11013026	
11013027	
11013028	
11013029	
11013030	
11013031	
11013032	
11013033	
11013034	
11014001	
11014002	
11014003	
11014004	
11014005	
11014006	
11014007	
11014008	
11014009	
11014010	
11014011	
11014012	
11014013	
11014014	
11014015	
11014016	
11014017	
11014018	
11014019	
11014020	
11014021	
11014022	
11014023	
11014024	
11014025	
11014026	
11014027	
11014028	
11014029	
11014030	
11014031	
11015001	
11015002	
11015003	
11015004	
11015005	
11015006	
11015007	
11015008	
11015009	
11015010	
11015011	
11015012	
11015013	
11015014	
11015015	
11015016	
11015017	
11015018	
11015019	
11015020	
11015021	
11015022	
11015023	
11015024	
11015025	
11015026	
11015027	
11015028	
11015029	
11015030	
11015031	
11015032	
11015033	
11015034	
11016001	
11016002	
11016003	
11016004	
11016005	
11016006	
11016007	
11016008	
11016009	
11016010	
11016011	
11016012	
11016013	
11016014	
11016015	
11016016	
11016017	
11016018	
11016019	
11016020	
11016021	
11016022	
11016023	
11016024	
11016025	
11016026	
11016027	
11016028	
11016029	
11016030	
11016031	
11016032	
11016033	
11016034	
11017001	
11017002	
11017003	
11017004	
11017005	
11017006	
11017007	
11017008	
11017009	
11017010	
11017011	
11017012	
11017013	
11017014	
11017015	
11017016	
11017017	
11017018	
11017019	
11017020	
11017021	
11017022	
11017023	
11017024	
11018001	
11018002	
11018003	
11018004	
11018005	
11018006	
11018007	
11018008	
11018009	
11018010	
11018011	
11018012	
11018013	
11018014	
11018015	
11018016	
11018017	
11018018	
11018019	
11018020	
11018021	
11018022	
11018023	
11018024	
11018025	
11018026	
11018027	
11018028	
11018029	
11018030	
11018031	
11018032	
11018033	
11018034	
11018035	
11018036	
11018037	
11018038	
11018039	
11018040	
11018041	
11018042	
11018043	
11018044	
11018045	
11018046	
11019001	
11019002	
11019003	
11019004	
11019005	
11019006	
11019007	
11019008	
11019009	
11019010	
11019011	
11019012	
11019013	
11019014	
11019015	
11019016	
11019017	
11019018	
11019019	
11019020	
11019021	
11020001	
11020002	
11020003	
11020004	
11020005	
11020006	
11020007	
11020008	
11020009	
11020010	
11020011	
11020012	
11020013	
11020014	
11020015	
11020016	
11020017	
11020018	
11020019	
11020020	
11020021	
11020022	
11020023	
11020024	
11020025	
11020026	
11020027	
11020028	
11020029	
11020030	
11020031	
11020032	
11020033	
11020034	
11020035	
11020036	
11020037	
11020038	
11020039	
11020040	
11020041	
11020042	
11020043	
11021001	
11021002	
11021003	
11021004	
11021005	
11021006	
11021007	
11021008	
11021009	
11021010	
11021011	
11021012	
11021013	
11021014	
11021015	
11021016	
11021017	
11021018	
11021019	
11021020	
11021021	
11021022	
11021023	
11021024	
11021025	
11021026	
11021027	
11021028	
11021029	
11022001	
11022002	
11022003	
11022004	
11022005	
11022006	
11022007	
11022008	
11022009	
11022010	
11022011	
11022012	
11022013	
11022014	
11022015	
11022016	
11022017	
11022018	
11022019	
11022020	
11022021	
11022022	
11022023	
11022024	
11022025	
11022026	
11022027	
11022028	
11022029	
11022030	
11022031	
11022032	
11022033	
11022034	
11022035	
11022036	
11022037	
11022038	
11022039	
11022040	
11022041	
11022042	
11022043	
11022044	
11022045	
11022046	
11022047	
11022048	
11022049	
11022050	
11022051	
11022052	
11022053	
11022054	
12001001	
12001002	
12001003	
12001004	
12001005	
12001006	
12001007	
12001008	
12001009	
12001010	
12001011	
12001012	
12001013	
12001014	
12001015	
12001016	
12001017	
12001018	
12002001	
12002002	
12002003	
12002004	
12002005	
12002006	
12002007	
12002008	
12002009	
12002010	
12002011	
12002012	
12002013	
12002014	
12002015	
12002016	
12002017	
12002018	
12002019	
12002020	
12002021	
12002022	
12002023	
12002024	
12002025	
12003001	
12003002	
12003003	
12003004	
12003005	
12003006	
12003007	
12003008	
12003009	
12003010	
12003011	
12003012	
12003013	
12003014	
12003015	
12003016	
12003017	
12003018	
12003019	
12003020	
12003021	
12003022	
12003023	
12003024	
12003025	
12003026	
12003027	
12004001	
12004002	
12004003	
12004004	
12004005	
12004006	
12004007	
12004008	
12004009	
12004010	
12004011	
12004012	
12004013	
12004014	
12004015	
12004016	
12004017	
12004018	
12004019	
12004020	
12004021	
12004022	
12004023	
12004024	
12004025	
12004026	
12004027	
12004028	
12004029	
12004030	
12004031	
12004032	
12004033	
12004034	
12004035	
12004036	
12004037	
12004038	
12004039	
12004040	
12004041	
12004042	
12004043	
12004044	
12005001	
12005002	
12005003	
12005004	
12005005	
12005006	
12005007	
12005008	
12005009	
12005010	
12005011	
12005012	
12005013	
12005014	
12005015	
12005016	
12005017	
12005018	
12005019	
12005020	
12005021	
12005022	
12005023	
12005024	
12005025	
12005026	
12005027	
12006001	
12006002	
12006003	
12006004	
12006005	
12006006	
12006007	
12006008	
12006009	
12006010	
12006011	
12006012	
12006013	
12006014	
12006015	
12006016	
12006017	
12006018	
12006019	
12006020	
12006021	
12006022	
12006023	
12006024	
12006025	
12006026	
12006027	
12006028	
12006029	
12006030	
12006031	
12006032	
12006033	
12007001	
12007002	
12007003	
12007004	
12007005	
12007006	
12007007	
12007008	
12007009	
12007010	
12007011	
12007012	
12007013	
12007014	
12007015	
12007016	
12007017	
12007018	
12007019	
12007020	
12008001	
12008002	
12008003	
12008004	
12008005	
12008006	
12008007	
12008008	
12008009	
12008010	
12008011	
12008012	
12008013	
12008014	
12008015	
12008016	
12008017	
12008018	
12008019	
12008020	
12008021	
12008022	
12008023	
12008024	
12008025	
12008026	
12008027	
12008028	
12008029	
12009001	
12009002	
12009003	
12009004	
12009005	
12009006	
12009007	
12009008	
12009009	
12009010	
12009011	
12009012	
12009013	
12009014	
12009015	
12009016	
12009017	
12009018	
12009019	
12009020	
12009021	
12009022	
12009023	
12009024	
12009025	
12009026	
12009027	
12009028	
12009029	
12009030	
12009031	
12009032	
12009033	
12009034	
12009035	
12009036	
12009037	
12010001	
12010002	
12010003	
12010004	
12010005	
12010006	
12010007	
12010008	
12010009	
12010010	
12010011	
12010012	
12010013	
12010014	
12010015	
12010016	
12010017	
12010018	
12010019	
12010020	
12010021	
12010022	
12010023	
12010024	
12010025	
12010026	
12010027	
12010028	
12010029	
12010030	
12010031	
12010032	
12010033	
12010034	
12010035	
12010036	
12011001	
12011002	
12011003	
12011004	
12011005	
12011006	
12011007	
12011008	
12011009	
12011010	
12011011	
12011012	
12011013	
12011014	
12011015	
12011016	
12011017	
12011018	
12011019	
12011020	
12012001	
12012002	
12012003	
12012004	
12012005	
12012006	
12012007	
12012008	
12012009	
12012010	
12012011	
12012012	
12012013	
12012014	
12012015	
12012016	
12012017	
12012018	
12012019	
12012020	
12012021	
12012022	
12013001	
12013002	
12013003	
12013004	
12013005	
12013006	
12013007	
12013008	
12013009	
12013010	
12013011	
12013012	
12013013	
12013014	
12013015	
12013016	
12013017	
12013018	
12013019	
12013020	
12013021	
12013022	
12013023	
12013024	
12013025	
12014001	
12014002	
12014003	
12014004	
12014005	
12014006	
12014007	
12014008	
12014009	
12014010	
12014011	
12014012	
12014013	
12014014	
12014015	
12014016	
12014017	
12014018	
12014019	
12014020	
12014021	
12014022	
12014023	
12014024	
12014025	
12014026	
12014027	
12014028	
12014029	
12015001	
12015002	
12015003	
12015004	
12015005	
12015006	
12015007	
12015008	
12015009	
12015010	
12015011	
12015012	
12015013	
12015014	
12015015	
12015016	
12015017	
12015018	
12015019	
12015020	
12015021	
12015022	
12015023	
12015024	
12015025	
12015026	
12015027	
12015028	
12015029	
12015030	
12015031	
12015032	
12015033	
12015034	
12015035	
12015036	
12015037	
12015038	
12016001	
12016002	
12016003	
12016004	
12016005	
12016006	
12016007	
12016008	
12016009	
12016010	
12016011	
12016012	
12016013	
12016014	
12016015	
12016016	
12016017	
12016018	
12016019	
12016020	
12017001	
12017002	
12017003	
12017004	
12017005	
12017006	
12017007	
12017008	
12017009	
12017010	
12017011	
12017012	
12017013	
12017014	
12017015	
12017016	
12017017	
12017018	
12017019	
12017020	
12017021	
12017022	
12017023	
12017024	
12017025	
12017026	
12017027	
12017028	
12017029	
12017030	
12017031	
12017032	
12017033	
12017034	
12017035	
12017036	
12017037	
12017038	
12017039	
12017040	
12017041	
12018001	
12018002	
12018003	
12018004	
12018005	
12018006	
12018007	
12018008	
12018009	
12018010	
12018011	
12018012	
12018013	
12018014	
12018015	
12018016	
12018017	
12018018	
12018019	
12018020	
12018021	
12018022	
12018023	
12018024	
12018025	
12018026	
12018027	
12018028	
12018029	
12018030	
12018031	
12018032	
12018033	
12018034	
12018035	
12018036	
12018037	
12019001	
12019002	
12019003	
12019004	
12019005	
12019006	
12019007	
12019008	
12019009	
12019010	
12019011	
12019012	
12019013	
12019014	
12019015	
12019016	
12019017	
12019018	
12019019	
12019020	
12019021	
12019022	
12019023	
12019024	
12019025	
12019026	
12019027	
12019028	
12019029	
12019030	
12019031	
12019032	
12019033	
12019034	
12019035	
12019036	
12019037	
12020001	
12020002	
12020003	
12020004	
12020005	
12020006	
12020007	
12020008	
12020009	
12020010	
12020011	
12020012	
12020013	
12020014	
12020015	
12020016	
12020017	
12020018	
12020019	
12020020	
12020021	
12021001	
12021002	
12021003	
12021004	
12021005	
12021006	
12021007	
12021008	
12021009	
12021010	
12021011	
12021012	
12021013	
12021014	
12021015	
12021016	
12021017	
12021018	
12021019	
12021020	
12021021	
12021022	
12021023	
12021024	
12021025	
12021026	
12022001	
12022002	
12022003	
12022004	
12022005	
12022006	
12022007	
12022008	
12022009	
12022010	
12022011	
12022012	
12022013	
12022014	
12022015	
12022016	
12022017	
12022018	
12022019	
12022020	
12023001	
12023002	
12023003	
12023004	
12023005	
12023006	
12023007	
12023008	
12023009	
12023010	
12023011	
12023012	
12023013	
12023014	
12023015	
12023016	
12023017	
12023018	
12023019	
12023020	
12023021	
12023022	
12023023	
12023024	
12023025	
12023026	
12023027	
12023028	
12023029	
12023030	
12023031	
12023032	
12023033	
12023034	
12023035	
12023036	
12023037	
12024001	
12024002	
12024003	
12024004	
12024005	
12024006	
12024007	
12024008	
12024009	
12024010	
12024011	
12024012	
12024013	
12024014	
12024015	
12024016	
12024017	
12024018	
12024019	
12024020	
12025001	
12025002	
12025003	
12025004	
12025005	
12025006	
12025007	
12025008	
12025009	
12025010	
12025011	
12025012	
12025013	
12025014	
12025015	
12025016	
12025017	
12025018	
12025019	
12025020	
12025021	
12025022	
12025023	
12025024	
12025025	
12025026	
12025027	
12025028	
12025029	
12025030	
17001001	
17001002	
17001003	
17001004	
17001005	
17001006	
17001007	
17001008	
17001009	
17001010	
17001011	
17001012	
17001013	
17001014	
17001015	
17001016	
17001017	
17001018	
17001019	
17001020	
17001021	
17001022	
17002001	
17002002	
17002003	
17002004	
17002005	
17002006	
17002007	
17002008	
17002009	
17002010	
17002011	
17002012	
17002013	
17002014	
17002015	
17002016	
17002017	
17002018	
17002019	
17002020	
17002021	
17002022	
17002023	
17003001	
17003002	
17003003	
17003004	
17003005	
17003006	
17003007	
17003008	
17003009	
17003010	
17003011	
17003012	
17003013	
17003014	
17003015	
17004001	
17004002	
17004003	
17004004	
17004005	
17004006	
17004007	
17004008	
17004009	
17004010	
17004011	
17004012	
17004013	
17004014	
17004015	
17004016	
17004017	
17005001	
17005002	
17005003	
17005004	
17005005	
17005006	
17005007	
17005008	
17005009	
17005010	
17005011	
17005012	
17005013	
17005014	
17006001	
17006002	
17006003	
17006004	
17006005	
17006006	
17006007	
17006008	
17006009	
17006010	
17006011	
17006012	
17006013	
17006014	
17007001	
17007002	
17007003	
17007004	
17007005	
17007006	
17007007	
17007008	
17007009	
17007010	
17008001	
17008002	
17008003	
17008004	
17008005	
17008006	
17008007	
17008008	
17008009	
17008010	
17008011	
17008012	
17008013	
17008014	
17008015	
17008016	
17008017	
17009001	
17009002	
17009003	
17009004	
17009005	
17009006	
17009007	
17009008	
17009009	
17009010	
17009011	
17009012	
17009013	
17009014	
17009015	
17009016	
17009017	
17009018	
17009019	
17009020	
17009021	
17009022	
17009023	
17009024	
17009025	
17009026	
17009027	
17009028	
17009029	
17009030	
17009031	
17009032	
17010001	
17010002	
17010003	
32001001	
32001002	
32001003	
32001004	
32001005	
32001006	
32001007	
32001008	
32001009	
32001010	
32001011	
32001012	
32001013	
32001014	
32001015	
32001016	
32002001	
32002002	
32002003	
32002004	
32002005	
32002006	
32002007	
32002008	
32002009	
32002010	
32002011	
32003001	
32003002	
32003003	
32003004	
32003005	
32003006	
32003007	
32003008	
32003009	
32003010	
32004001	
32004002	
32004003	
32004004	
32004005	
32004006	
32004007	
32004008	
32004009	
32004010	
32004011	
