01001001	
01001002	
01001003	
01001004	
01001005	
01001006	
01001007	
01001008	
01001009	
01001010	
01001011	
01001012	
01001013	
01001014	
01001015	
01001016	
01001017	
01001018	
01001019	
01001020	
01001021	
01001022	
01001023	
01001024	
01001025	
01001026	
01001027	
01001028	
01001029	
01001030	
01001031	
01002001	
01002002	
01002003	
01002004	
01002005	
01002006	
01002007	
01002008	
01002009	
01002010	
01002011	
01002012	
01002013	
01002014	
01002015	
01002016	
01002017	
01002018	
01002019	
01002020	
01002021	
01002022	
01002023	
01002024	
01002025	
01003001	
01003002	
01003003	
01003004	
01003005	
01003006	
01003007	
01003008	
01003009	
01003010	
01003011	
01003012	
01003013	
01003014	
01003015	
01003016	
01003017	
01003018	
01003019	
01003020	
01003021	
01003022	
01003023	
01003024	
01004001	
01004002	
01004003	
01004004	
01004005	
01004006	
01004007	
01004008	
01004009	
01004010	
01004011	
01004012	
01004013	
01004014	
01004015	
01004016	
01004017	
01004018	
01004019	
01004020	
01004021	
01004022	
01004023	
01004024	
01004025	
01004026	
01005001	
01005002	
01005003	
01005004	
01005005	
01005006	
01005007	
01005008	
01005009	
01005010	
01005011	
01005012	
01005013	
01005014	
01005015	
01005016	
01005017	
01005018	
01005019	
01005020	
01005021	
01005022	
01005023	
01005024	
01005025	
01005026	
01005027	
01005028	
01005029	
01005030	
01005031	
01005032	
01006001	
01006002	
01006003	
01006004	
01006005	
01006006	
01006007	
01006008	
01006009	
01006010	
01006011	
01006012	
01006013	
01006014	
01006015	
01006016	
01006017	
01006018	
01006019	
01006020	
01006021	
01006022	
01007001	
01007002	
01007003	
01007004	
01007005	
01007006	
01007007	
01007008	
01007009	
01007010	
01007011	
01007012	
01007013	
01007014	
01007015	
01007016	
01007017	
01007018	
01007019	
01007020	
01007021	
01007022	
01007023	
01007024	
01008001	
01008002	
01008003	
01008004	
01008005	
01008006	
01008007	
01008008	
01008009	
01008010	
01008011	
01008012	
01008013	
01008014	
01008015	
01008016	
01008017	
01008018	
01008019	
01008020	
01008021	
01008022	
01009001	
01009002	
01009003	
01009004	
01009005	
01009006	
01009007	
01009008	
01009009	
01009010	
01009011	
01009012	
01009013	
01009014	
01009015	
01009016	
01009017	
01009018	
01009019	
01009020	
01009021	
01009022	
01009023	
01009024	
01009025	
01009026	
01009027	
01009028	
01009029	
01010001	
01010002	
01010003	
01010004	
01010005	
01010006	
01010007	
01010008	
01010009	
01010010	
01010011	
01010012	
01010013	
01010014	
01010015	
01010016	
01010017	
01010018	
01010019	
01010020	
01010021	
01010022	
01010023	
01010024	
01010025	
01010026	
01010027	
01010028	
01010029	
01010030	
01010031	
01010032	
01011001	
01011002	
01011003	
01011004	
01011005	
01011006	
01011007	
01011008	
01011009	
01011010	
01011011	
01011012	
01011013	
01011014	
01011015	
01011016	
01011017	
01011018	
01011019	
01011020	
01011021	
01011022	
01011023	
01011024	
01011025	
01011026	
01011027	
01011028	
01011029	
01011030	
01011031	
01011032	
01012001	
01012002	
01012003	
01012004	
01012005	
01012006	
01012007	
01012008	
01012009	
01012010	
01012011	
01012012	
01012013	
01012014	
01012015	
01012016	
01012017	
01012018	
01012019	
01012020	
01013001	
01013002	
01013003	
01013004	
01013005	
01013006	
01013007	
01013008	
01013009	
01013010	
01013011	
01013012	
01013013	
01013014	
01013015	
01013016	
01013017	
01013018	
01014001	
01014002	
01014003	
01014004	
01014005	
01014006	
01014007	
01014008	
01014009	
01014010	
01014011	
01014012	
01014013	
01014014	
01014015	
01014016	
01014017	
01014018	
01014019	
01014020	
01014021	
01014022	
01014023	
01015001	
01015002	
01015003	
01015004	
01015005	
01015006	
01015007	
01015008	
01015009	
01015010	
01015011	
01015012	
01015013	
01015014	
01015015	
01015016	
01015017	
01015018	
01015019	
01015020	
01016001	
01016002	
01016003	
01016004	
01016005	
01016006	
01016007	
01016008	
01016009	
01016010	
01016011	
01016012	
01016013	
01016014	
01016015	
01016016	
01017001	
01017002	
01017003	
01017004	
01017005	
01017006	
01017007	
01017008	
01017009	
01017010	
01017011	
01017012	
01017013	
01017014	
01017015	
01017016	
01017017	
01017018	
01017019	
01017020	
01017021	
01017022	
01017023	
01017024	
01017025	
01017026	
01017027	
01018001	
01018002	
01018003	
01018004	
01018005	
01018006	
01018007	
01018008	
01018009	
01018010	
01018011	
01018012	
01018013	
01018014	
01018015	
01018016	
01018017	
01018018	
01018019	
01018020	
01018021	
01018022	
01018023	
01018024	
01018025	
01018026	
01018027	
01018028	
01018029	
01018030	
01018031	
01018032	
01018033	
01019001	
01019002	
01019003	
01019004	
01019005	
01019006	
01019007	
01019008	
01019009	
01019010	
01019011	
01019012	
01019013	
01019014	
01019015	
01019016	
01019017	
01019018	
01019019	
01019020	
01019021	
01019022	
01019023	
01019024	
01019025	
01019026	
01019027	
01019028	
01019029	
01019030	
01019031	
01019032	
01019033	
01019034	
01019035	
01019036	
01019037	
01019038	
01020001	
01020002	
01020003	
01020004	
01020005	
01020006	
01020007	
01020008	
01020009	
01020010	
01020011	
01020012	
01020013	
01020014	
01020015	
01020016	
01020017	
01020018	
01021001	
01021002	
01021003	
01021004	
01021005	
01021006	
01021007	
01021008	
01021009	
01021010	
01021011	
01021012	
01021013	
01021014	
01021015	
01021016	
01021017	
01021018	
01021019	
01021020	
01021021	
01021022	
01021023	
01021024	
01021025	
01021026	
01021027	
01021028	
01021029	
01021030	
01021031	
01021032	
01021033	
01021034	
01022001	
01022002	
01022003	
01022004	
01022005	
01022006	
01022007	
01022008	
01022009	
01022010	
01022011	
01022012	
01022013	
01022014	
01022015	
01022016	
01022017	
01022018	
01022019	
01022020	
01022021	
01022022	
01022023	
01022024	
01023001	
01023002	
01023003	
01023004	
01023005	
01023006	
01023007	
01023008	
01023009	
01023010	
01023011	
01023012	
01023013	
01023014	
01023015	
01023016	
01023017	
01023018	
01023019	
01023020	
01024001	
01024002	
01024003	
01024004	
01024005	
01024006	
01024007	
01024008	
01024009	
01024010	
01024011	
01024012	
01024013	
01024014	
01024015	
01024016	
01024017	
01024018	
01024019	
01024020	
01024021	
01024022	
01024023	
01024024	
01024025	
01024026	
01024027	
01024028	
01024029	
01024030	
01024031	
01024032	
01024033	
01024034	
01024035	
01024036	
01024037	
01024038	
01024039	
01024040	
01024041	
01024042	
01024043	
01024044	
01024045	
01024046	
01024047	
01024048	
01024049	
01024050	
01024051	
01024052	
01024053	
01024054	
01024055	
01024056	
01024057	
01024058	
01024059	
01024060	
01024061	
01024062	
01024063	
01024064	
01024065	
01024066	
01024067	
01025001	
01025002	
01025003	
01025004	
01025005	
01025006	
01025007	
01025008	
01025009	
01025010	
01025011	
01025012	
01025013	
01025014	
01025015	
01025016	
01025017	
01025018	
01025019	
01025020	
01025021	
01025022	
01025023	
01025024	
01025025	
01025026	
01025027	
01025028	
01025029	
01025030	
01025031	
01025032	
01025033	
01025034	
01026001	
01026002	
01026003	
01026004	
01026005	
01026006	
01026007	
01026008	
01026009	
01026010	
01026011	
01026012	
01026013	
01026014	
01026015	
01026016	
01026017	
01026018	
01026019	
01026020	
01026021	
01026022	
01026023	
01026024	
01026025	
01026026	
01026027	
01026028	
01026029	
01026030	
01026031	
01026032	
01026033	
01026034	
01026035	
01027001	
01027002	
01027003	
01027004	
01027005	
01027006	
01027007	
01027008	
01027009	
01027010	
01027011	
01027012	
01027013	
01027014	
01027015	
01027016	
01027017	
01027018	
01027019	
01027020	
01027021	
01027022	
01027023	
01027024	
01027025	
01027026	
01027027	
01027028	
01027029	
01027030	
01027031	
01027032	
01027033	
01027034	
01027035	
01027036	
01027037	
01027038	
01027039	
01027040	
01027041	
01027042	
01027043	
01027044	
01027045	
01027046	
01028001	
01028002	
01028003	
01028004	
01028005	
01028006	
01028007	
01028008	
01028009	
01028010	
01028011	
01028012	
01028013	
01028014	
01028015	
01028016	
01028017	
01028018	
01028019	
01028020	
01028021	
01028022	
01029001	
01029002	
01029003	
01029004	
01029005	
01029006	
01029007	
01029008	
01029009	
01029010	
01029011	
01029012	
01029013	
01029014	
01029015	
01029016	
01029017	
01029018	
01029019	
01029020	
01029021	
01029022	
01029023	
01029024	
01029025	
01029026	
01029027	
01029028	
01029029	
01029030	
01029031	
01029032	
01029033	
01029034	
01029035	
01030001	
01030002	
01030003	
01030004	
01030005	
01030006	
01030007	
01030008	
01030009	
01030010	
01030011	
01030012	
01030013	
01030014	
01030015	
01030016	
01030017	
01030018	
01030019	
01030020	
01030021	
01030022	
01030023	
01030024	
01030025	
01030026	
01030027	
01030028	
01030029	
01030030	
01030031	
01030032	
01030033	
01030034	
01030035	
01030036	
01030037	
01030038	
01030039	
01030040	
01030041	
01030042	
01030043	
01031001	
01031002	
01031003	
01031004	
01031005	
01031006	
01031007	
01031008	
01031009	
01031010	
01031011	
01031012	
01031013	
01031014	
01031015	
01031016	
01031017	
01031018	
01031019	
01031020	
01031021	
01031022	
01031023	
01031024	
01031025	
01031026	
01031027	
01031028	
01031029	
01031030	
01031031	
01031032	
01031033	
01031034	
01031035	
01031036	
01031037	
01031038	
01031039	
01031040	
01031041	
01031042	
01031043	
01031044	
01031045	
01031046	
01031047	
01031048	
01031049	
01031050	
01031051	
01031052	
01031053	
01031054	
01031055	
01032001	
01032002	
01032003	
01032004	
01032005	
01032006	
01032007	
01032008	
01032009	
01032010	
01032011	
01032012	
01032013	
01032014	
01032015	
01032016	
01032017	
01032018	
01032019	
01032020	
01032021	
01032022	
01032023	
01032024	
01032025	
01032026	
01032027	
01032028	
01032029	
01032030	
01032031	
01032032	
01033001	
01033002	
01033003	
01033004	
01033005	
01033006	
01033007	
01033008	
01033009	
01033010	
01033011	
01033012	
01033013	
01033014	
01033015	
01033016	
01033017	
01033018	
01033019	
01033020	
01034001	
01034002	
01034003	
01034004	
01034005	
01034006	
01034007	
01034008	
01034009	
01034010	
01034011	
01034012	
01034013	
01034014	
01034015	
01034016	
01034017	
01034018	
01034019	
01034020	
01034021	
01034022	
01034023	
01034024	
01034025	
01034026	
01034027	
01034028	
01034029	
01034030	
01034031	
01035001	
01035002	
01035003	
01035004	
01035005	
01035006	
01035007	
01035008	
01035009	
01035010	
01035011	
01035012	
01035013	
01035014	
01035015	
01035016	
01035017	
01035018	
01035019	
01035020	
01035021	
01035022	
01035023	
01035024	
01035025	
01035026	
01035027	
01035028	
01035029	
01036001	
01036002	
01036003	
01036004	
01036005	
01036006	
01036007	
01036008	
01036009	
01036010	
01036011	
01036012	
01036013	
01036014	
01036015	
01036016	
01036017	
01036018	
01036019	
01036020	
01036021	
01036022	
01036023	
01036024	
01036025	
01036026	
01036027	
01036028	
01036029	
01036030	
01036031	
01036032	
01036033	
01036034	
01036035	
01036036	
01036037	
01036038	
01036039	
01036040	
01036041	
01036042	
01036043	
01037001	
01037002	
01037003	
01037004	
01037005	
01037006	
01037007	
01037008	
01037009	
01037010	
01037011	
01037012	
01037013	
01037014	
01037015	
01037016	
01037017	
01037018	
01037019	
01037020	
01037021	
01037022	
01037023	
01037024	
01037025	
01037026	
01037027	
01037028	
01037029	
01037030	
01037031	
01037032	
01037033	
01037034	
01037035	
01037036	
01038001	
01038002	
01038003	
01038004	
01038005	
01038006	
01038007	
01038008	
01038009	
01038010	
01038011	
01038012	
01038013	
01038014	
01038015	
01038016	
01038017	
01038018	
01038019	
01038020	
01038021	
01038022	
01038023	
01038024	
01038025	
01038026	
01038027	
01038028	
01038029	
01038030	
01039001	
01039002	
01039003	
01039004	
01039005	
01039006	
01039007	
01039008	
01039009	
01039010	
01039011	
01039012	
01039013	
01039014	
01039015	
01039016	
01039017	
01039018	
01039019	
01039020	
01039021	
01039022	
01039023	
01040001	
01040002	
01040003	
01040004	
01040005	
01040006	
01040007	
01040008	
01040009	
01040010	
01040011	
01040012	
01040013	
01040014	
01040015	
01040016	
01040017	
01040018	
01040019	
01040020	
01040021	
01040022	
01040023	
01041001	
01041002	
01041003	
01041004	
01041005	
01041006	
01041007	
01041008	
01041009	
01041010	
01041011	
01041012	
01041013	
01041014	
01041015	
01041016	
01041017	
01041018	
01041019	
01041020	
01041021	
01041022	
01041023	
01041024	
01041025	
01041026	
01041027	
01041028	
01041029	
01041030	
01041031	
01041032	
01041033	
01041034	
01041035	
01041036	
01041037	
01041038	
01041039	
01041040	
01041041	
01041042	
01041043	
01041044	
01041045	
01041046	
01041047	
01041048	
01041049	
01041050	
01041051	
01041052	
01041053	
01041054	
01041055	
01041056	
01041057	
01042001	
01042002	
01042003	
01042004	
01042005	
01042006	
01042007	
01042008	
01042009	
01042010	
01042011	
01042012	
01042013	
01042014	
01042015	
01042016	
01042017	
01042018	
01042019	
01042020	
01042021	
01042022	
01042023	
01042024	
01042025	
01042026	
01042027	
01042028	
01042029	
01042030	
01042031	
01042032	
01042033	
01042034	
01042035	
01042036	
01042037	
01042038	
01043001	
01043002	
01043003	
01043004	
01043005	
01043006	
01043007	
01043008	
01043009	
01043010	
01043011	
01043012	
01043013	
01043014	
01043015	
01043016	
01043017	
01043018	
01043019	
01043020	
01043021	
01043022	
01043023	
01043024	
01043025	
01043026	
01043027	
01043028	
01043029	
01043030	
01043031	
01043032	
01043033	
01043034	
01044001	
01044002	
01044003	
01044004	
01044005	
01044006	
01044007	
01044008	
01044009	
01044010	
01044011	
01044012	
01044013	
01044014	
01044015	
01044016	
01044017	
01044018	
01044019	
01044020	
01044021	
01044022	
01044023	
01044024	
01044025	
01044026	
01044027	
01044028	
01044029	
01044030	
01044031	
01044032	
01044033	
01044034	
01045001	
01045002	
01045003	
01045004	
01045005	
01045006	
01045007	
01045008	
01045009	
01045010	
01045011	
01045012	
01045013	
01045014	
01045015	
01045016	
01045017	
01045018	
01045019	
01045020	
01045021	
01045022	
01045023	
01045024	
01045025	
01045026	
01045027	
01045028	
01046001	
01046002	
01046003	
01046004	
01046005	
01046006	
01046007	
01046008	
01046009	
01046010	
01046011	
01046012	
01046013	
01046014	
01046015	
01046016	
01046017	
01046018	
01046019	
01046020	
01046021	
01046022	
01046023	
01046024	
01046025	
01046026	
01046027	
01046028	
01046029	
01046030	
01046031	
01046032	
01046033	
01046034	
01047001	
01047002	
01047003	
01047004	
01047005	
01047006	
01047007	
01047008	
01047009	
01047010	
01047011	
01047012	
01047013	
01047014	
01047015	
01047016	
01047017	
01047018	
01047019	
01047020	
01047021	
01047022	
01047023	
01047024	
01047025	
01047026	
01047027	
01047028	
01047029	
01047030	
01047031	
01048001	
01048002	
01048003	
01048004	
01048005	
01048006	
01048007	
01048008	
01048009	
01048010	
01048011	
01048012	
01048013	
01048014	
01048015	
01048016	
01048017	
01048018	
01048019	
01048020	
01048021	
01048022	
01049001	
01049002	
01049003	
01049004	
01049005	
01049006	
01049007	
01049008	
01049009	
01049010	
01049011	
01049012	
01049013	
01049014	
01049015	
01049016	
01049017	
01049018	
01049019	
01049020	
01049021	
01049022	
01049023	
01049024	
01049025	
01049026	
01049027	
01049028	
01049029	
01049030	
01049031	
01049032	
01049033	
01050001	
01050002	
01050003	
01050004	
01050005	
01050006	
01050007	
01050008	
01050009	
01050010	
01050011	
01050012	
01050013	
01050014	
01050015	
01050016	
01050017	
01050018	
01050019	
01050020	
01050021	
01050022	
01050023	
01050024	
01050025	
01050026	
02001001	
02001002	
02001003	
02001004	
02001005	
02001006	
02001007	
02001008	
02001009	
02001010	
02001011	
02001012	
02001013	
02001014	
02001015	
02001016	
02001017	
02001018	
02001019	
02001020	
02001021	
02001022	
02002001	
02002002	
02002003	
02002004	
02002005	
02002006	
02002007	
02002008	
02002009	
02002010	
02002011	
02002012	
02002013	
02002014	
02002015	
02002016	
02002017	
02002018	
02002019	
02002020	
02002021	
02002022	
02002023	
02002024	
02002025	
02003001	
02003002	
02003003	
02003004	
02003005	
02003006	
02003007	
02003008	
02003009	
02003010	
02003011	
02003012	
02003013	
02003014	
02003015	
02003016	
02003017	
02003018	
02003019	
02003020	
02003021	
02003022	
02004001	
02004002	
02004003	
02004004	
02004005	
02004006	
02004007	
02004008	
02004009	
02004010	
02004011	
02004012	
02004013	
02004014	
02004015	
02004016	
02004017	
02004018	
02004019	
02004020	
02004021	
02004022	
02004023	
02004024	
02004025	
02004026	
02004027	
02004028	
02004029	
02004030	
02004031	
02005001	
02005002	
02005003	
02005004	
02005005	
02005006	
02005007	
02005008	
02005009	
02005010	
02005011	
02005012	
02005013	
02005014	
02005015	
02005016	
02005017	
02005018	
02005019	
02005020	
02005021	
02005022	
02005023	
02006001	
02006002	
02006003	
02006004	
02006005	
02006006	
02006007	
02006008	
02006009	
02006010	
02006011	
02006012	
02006013	
02006014	
02006015	
02006016	
02006017	
02006018	
02006019	
02006020	
02006021	
02006022	
02006023	
02006024	
02006025	
02006026	
02006027	
02006028	
02006029	
02006030	
02007001	
02007002	
02007003	
02007004	
02007005	
02007006	
02007007	
02007008	
02007009	
02007010	
02007011	
02007012	
02007013	
02007014	
02007015	
02007016	
02007017	
02007018	
02007019	
02007020	
02007021	
02007022	
02007023	
02007024	
02007025	
02008001	
02008002	
02008003	
02008004	
02008005	
02008006	
02008007	
02008008	
02008009	
02008010	
02008011	
02008012	
02008013	
02008014	
02008015	
02008016	
02008017	
02008018	
02008019	
02008020	
02008021	
02008022	
02008023	
02008024	
02008025	
02008026	
02008027	
02008028	
02008029	
02008030	
02008031	
02008032	
02009001	
02009002	
02009003	
02009004	
02009005	
02009006	
02009007	
02009008	
02009009	
02009010	
02009011	
02009012	
02009013	
02009014	
02009015	
02009016	
02009017	
02009018	
02009019	
02009020	
02009021	
02009022	
02009023	
02009024	
02009025	
02009026	
02009027	
02009028	
02009029	
02009030	
02009031	
02009032	
02009033	
02009034	
02009035	
02010001	
02010002	
02010003	
02010004	
02010005	
02010006	
02010007	
02010008	
02010009	
02010010	
02010011	
02010012	
02010013	
02010014	
02010015	
02010016	
02010017	
02010018	
02010019	
02010020	
02010021	
02010022	
02010023	
02010024	
02010025	
02010026	
02010027	
02010028	
02010029	
02011001	
02011002	
02011003	
02011004	
02011005	
02011006	
02011007	
02011008	
02011009	
02011010	
02012001	
02012002	
02012003	
02012004	
02012005	
02012006	
02012007	
02012008	
02012009	
02012010	
02012011	
02012012	
02012013	
02012014	
02012015	
02012016	
02012017	
02012018	
02012019	
02012020	
02012021	
02012022	
02012023	
02012024	
02012025	
02012026	
02012027	
02012028	
02012029	
02012030	
02012031	
02012032	
02012033	
02012034	
02012035	
02012036	
02012037	
02012038	
02012039	
02012040	
02012041	
02012042	
02012043	
02012044	
02012045	
02012046	
02012047	
02012048	
02012049	
02012050	
02012051	
02013001	
02013002	
02013003	
02013004	
02013005	
02013006	
02013007	
02013008	
02013009	
02013010	
02013011	
02013012	
02013013	
02013014	
02013015	
02013016	
02013017	
02013018	
02013019	
02013020	
02013021	
02013022	
02014001	
02014002	
02014003	
02014004	
02014005	
02014006	
02014007	
02014008	
02014009	
02014010	
02014011	
02014012	
02014013	
02014014	
02014015	
02014016	
02014017	
02014018	
02014019	
02014020	
02014021	
02014022	
02014023	
02014024	
02014025	
02014026	
02014027	
02014028	
02014029	
02014030	
02014031	
02015001	
02015002	
02015003	
02015004	
02015005	
02015006	
02015007	
02015008	
02015009	
02015010	
02015011	
02015012	
02015013	
02015014	
02015015	
02015016	
02015017	
02015018	
02015019	
02015020	
02015021	
02015022	
02015023	
02015024	
02015025	
02015026	
02015027	
02016001	
02016002	
02016003	
02016004	
02016005	
02016006	
02016007	
02016008	
02016009	
02016010	
02016011	
02016012	
02016013	
02016014	
02016015	
02016016	
02016017	
02016018	
02016019	
02016020	
02016021	
02016022	
02016023	
02016024	
02016025	
02016026	
02016027	
02016028	
02016029	
02016030	
02016031	
02016032	
02016033	
02016034	
02016035	
02016036	
02017001	
02017002	
02017003	
02017004	
02017005	
02017006	
02017007	
02017008	
02017009	
02017010	
02017011	
02017012	
02017013	
02017014	
02017015	
02017016	
02018001	
02018002	
02018003	
02018004	
02018005	
02018006	
02018007	
02018008	
02018009	
02018010	
02018011	
02018012	
02018013	
02018014	
02018015	
02018016	
02018017	
02018018	
02018019	
02018020	
02018021	
02018022	
02018023	
02018024	
02018025	
02018026	
02018027	
02019001	
02019002	
02019003	
02019004	
02019005	
02019006	
02019007	
02019008	
02019009	
02019010	
02019011	
02019012	
02019013	
02019014	
02019015	
02019016	
02019017	
02019018	
02019019	
02019020	
02019021	
02019022	
02019023	
02019024	
02019025	
02020001	
02020002	
02020003	
02020004	
02020005	
02020006	
02020007	
02020008	
02020009	
02020010	
02020011	
02020012	
02020013	
02020014	
02020015	
02020016	
02020017	
02020018	
02020019	
02020020	
02020021	
02020022	
02020023	
02020024	
02020025	
02020026	
02021001	
02021002	
02021003	
02021004	
02021005	
02021006	
02021007	
02021008	
02021009	
02021010	
02021011	
02021012	
02021013	
02021014	
02021015	
02021016	
02021017	
02021018	
02021019	
02021020	
02021021	
02021022	
02021023	
02021024	
02021025	
02021026	
02021027	
02021028	
02021029	
02021030	
02021031	
02021032	
02021033	
02021034	
02021035	
02021036	
02022001	
02022002	
02022003	
02022004	
02022005	
02022006	
02022007	
02022008	
02022009	
02022010	
02022011	
02022012	
02022013	
02022014	
02022015	
02022016	
02022017	
02022018	
02022019	
02022020	
02022021	
02022022	
02022023	
02022024	
02022025	
02022026	
02022027	
02022028	
02022029	
02022030	
02022031	
02023001	
02023002	
02023003	
02023004	
02023005	
02023006	
02023007	
02023008	
02023009	
02023010	
02023011	
02023012	
02023013	
02023014	
02023015	
02023016	
02023017	
02023018	
02023019	
02023020	
02023021	
02023022	
02023023	
02023024	
02023025	
02023026	
02023027	
02023028	
02023029	
02023030	
02023031	
02023032	
02023033	
02024001	
02024002	
02024003	
02024004	
02024005	
02024006	
02024007	
02024008	
02024009	
02024010	
02024011	
02024012	
02024013	
02024014	
02024015	
02024016	
02024017	
02024018	
02025001	
02025002	
02025003	
02025004	
02025005	
02025006	
02025007	
02025008	
02025009	
02025010	
02025011	
02025012	
02025013	
02025014	
02025015	
02025016	
02025017	
02025018	
02025019	
02025020	
02025021	
02025022	
02025023	
02025024	
02025025	
02025026	
02025027	
02025028	
02025029	
02025030	
02025031	
02025032	
02025033	
02025034	
02025035	
02025036	
02025037	
02025038	
02025039	
02025040	
02026001	
02026002	
02026003	
02026004	
02026005	
02026006	
02026007	
02026008	
02026009	
02026010	
02026011	
02026012	
02026013	
02026014	
02026015	
02026016	
02026017	
02026018	
02026019	
02026020	
02026021	
02026022	
02026023	
02026024	
02026025	
02026026	
02026027	
02026028	
02026029	
02026030	
02026031	
02026032	
02026033	
02026034	
02026035	
02026036	
02026037	
02027001	
02027002	
02027003	
02027004	
02027005	
02027006	
02027007	
02027008	
02027009	
02027010	
02027011	
02027012	
02027013	
02027014	
02027015	
02027016	
02027017	
02027018	
02027019	
02027020	
02027021	
02028001	
02028002	
02028003	
02028004	
02028005	
02028006	
02028007	
02028008	
02028009	
02028010	
02028011	
02028012	
02028013	
02028014	
02028015	
02028016	
02028017	
02028018	
02028019	
02028020	
02028021	
02028022	
02028023	
02028024	
02028025	
02028026	
02028027	
02028028	
02028029	
02028030	
02028031	
02028032	
02028033	
02028034	
02028035	
02028036	
02028037	
02028038	
02028039	
02028040	
02028041	
02028042	
02028043	
02029001	
02029002	
02029003	
02029004	
02029005	
02029006	
02029007	
02029008	
02029009	
02029010	
02029011	
02029012	
02029013	
02029014	
02029015	
02029016	
02029017	
02029018	
02029019	
02029020	
02029021	
02029022	
02029023	
02029024	
02029025	
02029026	
02029027	
02029028	
02029029	
02029030	
02029031	
02029032	
02029033	
02029034	
02029035	
02029036	
02029037	
02029038	
02029039	
02029040	
02029041	
02029042	
02029043	
02029044	
02029045	
02029046	
02030001	
02030002	
02030003	
02030004	
02030005	
02030006	
02030007	
02030008	
02030009	
02030010	
02030011	
02030012	
02030013	
02030014	
02030015	
02030016	
02030017	
02030018	
02030019	
02030020	
02030021	
02030022	
02030023	
02030024	
02030025	
02030026	
02030027	
02030028	
02030029	
02030030	
02030031	
02030032	
02030033	
02030034	
02030035	
02030036	
02030037	
02030038	
02031001	
02031002	
02031003	
02031004	
02031005	
02031006	
02031007	
02031008	
02031009	
02031010	
02031011	
02031012	
02031013	
02031014	
02031015	
02031016	
02031017	
02031018	
02032001	
02032002	
02032003	
02032004	
02032005	
02032006	
02032007	
02032008	
02032009	
02032010	
02032011	
02032012	
02032013	
02032014	
02032015	
02032016	
02032017	
02032018	
02032019	
02032020	
02032021	
02032022	
02032023	
02032024	
02032025	
02032026	
02032027	
02032028	
02032029	
02032030	
02032031	
02032032	
02032033	
02032034	
02032035	
02033001	
02033002	
02033003	
02033004	
02033005	
02033006	
02033007	
02033008	
02033009	
02033010	
02033011	
02033012	
02033013	
02033014	
02033015	
02033016	
02033017	
02033018	
02033019	
02033020	
02033021	
02033022	
02033023	
02034001	
02034002	
02034003	
02034004	
02034005	
02034006	
02034007	
02034008	
02034009	
02034010	
02034011	
02034012	
02034013	
02034014	
02034015	
02034016	
02034017	
02034018	
02034019	
02034020	
02034021	
02034022	
02034023	
02034024	
02034025	
02034026	
02034027	
02034028	
02034029	
02034030	
02034031	
02034032	
02034033	
02034034	
02034035	
02035001	
02035002	
02035003	
02035004	
02035005	
02035006	
02035007	
02035008	
02035009	
02035010	
02035011	
02035012	
02035013	
02035014	
02035015	
02035016	
02035017	
02035018	
02035019	
02035020	
02035021	
02035022	
02035023	
02035024	
02035025	
02035026	
02035027	
02035028	
02035029	
02035030	
02035031	
02035032	
02035033	
02035034	
02035035	
02036001	
02036002	
02036003	
02036004	
02036005	
02036006	
02036007	
02036008	
02036009	
02036010	
02036011	
02036012	
02036013	
02036014	
02036015	
02036016	
02036017	
02036018	
02036019	
02036020	
02036021	
02036022	
02036023	
02036024	
02036025	
02036026	
02036027	
02036028	
02036029	
02036030	
02036031	
02036032	
02036033	
02036034	
02036035	
02036036	
02036037	
02036038	
02037001	
02037002	
02037003	
02037004	
02037005	
02037006	
02037007	
02037008	
02037009	
02037010	
02037011	
02037012	
02037013	
02037014	
02037015	
02037016	
02037017	
02037018	
02037019	
02037020	
02037021	
02037022	
02037023	
02037024	
02037025	
02037026	
02037027	
02037028	
02037029	
02038001	
02038002	
02038003	
02038004	
02038005	
02038006	
02038007	
02038008	
02038009	
02038010	
02038011	
02038012	
02038013	
02038014	
02038015	
02038016	
02038017	
02038018	
02038019	
02038020	
02038021	
02038022	
02038023	
02038024	
02038025	
02038026	
02038027	
02038028	
02038029	
02038030	
02038031	
02039001	
02039002	
02039003	
02039004	
02039005	
02039006	
02039007	
02039008	
02039009	
02039010	
02039011	
02039012	
02039013	
02039014	
02039015	
02039016	
02039017	
02039018	
02039019	
02039020	
02039021	
02039022	
02039023	
02039024	
02039025	
02039026	
02039027	
02039028	
02039029	
02039030	
02039031	
02039032	
02039033	
02039034	
02039035	
02039036	
02039037	
02039038	
02039039	
02039040	
02039041	
02039042	
02039043	
02040001	
02040002	
02040003	
02040004	
02040005	
02040006	
02040007	
02040008	
02040009	
02040010	
02040011	
02040012	
02040013	
02040014	
02040015	
02040016	
02040017	
02040018	
02040019	
02040020	
02040021	
02040022	
02040023	
02040024	
02040025	
02040026	
02040027	
02040028	
02040029	
02040030	
02040031	
02040032	
02040033	
02040034	
02040035	
02040036	
02040037	
02040038	
05001001	
05001002	
05001003	
05001004	
05001005	
05001006	
05001007	
05001008	
05001009	
05001010	
05001011	
05001012	
05001013	
05001014	
05001015	
05001016	
05001017	
05001018	
05001019	
05001020	
05001021	
05001022	
05001023	
05001024	
05001025	
05001026	
05001027	
05001028	
05001029	
05001030	
05001031	
05001032	
05001033	
05001034	
05001035	
05001036	
05001037	
05001038	
05001039	
05001040	
05001041	
05001042	
05001043	
05001044	
05001045	
05001046	
05002001	
05002002	
05002003	
05002004	
05002005	
05002006	
05002007	
05002008	
05002009	
05002010	
05002011	
05002012	
05002013	
05002014	
05002015	
05002016	
05002017	
05002018	
05002019	
05002020	
05002021	
05002022	
05002023	
05002024	
05002025	
05002026	
05002027	
05002028	
05002029	
05002030	
05002031	
05002032	
05002033	
05002034	
05002035	
05002036	
05002037	
05003001	
05003002	
05003003	
05003004	
05003005	
05003006	
05003007	
05003008	
05003009	
05003010	
05003011	
05003012	
05003013	
05003014	
05003015	
05003016	
05003017	
05003018	
05003019	
05003020	
05003021	
05003022	
05003023	
05003024	
05003025	
05003026	
05003027	
05003028	
05003029	
05004001	
05004002	
05004003	
05004004	
05004005	
05004006	
05004007	
05004008	
05004009	
05004010	
05004011	
05004012	
05004013	
05004014	
05004015	
05004016	
05004017	
05004018	
05004019	
05004020	
05004021	
05004022	
05004023	
05004024	
05004025	
05004026	
05004027	
05004028	
05004029	
05004030	
05004031	
05004032	
05004033	
05004034	
05004035	
05004036	
05004037	
05004038	
05004039	
05004040	
05004041	
05004042	
05004043	
05004044	
05004045	
05004046	
05004047	
05004048	
05004049	
05005001	
05005002	
05005003	
05005004	
05005005	
05005006	
05005007	
05005008	
05005009	
05005010	
05005011	
05005012	
05005013	
05005014	
05005015	
05005016	
05005017	
05005018	
05005019	
05005020	
05005021	
05005022	
05005023	
05005024	
05005025	
05005026	
05005027	
05005028	
05005029	
05005030	
05005031	
05005032	
05005033	
05006001	
05006002	
05006003	
05006004	
05006005	
05006006	
05006007	
05006008	
05006009	
05006010	
05006011	
05006012	
05006013	
05006014	
05006015	
05006016	
05006017	
05006018	
05006019	
05006020	
05006021	
05006022	
05006023	
05006024	
05006025	
05007001	
05007002	
05007003	
05007004	
05007005	
05007006	
05007007	
05007008	
05007009	
05007010	
05007011	
05007012	
05007013	
05007014	
05007015	
05007016	
05007017	
05007018	
05007019	
05007020	
05007021	
05007022	
05007023	
05007024	
05007025	
05007026	
05008001	
05008002	
05008003	
05008004	
05008005	
05008006	
05008007	
05008008	
05008009	
05008010	
05008011	
05008012	
05008013	
05008014	
05008015	
05008016	
05008017	
05008018	
05008019	
05008020	
05009001	
05009002	
05009003	
05009004	
05009005	
05009006	
05009007	
05009008	
05009009	
05009010	
05009011	
05009012	
05009013	
05009014	
05009015	
05009016	
05009017	
05009018	
05009019	
05009020	
05009021	
05009022	
05009023	
05009024	
05009025	
05009026	
05009027	
05009028	
05009029	
05010001	
05010002	
05010003	
05010004	
05010005	
05010006	
05010007	
05010008	
05010009	
05010010	
05010011	
05010012	
05010013	
05010014	
05010015	
05010016	
05010017	
05010018	
05010019	
05010020	
05010021	
05010022	
05011001	
05011002	
05011003	
05011004	
05011005	
05011006	
05011007	
05011008	
05011009	
05011010	
05011011	
05011012	
05011013	
05011014	
05011015	
05011016	
05011017	
05011018	
05011019	
05011020	
05011021	
05011022	
05011023	
05011024	
05011025	
05011026	
05011027	
05011028	
05011029	
05011030	
05011031	
05011032	
05012001	
05012002	
05012003	
05012004	
05012005	
05012006	
05012007	
05012008	
05012009	
05012010	
05012011	
05012012	
05012013	
05012014	
05012015	
05012016	
05012017	
05012018	
05012019	
05012020	
05012021	
05012022	
05012023	
05012024	
05012025	
05012026	
05012027	
05012028	
05012029	
05012030	
05012031	
05012032	
05013001	
05013002	
05013003	
05013004	
05013005	
05013006	
05013007	
05013008	
05013009	
05013010	
05013011	
05013012	
05013013	
05013014	
05013015	
05013016	
05013017	
05013018	
05014001	
05014002	
05014003	
05014004	
05014005	
05014006	
05014007	
05014008	
05014009	
05014010	
05014011	
05014012	
05014013	
05014014	
05014015	
05014016	
05014017	
05014018	
05014019	
05014020	
05014021	
05014022	
05014023	
05014024	
05014025	
05014026	
05014027	
05014028	
05014029	
05015001	
05015002	
05015003	
05015004	
05015005	
05015006	
05015007	
05015008	
05015009	
05015010	
05015011	
05015012	
05015013	
05015014	
05015015	
05015016	
05015017	
05015018	
05015019	
05015020	
05015021	
05015022	
05015023	
05016001	
05016002	
05016003	
05016004	
05016005	
05016006	
05016007	
05016008	
05016009	
05016010	
05016011	
05016012	
05016013	
05016014	
05016015	
05016016	
05016017	
05016018	
05016019	
05016020	
05016021	
05016022	
05017001	
05017002	
05017003	
05017004	
05017005	
05017006	
05017007	
05017008	
05017009	
05017010	
05017011	
05017012	
05017013	
05017014	
05017015	
05017016	
05017017	
05017018	
05017019	
05017020	
05018001	
05018002	
05018003	
05018004	
05018005	
05018006	
05018007	
05018008	
05018009	
05018010	
05018011	
05018012	
05018013	
05018014	
05018015	
05018016	
05018017	
05018018	
05018019	
05018020	
05018021	
05018022	
05019001	
05019002	
05019003	
05019004	
05019005	
05019006	
05019007	
05019008	
05019009	
05019010	
05019011	
05019012	
05019013	
05019014	
05019015	
05019016	
05019017	
05019018	
05019019	
05019020	
05019021	
05020001	
05020002	
05020003	
05020004	
05020005	
05020006	
05020007	
05020008	
05020009	
05020010	
05020011	
05020012	
05020013	
05020014	
05020015	
05020016	
05020017	
05020018	
05020019	
05020020	
05021001	
05021002	
05021003	
05021004	
05021005	
05021006	
05021007	
05021008	
05021009	
05021010	
05021011	
05021012	
05021013	
05021014	
05021015	
05021016	
05021017	
05021018	
05021019	
05021020	
05021021	
05021022	
05021023	
05022001	
05022002	
05022003	
05022004	
05022005	
05022006	
05022007	
05022008	
05022009	
05022010	
05022011	
05022012	
05022013	
05022014	
05022015	
05022016	
05022017	
05022018	
05022019	
05022020	
05022021	
05022022	
05022023	
05022024	
05022025	
05022026	
05022027	
05022028	
05022029	
05022030	
05023001	
05023002	
05023003	
05023004	
05023005	
05023006	
05023007	
05023008	
05023009	
05023010	
05023011	
05023012	
05023013	
05023014	
05023015	
05023016	
05023017	
05023018	
05023019	
05023020	
05023021	
05023022	
05023023	
05023024	
05023025	
05024001	
05024002	
05024003	
05024004	
05024005	
05024006	
05024007	
05024008	
05024009	
05024010	
05024011	
05024012	
05024013	
05024014	
05024015	
05024016	
05024017	
05024018	
05024019	
05024020	
05024021	
05024022	
05025001	
05025002	
05025003	
05025004	
05025005	
05025006	
05025007	
05025008	
05025009	
05025010	
05025011	
05025012	
05025013	
05025014	
05025015	
05025016	
05025017	
05025018	
05025019	
05026001	
05026002	
05026003	
05026004	
05026005	
05026006	
05026007	
05026008	
05026009	
05026010	
05026011	
05026012	
05026013	
05026014	
05026015	
05026016	
05026017	
05026018	
05026019	
05027001	
05027002	
05027003	
05027004	
05027005	
05027006	
05027007	
05027008	
05027009	
05027010	
05027011	
05027012	
05027013	
05027014	
05027015	
05027016	
05027017	
05027018	
05027019	
05027020	
05027021	
05027022	
05027023	
05027024	
05027025	
05027026	
05028001	
05028002	
05028003	
05028004	
05028005	
05028006	
05028007	
05028008	
05028009	
05028010	
05028011	
05028012	
05028013	
05028014	
05028015	
05028016	
05028017	
05028018	
05028019	
05028020	
05028021	
05028022	
05028023	
05028024	
05028025	
05028026	
05028027	
05028028	
05028029	
05028030	
05028031	
05028032	
05028033	
05028034	
05028035	
05028036	
05028037	
05028038	
05028039	
05028040	
05028041	
05028042	
05028043	
05028044	
05028045	
05028046	
05028047	
05028048	
05028049	
05028050	
05028051	
05028052	
05028053	
05028054	
05028055	
05028056	
05028057	
05028058	
05028059	
05028060	
05028061	
05028062	
05028063	
05028064	
05028065	
05028066	
05028067	
05028068	
05029001	
05029002	
05029003	
05029004	
05029005	
05029006	
05029007	
05029008	
05029009	
05029010	
05029011	
05029012	
05029013	
05029014	
05029015	
05029016	
05029017	
05029018	
05029019	
05029020	
05029021	
05029022	
05029023	
05029024	
05029025	
05029026	
05029027	
05029028	
05029029	
05030001	
05030002	
05030003	
05030004	
05030005	
05030006	
05030007	
05030008	
05030009	
05030010	
05030011	
05030012	
05030013	
05030014	
05030015	
05030016	
05030017	
05030018	
05030019	
05030020	
05031001	
05031002	
05031003	
05031004	
05031005	
05031006	
05031007	
05031008	
05031009	
05031010	
05031011	
05031012	
05031013	
05031014	
05031015	
05031016	
05031017	
05031018	
05031019	
05031020	
05031021	
05031022	
05031023	
05031024	
05031025	
05031026	
05031027	
05031028	
05031029	
05031030	
05032001	
05032002	
05032003	
05032004	
05032005	
05032006	
05032007	
05032008	
05032009	
05032010	
05032011	
05032012	
05032013	
05032014	
05032015	
05032016	
05032017	
05032018	
05032019	
05032020	
05032021	
05032022	
05032023	
05032024	
05032025	
05032026	
05032027	
05032028	
05032029	
05032030	
05032031	
05032032	
05032033	
05032034	
05032035	
05032036	
05032037	
05032038	
05032039	
05032040	
05032041	
05032042	
05032043	
05032044	
05032045	
05032046	
05032047	
05032048	
05032049	
05032050	
05032051	
05032052	
05033001	
05033002	
05033003	
05033004	
05033005	
05033006	
05033007	
05033008	
05033009	
05033010	
05033011	
05033012	
05033013	
05033014	
05033015	
05033016	
05033017	
05033018	
05033019	
05033020	
05033021	
05033022	
05033023	
05033024	
05033025	
05033026	
05033027	
05033028	
05033029	
05034001	
05034002	
05034003	
05034004	
05034005	
05034006	
05034007	
05034008	
05034009	
05034010	
05034011	
05034012	
20001001	
20001002	
20001003	
20001004	
20001005	
20001006	
20001007	
20001008	
20001009	
20001010	
20001011	
20001012	
20001013	
20001014	
20001015	
20001016	
20001017	
20001018	
20001019	
20001020	
20001021	
20001022	
20001023	
20001024	
20001025	
20001026	
20001027	
20001028	
20001029	
20001030	
20001031	
20001032	
20001033	
20002001	
20002002	
20002003	
20002004	
20002005	
20002006	
20002007	
20002008	
20002009	
20002010	
20002011	
20002012	
20002013	
20002014	
20002015	
20002016	
20002017	
20002018	
20002019	
20002020	
20002021	
20002022	
20003001	
20003002	
20003003	
20003004	
20003005	
20003006	
20003007	
20003008	
20003009	
20003010	
20003011	
20003012	
20003013	
20003014	
20003015	
20003016	
20003017	
20003018	
20003019	
20003020	
20003021	
20003022	
20003023	
20003024	
20003025	
20003026	
20003027	
20003028	
20003029	
20003030	
20003031	
20003032	
20003033	
20003034	
20003035	
20004001	
20004002	
20004003	
20004004	
20004005	
20004006	
20004007	
20004008	
20004009	
20004010	
20004011	
20004012	
20004013	
20004014	
20004015	
20004016	
20004017	
20004018	
20004019	
20004020	
20004021	
20004022	
20004023	
20004024	
20004025	
20004026	
20004027	
20005001	
20005002	
20005003	
20005004	
20005005	
20005006	
20005007	
20005008	
20005009	
20005010	
20005011	
20005012	
20005013	
20005014	
20005015	
20005016	
20005017	
20005018	
20005019	
20005020	
20005021	
20005022	
20005023	
20006001	
20006002	
20006003	
20006004	
20006005	
20006006	
20006007	
20006008	
20006009	
20006010	
20006011	
20006012	
20006013	
20006014	
20006015	
20006016	
20006017	
20006018	
20006019	
20006020	
20006021	
20006022	
20006023	
20006024	
20006025	
20006026	
20006027	
20006028	
20006029	
20006030	
20006031	
20006032	
20006033	
20006034	
20006035	
20007001	
20007002	
20007003	
20007004	
20007005	
20007006	
20007007	
20007008	
20007009	
20007010	
20007011	
20007012	
20007013	
20007014	
20007015	
20007016	
20007017	
20007018	
20007019	
20007020	
20007021	
20007022	
20007023	
20007024	
20007025	
20007026	
20007027	
20008001	
20008002	
20008003	
20008004	
20008005	
20008006	
20008007	
20008008	
20008009	
20008010	
20008011	
20008012	
20008013	
20008014	
20008015	
20008016	
20008017	
20008018	
20008019	
20008020	
20008021	
20008022	
20008023	
20008024	
20008025	
20008026	
20008027	
20008028	
20008029	
20008030	
20008031	
20008032	
20008033	
20008034	
20008035	
20008036	
20009001	
20009002	
20009003	
20009004	
20009005	
20009006	
20009007	
20009008	
20009009	
20009010	
20009011	
20009012	
20009013	
20009014	
20009015	
20009016	
20009017	
20009018	
20010001	
20010002	
20010003	
20010004	
20010005	
20010006	
20010007	
20010008	
20010009	
20010010	
20010011	
20010012	
20010013	
20010014	
20010015	
20010016	
20010017	
20010018	
20010019	
20010020	
20010021	
20010022	
20010023	
20010024	
20010025	
20010026	
20010027	
20010028	
20010029	
20010030	
20010031	
20010032	
20011001	
20011002	
20011003	
20011004	
20011005	
20011006	
20011007	
20011008	
20011009	
20011010	
20011011	
20011012	
20011013	
20011014	
20011015	
20011016	
20011017	
20011018	
20011019	
20011020	
20011021	
20011022	
20011023	
20011024	
20011025	
20011026	
20011027	
20011028	
20011029	
20011030	
20011031	
20012001	
20012002	
20012003	
20012004	
20012005	
20012006	
20012007	
20012008	
20012009	
20012010	
20012011	
20012012	
20012013	
20012014	
20012015	
20012016	
20012017	
20012018	
20012019	
20012020	
20012021	
20012022	
20012023	
20012024	
20012025	
20012026	
20012027	
20012028	
20013001	
20013002	
20013003	
20013004	
20013005	
20013006	
20013007	
20013008	
20013009	
20013010	
20013011	
20013012	
20013013	
20013014	
20013015	
20013016	
20013017	
20013018	
20013019	
20013020	
20013021	
20013022	
20013023	
20013024	
20013025	
20014001	
20014002	
20014003	
20014004	
20014005	
20014006	
20014007	
20014008	
20014009	
20014010	
20014011	
20014012	
20014013	
20014014	
20014015	
20014016	
20014017	
20014018	
20014019	
20014020	
20014021	
20014022	
20014023	
20014024	
20014025	
20014026	
20014027	
20014028	
20014029	
20014030	
20014031	
20014032	
20014033	
20014034	
20014035	
20015001	
20015002	
20015003	
20015004	
20015005	
20015006	
20015007	
20015008	
20015009	
20015010	
20015011	
20015012	
20015013	
20015014	
20015015	
20015016	
20015017	
20015018	
20015019	
20015020	
20015021	
20015022	
20015023	
20015024	
20015025	
20015026	
20015027	
20015028	
20015029	
20015030	
20015031	
20015032	
20015033	
20016001	
20016002	
20016003	
20016004	
20016005	
20016006	
20016007	
20016008	
20016009	
20016010	
20016011	
20016012	
20016013	
20016014	
20016015	
20016016	
20016017	
20016018	
20016019	
20016020	
20016021	
20016022	
20016023	
20016024	
20016025	
20016026	
20016027	
20016028	
20016029	
20016030	
20016031	
20016032	
20016033	
20017001	
20017002	
20017003	
20017004	
20017005	
20017006	
20017007	
20017008	
20017009	
20017010	
20017011	
20017012	
20017013	
20017014	
20017015	
20017016	
20017017	
20017018	
20017019	
20017020	
20017021	
20017022	
20017023	
20017024	
20017025	
20017026	
20017027	
20017028	
20018001	
20018002	
20018003	
20018004	
20018005	
20018006	
20018007	
20018008	
20018009	
20018010	
20018011	
20018012	
20018013	
20018014	
20018015	
20018016	
20018017	
20018018	
20018019	
20018020	
20018021	
20018022	
20018023	
20018024	
20019001	
20019002	
20019003	
20019004	
20019005	
20019006	
20019007	
20019008	
20019009	
20019010	
20019011	
20019012	
20019013	
20019014	
20019015	
20019016	
20019017	
20019018	
20019019	
20019020	
20019021	
20019022	
20019023	
20019024	
20019025	
20019026	
20019027	
20019028	
20019029	
20020001	
20020002	
20020003	
20020004	
20020005	
20020006	
20020007	
20020008	
20020009	
20020010	
20020011	
20020012	
20020013	
20020014	
20020015	
20020016	
20020017	
20020018	
20020019	
20020020	
20020021	
20020022	
20020023	
20020024	
20020025	
20020026	
20020027	
20020028	
20020029	
20020030	
20021001	
20021002	
20021003	
20021004	
20021005	
20021006	
20021007	
20021008	
20021009	
20021010	
20021011	
20021012	
20021013	
20021014	
20021015	
20021016	
20021017	
20021018	
20021019	
20021020	
20021021	
20021022	
20021023	
20021024	
20021025	
20021026	
20021027	
20021028	
20021029	
20021030	
20021031	
20022001	
20022002	
20022003	
20022004	
20022005	
20022006	
20022007	
20022008	
20022009	
20022010	
20022011	
20022012	
20022013	
20022014	
20022015	
20022016	
20022017	
20022018	
20022019	
20022020	
20022021	
20022022	
20022023	
20022024	
20022025	
20022026	
20022027	
20022028	
20022029	
20023001	
20023002	
20023003	
20023004	
20023005	
20023006	
20023007	
20023008	
20023009	
20023010	
20023011	
20023012	
20023013	
20023014	
20023015	
20023016	
20023017	
20023018	
20023019	
20023020	
20023021	
20023022	
20023023	
20023024	
20023025	
20023026	
20023027	
20023028	
20023029	
20023030	
20023031	
20023032	
20023033	
20023034	
20023035	
20024001	
20024002	
20024003	
20024004	
20024005	
20024006	
20024007	
20024008	
20024009	
20024010	
20024011	
20024012	
20024013	
20024014	
20024015	
20024016	
20024017	
20024018	
20024019	
20024020	
20024021	
20024022	
20024023	
20024024	
20024025	
20024026	
20024027	
20024028	
20024029	
20024030	
20024031	
20024032	
20024033	
20024034	
20025001	
20025002	
20025003	
20025004	
20025005	
20025006	
20025007	
20025008	
20025009	
20025010	
20025011	
20025012	
20025013	
20025014	
20025015	
20025016	
20025017	
20025018	
20025019	
20025020	
20025021	
20025022	
20025023	
20025024	
20025025	
20025026	
20025027	
20025028	
20026001	
20026002	
20026003	
20026004	
20026005	
20026006	
20026007	
20026008	
20026009	
20026010	
20026011	
20026012	
20026013	
20026014	
20026015	
20026016	
20026017	
20026018	
20026019	
20026020	
20026021	
20026022	
20026023	
20026024	
20026025	
20026026	
20026027	
20026028	
20027001	
20027002	
20027003	
20027004	
20027005	
20027006	
20027007	
20027008	
20027009	
20027010	
20027011	
20027012	
20027013	
20027014	
20027015	
20027016	
20027017	
20027018	
20027019	
20027020	
20027021	
20027022	
20027023	
20027024	
20027025	
20027026	
20027027	
20028001	
20028002	
20028003	
20028004	
20028005	
20028006	
20028007	
20028008	
20028009	
20028010	
20028011	
20028012	
20028013	
20028014	
20028015	
20028016	
20028017	
20028018	
20028019	
20028020	
20028021	
20028022	
20028023	
20028024	
20028025	
20028026	
20028027	
20028028	
20029001	
20029002	
20029003	
20029004	
20029005	
20029006	
20029007	
20029008	
20029009	
20029010	
20029011	
20029012	
20029013	
20029014	
20029015	
20029016	
20029017	
20029018	
20029019	
20029020	
20029021	
20029022	
20029023	
20029024	
20029025	
20029026	
20029027	
20030001	
20030002	
20030003	
20030004	
20030005	
20030006	
20030007	
20030008	
20030009	
20030010	
20030011	
20030012	
20030013	
20030014	
20030015	
20030016	
20030017	
20030018	
20030019	
20030020	
20030021	
20030022	
20030023	
20030024	
20030025	
20030026	
20030027	
20030028	
20030029	
20030030	
20030031	
20030032	
20030033	
20031001	
20031002	
20031003	
20031004	
20031005	
20031006	
20031007	
20031008	
20031009	
20031010	
20031011	
20031012	
20031013	
20031014	
20031015	
20031016	
20031017	
20031018	
20031019	
20031020	
20031021	
20031022	
20031023	
20031024	
20031025	
20031026	
20031027	
20031028	
20031029	
20031030	
20031031	
23001001	
23001002	
23001003	
23001004	
23001005	
23001006	
23001007	
23001008	
23001009	
23001010	
23001011	
23001012	
23001013	
23001014	
23001015	
23001016	
23001017	
23001018	
23001019	
23001020	
23001021	
23001022	
23001023	
23001024	
23001025	
23001026	
23001027	
23001028	
23001029	
23001030	
23001031	
23002001	
23002002	
23002003	
23002004	
23002005	
23002006	
23002007	
23002008	
23002009	
23002010	
23002011	
23002012	
23002013	
23002014	
23002015	
23002016	
23002017	
23002018	
23002019	
23002020	
23002021	
23002022	
23003001	
23003002	
23003003	
23003004	
23003005	
23003006	
23003007	
23003008	
23003009	
23003010	
23003011	
23003012	
23003013	
23003014	
23003015	
23003016	
23003017	
23003018	
23003019	
23003020	
23003021	
23003022	
23003023	
23003024	
23003025	
23003026	
23004001	
23004002	
23004003	
23004004	
23004005	
23004006	
23005001	
23005002	
23005003	
23005004	
23005005	
23005006	
23005007	
23005008	
23005009	
23005010	
23005011	
23005012	
23005013	
23005014	
23005015	
23005016	
23005017	
23005018	
23005019	
23005020	
23005021	
23005022	
23005023	
23005024	
23005025	
23005026	
23005027	
23005028	
23005029	
23005030	
23006001	
23006002	
23006003	
23006004	
23006005	
23006006	
23006007	
23006008	
23006009	
23006010	
23006011	
23006012	
23006013	
23007001	
23007002	
23007003	
23007004	
23007005	
23007006	
23007007	
23007008	
23007009	
23007010	
23007011	
23007012	
23007013	
23007014	
23007015	
23007016	
23007017	
23007018	
23007019	
23007020	
23007021	
23007022	
23007023	
23007024	
23007025	
23008001	
23008002	
23008003	
23008004	
23008005	
23008006	
23008007	
23008008	
23008009	
23008010	
23008011	
23008012	
23008013	
23008014	
23008015	
23008016	
23008017	
23008018	
23008019	
23008020	
23008021	
23008022	
23009001	
23009002	
23009003	
23009004	
23009005	
23009006	
23009007	
23009008	
23009009	
23009010	
23009011	
23009012	
23009013	
23009014	
23009015	
23009016	
23009017	
23009018	
23009019	
23009020	
23009021	
23010001	
23010002	
23010003	
23010004	
23010005	
23010006	
23010007	
23010008	
23010009	
23010010	
23010011	
23010012	
23010013	
23010014	
23010015	
23010016	
23010017	
23010018	
23010019	
23010020	
23010021	
23010022	
23010023	
23010024	
23010025	
23010026	
23010027	
23010028	
23010029	
23010030	
23010031	
23010032	
23010033	
23010034	
23011001	
23011002	
23011003	
23011004	
23011005	
23011006	
23011007	
23011008	
23011009	
23011010	
23011011	
23011012	
23011013	
23011014	
23011015	
23011016	
23012001	
23012002	
23012003	
23012004	
23012005	
23012006	
23013001	
23013002	
23013003	
23013004	
23013005	
23013006	
23013007	
23013008	
23013009	
23013010	
23013011	
23013012	
23013013	
23013014	
23013015	
23013016	
23013017	
23013018	
23013019	
23013020	
23013021	
23013022	
23014001	
23014002	
23014003	
23014004	
23014005	
23014006	
23014007	
23014008	
23014009	
23014010	
23014011	
23014012	
23014013	
23014014	
23014015	
23014016	
23014017	
23014018	
23014019	
23014020	
23014021	
23014022	
23014023	
23014024	
23014025	
23014026	
23014027	
23014028	
23014029	
23014030	
23014031	
23014032	
23015001	
23015002	
23015003	
23015004	
23015005	
23015006	
23015007	
23015008	
23015009	
23016001	
23016002	
23016003	
23016004	
23016005	
23016006	
23016007	
23016008	
23016009	
23016010	
23016011	
23016012	
23016013	
23016014	
23017001	
23017002	
23017003	
23017004	
23017005	
23017006	
23017007	
23017008	
23017009	
23017010	
23017011	
23017012	
23017013	
23017014	
23018001	
23018002	
23018003	
23018004	
23018005	
23018006	
23018007	
23019001	
23019002	
23019003	
23019004	
23019005	
23019006	
23019007	
23019008	
23019009	
23019010	
23019011	
23019012	
23019013	
23019014	
23019015	
23019016	
23019017	
23019018	
23019019	
23019020	
23019021	
23019022	
23019023	
23019024	
23019025	
23020001	
23020002	
23020003	
23020004	
23020005	
23020006	
23021001	
23021002	
23021003	
23021004	
23021005	
23021006	
23021007	
23021008	
23021009	
23021010	
23021011	
23021012	
23021013	
23021014	
23021015	
23021016	
23021017	
23022001	
23022002	
23022003	
23022004	
23022005	
23022006	
23022007	
23022008	
23022009	
23022010	
23022011	
23022012	
23022013	
23022014	
23022015	
23022016	
23022017	
23022018	
23022019	
23022020	
23022021	
23022022	
23022023	
23022024	
23022025	
23023001	
23023002	
23023003	
23023004	
23023005	
23023006	
23023007	
23023008	
23023009	
23023010	
23023011	
23023012	
23023013	
23023014	
23023015	
23023016	
23023017	
23023018	
23024001	
23024002	
23024003	
23024004	
23024005	
23024006	
23024007	
23024008	
23024009	
23024010	
23024011	
23024012	
23024013	
23024014	
23024015	
23024016	
23024017	
23024018	
23024019	
23024020	
23024021	
23024022	
23024023	
23025001	
23025002	
23025003	
23025004	
23025005	
23025006	
23025007	
23025008	
23025009	
23025010	
23025011	
23025012	
23026001	
23026002	
23026003	
23026004	
23026005	
23026006	
23026007	
23026008	
23026009	
23026010	
23026011	
23026012	
23026013	
23026014	
23026015	
23026016	
23026017	
23026018	
23026019	
23026020	
23026021	
23027001	
23027002	
23027003	
23027004	
23027005	
23027006	
23027007	
23027008	
23027009	
23027010	
23027011	
23027012	
23027013	
23028001	
23028002	
23028003	
23028004	
23028005	
23028006	
23028007	
23028008	
23028009	
23028010	
23028011	
23028012	
23028013	
23028014	
23028015	
23028016	
23028017	
23028018	
23028019	
23028020	
23028021	
23028022	
23028023	
23028024	
23028025	
23028026	
23028027	
23028028	
23028029	
23029001	
23029002	
23029003	
23029004	
23029005	
23029006	
23029007	
23029008	
23029009	
23029010	
23029011	
23029012	
23029013	
23029014	
23029015	
23029016	
23029017	
23029018	
23029019	
23029020	
23029021	
23029022	
23029023	
23029024	
23030001	
23030002	
23030003	
23030004	
23030005	
23030006	
23030007	
23030008	
23030009	
23030010	
23030011	
23030012	
23030013	
23030014	
23030015	
23030016	
23030017	
23030018	
23030019	
23030020	
23030021	
23030022	
23030023	
23030024	
23030025	
23030026	
23030027	
23030028	
23030029	
23030030	
23030031	
23030032	
23030033	
23031001	
23031002	
23031003	
23031004	
23031005	
23031006	
23031007	
23031008	
23031009	
23032001	
23032002	
23032003	
23032004	
23032005	
23032006	
23032007	
23032008	
23032009	
23032010	
23032011	
23032012	
23032013	
23032014	
23032015	
23032016	
23032017	
23032018	
23032019	
23032020	
23033001	
23033002	
23033003	
23033004	
23033005	
23033006	
23033007	
23033008	
23033009	
23033010	
23033011	
23033012	
23033013	
23033014	
23033015	
23033016	
23033017	
23033018	
23033019	
23033020	
23033021	
23033022	
23033023	
23033024	
23034001	
23034002	
23034003	
23034004	
23034005	
23034006	
23034007	
23034008	
23034009	
23034010	
23034011	
23034012	
23034013	
23034014	
23034015	
23034016	
23034017	
23035001	
23035002	
23035003	
23035004	
23035005	
23035006	
23035007	
23035008	
23035009	
23035010	
23036001	
23036002	
23036003	
23036004	
23036005	
23036006	
23036007	
23036008	
23036009	
23036010	
23036011	
23036012	
23036013	
23036014	
23036015	
23036016	
23036017	
23036018	
23036019	
23036020	
23036021	
23036022	
23037001	
23037002	
23037003	
23037004	
23037005	
23037006	
23037007	
23037008	
23037009	
23037010	
23037011	
23037012	
23037013	
23037014	
23037015	
23037016	
23037017	
23037018	
23037019	
23037020	
23037021	
23037022	
23037023	
23037024	
23037025	
23037026	
23037027	
23037028	
23037029	
23037030	
23037031	
23037032	
23037033	
23037034	
23037035	
23037036	
23037037	
23037038	
23038001	
23038002	
23038003	
23038004	
23038005	
23038006	
23038007	
23038008	
23038009	
23038010	
23038011	
23038012	
23038013	
23038014	
23038015	
23038016	
23038017	
23038018	
23038019	
23038020	
23038021	
23038022	
23039001	
23039002	
23039003	
23039004	
23039005	
23039006	
23039007	
23039008	
23040001	
23040002	
23040003	
23040004	
23040005	
23040006	
23040007	
23040008	
23040009	
23040010	
23040011	
23040012	
23040013	
23040014	
23040015	
23040016	
23040017	
23040018	
23040019	
23040020	
23040021	
23040022	
23040023	
23040024	
23040025	
23040026	
23040027	
23040028	
23040029	
23040030	
23040031	
23041001	
23041002	
23041003	
23041004	
23041005	
23041006	
23041007	
23041008	
23041009	
23041010	
23041011	
23041012	
23041013	
23041014	
23041015	
23041016	
23041017	
23041018	
23041019	
23041020	
23041021	
23041022	
23041023	
23041024	
23041025	
23041026	
23041027	
23041028	
23041029	
23042001	
23042002	
23042003	
23042004	
23042005	
23042006	
23042007	
23042008	
23042009	
23042010	
23042011	
23042012	
23042013	
23042014	
23042015	
23042016	
23042017	
23042018	
23042019	
23042020	
23042021	
23042022	
23042023	
23042024	
23042025	
23043001	
23043002	
23043003	
23043004	
23043005	
23043006	
23043007	
23043008	
23043009	
23043010	
23043011	
23043012	
23043013	
23043014	
23043015	
23043016	
23043017	
23043018	
23043019	
23043020	
23043021	
23043022	
23043023	
23043024	
23043025	
23043026	
23043027	
23043028	
23044001	
23044002	
23044003	
23044004	
23044005	
23044006	
23044007	
23044008	
23044009	
23044010	
23044011	
23044012	
23044013	
23044014	
23044015	
23044016	
23044017	
23044018	
23044019	
23044020	
23044021	
23044022	
23044023	
23044024	
23044025	
23044026	
23044027	
23044028	
23045001	
23045002	
23045003	
23045004	
23045005	
23045006	
23045007	
23045008	
23045009	
23045010	
23045011	
23045012	
23045013	
23045014	
23045015	
23045016	
23045017	
23045018	
23045019	
23045020	
23045021	
23045022	
23045023	
23045024	
23045025	
23046001	
23046002	
23046003	
23046004	
23046005	
23046006	
23046007	
23046008	
23046009	
23046010	
23046011	
23046012	
23046013	
23047001	
23047002	
23047003	
23047004	
23047005	
23047006	
23047007	
23047008	
23047009	
23047010	
23047011	
23047012	
23047013	
23047014	
23047015	
23048001	
23048002	
23048003	
23048004	
23048005	
23048006	
23048007	
23048008	
23048009	
23048010	
23048011	
23048012	
23048013	
23048014	
23048015	
23048016	
23048017	
23048018	
23048019	
23048020	
23048021	
23048022	
23049001	
23049002	
23049003	
23049004	
23049005	
23049006	
23049007	
23049008	
23049009	
23049010	
23049011	
23049012	
23049013	
23049014	
23049015	
23049016	
23049017	
23049018	
23049019	
23049020	
23049021	
23049022	
23049023	
23049024	
23049025	
23049026	
23050001	
23050002	
23050003	
23050004	
23050005	
23050006	
23050007	
23050008	
23050009	
23050010	
23050011	
23051001	
23051002	
23051003	
23051004	
23051005	
23051006	
23051007	
23051008	
23051009	
23051010	
23051011	
23051012	
23051013	
23051014	
23051015	
23051016	
23051017	
23051018	
23051019	
23051020	
23051021	
23051022	
23051023	
23052001	
23052002	
23052003	
23052004	
23052005	
23052006	
23052007	
23052008	
23052009	
23052010	
23052011	
23052012	
23052013	
23052014	
23052015	
23053001	
23053002	
23053003	
23053004	
23053005	
23053006	
23053007	
23053008	
23053009	
23053010	
23053011	
23053012	
23054001	
23054002	
23054003	
23054004	
23054005	
23054006	
23054007	
23054008	
23054009	
23054010	
23054011	
23054012	
23054013	
23054014	
23054015	
23054016	
23054017	
23055001	
23055002	
23055003	
23055004	
23055005	
23055006	
23055007	
23055008	
23055009	
23055010	
23055011	
23055012	
23055013	
23056001	
23056002	
23056003	
23056004	
23056005	
23056006	
23056007	
23056008	
23056009	
23056010	
23056011	
23056012	
23057001	
23057002	
23057003	
23057004	
23057005	
23057006	
23057007	
23057008	
23057009	
23057010	
23057011	
23057012	
23057013	
23057014	
23057015	
23057016	
23057017	
23057018	
23057019	
23057020	
23057021	
23058001	
23058002	
23058003	
23058004	
23058005	
23058006	
23058007	
23058008	
23058009	
23058010	
23058011	
23058012	
23058013	
23058014	
23059001	
23059002	
23059003	
23059004	
23059005	
23059006	
23059007	
23059008	
23059009	
23059010	
23059011	
23059012	
23059013	
23059014	
23059015	
23059016	
23059017	
23059018	
23059019	
23059020	
23059021	
23060001	
23060002	
23060003	
23060004	
23060005	
23060006	
23060007	
23060008	
23060009	
23060010	
23060011	
23060012	
23060013	
23060014	
23060015	
23060016	
23060017	
23060018	
23060019	
23060020	
23060021	
23060022	
23061001	
23061002	
23061003	
23061004	
23061005	
23061006	
23061007	
23061008	
23061009	
23061010	
23061011	
23062001	
23062002	
23062003	
23062004	
23062005	
23062006	
23062007	
23062008	
23062009	
23062010	
23062011	
23062012	
23063001	
23063002	
23063003	
23063004	
23063005	
23063006	
23063007	
23063008	
23063009	
23063010	
23063011	
23063012	
23063013	
23063014	
23063015	
23063016	
23063017	
23063018	
23063019	
23064001	
23064002	
23064003	
23064004	
23064005	
23064006	
23064007	
23064008	
23064009	
23064010	
23064011	
23064012	
23065001	
23065002	
23065003	
23065004	
23065005	
23065006	
23065007	
23065008	
23065009	
23065010	
23065011	
23065012	
23065013	
23065014	
23065015	
23065016	
23065017	
23065018	
23065019	
23065020	
23065021	
23065022	
23065023	
23065024	
23065025	
23066001	
23066002	
23066003	
23066004	
23066005	
23066006	
23066007	
23066008	
23066009	
23066010	
23066011	
23066012	
23066013	
23066014	
23066015	
23066016	
23066017	
23066018	
23066019	
23066020	
23066021	
23066022	
23066023	
23066024	
