44001001	
44001002	
44001003	
44001004	
44001005	
44001006	
44001007	
44001008	
44001009	
44001010	
44001011	
44001012	
44001013	
44001014	
44001015	
44001016	
44001017	
44001018	
44001019	
44001020	
44001021	
44001022	
44001023	
44001024	
44001025	
44001026	
44002001	
44002002	
44002003	
44002004	
44002005	
44002006	
44002007	
44002008	
44002009	
44002010	
44002011	
44002012	
44002013	
44002014	
44002015	
44002016	
44002017	
44002018	
44002019	
44002020	
44002021	
44002022	
44002023	
44002024	
44002025	
44002026	
44002027	
44002028	
44002029	
44002030	
44002031	
44002032	
44002033	
44002034	
44002035	
44002036	
44002037	
44002038	
44002039	
44002040	
44002041	
44002042	
44002043	
44002044	
44002045	
44002046	
44002047	
44003001	
44003002	
44003003	
44003004	
44003005	
44003006	
44003007	
44003008	
44003009	
44003010	
44003011	
44003012	
44003013	
44003014	
44003015	
44003016	
44003017	
44003018	
44003019	
44003020	
44003021	
44003022	
44003023	
44003024	
44003025	
44003026	
44004001	
44004002	
44004003	
44004004	
44004005	
44004006	
44004007	
44004008	
44004009	
44004010	
44004011	
44004012	
44004013	
44004014	
44004015	
44004016	
44004017	
44004018	
44004019	
44004020	
44004021	
44004022	
44004023	
44004024	
44004025	
44004026	
44004027	
44004028	
44004029	
44004030	
44004031	
44004032	
44004033	
44004034	
44004035	
44004036	
44004037	
44005001	
44005002	
44005003	
44005004	
44005005	
44005006	
44005007	
44005008	
44005009	
44005010	
44005011	
44005012	
44005013	
44005014	
44005015	
44005016	
44005017	
44005018	
44005019	
44005020	
44005021	
44005022	
44005023	
44005024	
44005025	
44005026	
44005027	
44005028	
44005029	
44005030	
44005031	
44005032	
44005033	
44005034	
44005035	
44005036	
44005037	
44005038	
44005039	
44005040	
44005041	
44005042	
44006001	
44006002	
44006003	
44006004	
44006005	
44006006	
44006007	
44006008	
44006009	
44006010	
44006011	
44006012	
44006013	
44006014	
44006015	
44007001	
44007002	
44007003	
44007004	
44007005	
44007006	
44007007	
44007008	
44007009	
44007010	
44007011	
44007012	
44007013	
44007014	
44007015	
44007016	
44007017	
44007018	
44007019	
44007020	
44007021	
44007022	
44007023	
44007024	
44007025	
44007026	
44007027	
44007028	
44007029	
44007030	
44007031	
44007032	
44007033	
44007034	
44007035	
44007036	
44007037	
44007038	
44007039	
44007040	
44007041	
44007042	
44007043	
44007044	
44007045	
44007046	
44007047	
44007048	
44007049	
44007050	
44007051	
44007052	
44007053	
44007054	
44007055	
44007056	
44007057	
44007058	
44007059	
44007060	
44008001	
44008002	
44008003	
44008004	
44008005	
44008006	
44008007	
44008008	
44008009	
44008010	
44008011	
44008012	
44008013	
44008014	
44008015	
44008016	
44008017	
44008018	
44008019	
44008020	
44008021	
44008022	
44008023	
44008024	
44008025	
44008026	
44008027	
44008028	
44008029	
44008030	
44008031	
44008032	
44008033	
44008034	
44008035	
44008036	
44008037	
44008038	
44008039	
44008040	
44009001	
44009002	
44009003	
44009004	
44009005	
44009006	
44009007	
44009008	
44009009	
44009010	
44009011	
44009012	
44009013	
44009014	
44009015	
44009016	
44009017	
44009018	
44009019	
44009020	
44009021	
44009022	
44009023	
44009024	
44009025	
44009026	
44009027	
44009028	
44009029	
44009030	
44009031	
44009032	
44009033	
44009034	
44009035	
44009036	
44009037	
44009038	
44009039	
44009040	
44009041	
44009042	
44009043	
44010001	
44010002	
44010003	
44010004	
44010005	
44010006	
44010007	
44010008	
44010009	
44010010	
44010011	
44010012	
44010013	
44010014	
44010015	
44010016	
44010017	
44010018	
44010019	
44010020	
44010021	
44010022	
44010023	
44010024	
44010025	
44010026	
44010027	
44010028	
44010029	
44010030	
44010031	
44010032	
44010033	
44010034	
44010035	
44010036	
44010037	
44010038	
44010039	
44010040	
44010041	
44010042	
44010043	
44010044	
44010045	
44010046	
44010047	
44010048	
44011001	
44011002	
44011003	
44011004	
44011005	
44011006	
44011007	
44011008	
44011009	
44011010	
44011011	
44011012	
44011013	
44011014	
44011015	
44011016	
44011017	
44011018	
44011019	
44011020	
44011021	
44011022	
44011023	
44011024	
44011025	
44011026	
44011027	
44011028	
44011029	
44011030	
44012001	
44012002	
44012003	
44012004	
44012005	
44012006	
44012007	
44012008	
44012009	
44012010	
44012011	
44012012	
44012013	
44012014	
44012015	
44012016	
44012017	
44012018	
44012019	
44012020	
44012021	
44012022	
44012023	
44012024	
44012025	
44013001	
44013002	
44013003	
44013004	
44013005	
44013006	
44013007	
44013008	
44013009	
44013010	
44013011	
44013012	
44013013	
44013014	
44013015	
44013016	
44013017	
44013018	
44013019	
44013020	
44013021	
44013022	
44013023	
44013024	
44013025	
44013026	
44013027	
44013028	
44013029	
44013030	
44013031	
44013032	
44013033	
44013034	
44013035	
44013036	
44013037	
44013038	
44013039	
44013040	
44013041	
44013042	
44013043	
44013044	
44013045	
44013046	
44013047	
44013048	
44013049	
44013050	
44013051	
44013052	
44014001	
44014002	
44014003	
44014004	
44014005	
44014006	
44014007	
44014008	
44014009	
44014010	
44014011	
44014012	
44014013	
44014014	
44014015	
44014016	
44014017	
44014018	
44014019	
44014020	
44014021	
44014022	
44014023	
44014024	
44014025	
44014026	
44014027	
44014028	
44015001	
44015002	
44015003	
44015004	
44015005	
44015006	
44015007	
44015008	
44015009	
44015010	
44015011	
44015012	
44015013	
44015014	
44015015	
44015016	
44015017	
44015018	
44015019	
44015020	
44015021	
44015022	
44015023	
44015024	
44015025	
44015026	
44015027	
44015028	
44015029	
44015030	
44015031	
44015032	
44015033	
44015034	
44015035	
44015036	
44015037	
44015038	
44015039	
44015040	
44015041	
44016001	
44016002	
44016003	
44016004	
44016005	
44016006	
44016007	
44016008	
44016009	
44016010	
44016011	
44016012	
44016013	
44016014	
44016015	
44016016	
44016017	
44016018	
44016019	
44016020	
44016021	
44016022	
44016023	
44016024	
44016025	
44016026	
44016027	
44016028	
44016029	
44016030	
44016031	
44016032	
44016033	
44016034	
44016035	
44016036	
44016037	
44016038	
44016039	
44016040	
44017001	
44017002	
44017003	
44017004	
44017005	
44017006	
44017007	
44017008	
44017009	
44017010	
44017011	
44017012	
44017013	
44017014	
44017015	
44017016	
44017017	
44017018	
44017019	
44017020	
44017021	
44017022	
44017023	
44017024	
44017025	
44017026	
44017027	
44017028	
44017029	
44017030	
44017031	
44017032	
44017033	
44017034	
44018001	
44018002	
44018003	
44018004	
44018005	
44018006	
44018007	
44018008	
44018009	
44018010	
44018011	
44018012	
44018013	
44018014	
44018015	
44018016	
44018017	
44018018	
44018019	
44018020	
44018021	
44018022	
44018023	
44018024	
44018025	
44018026	
44018027	
44018028	
44019001	
44019002	
44019003	
44019004	
44019005	
44019006	
44019007	
44019008	
44019009	
44019010	
44019011	
44019012	
44019013	
44019014	
44019015	
44019016	
44019017	
44019018	
44019019	
44019020	
44019021	
44019022	
44019023	
44019024	
44019025	
44019026	
44019027	
44019028	
44019029	
44019030	
44019031	
44019032	
44019033	
44019034	
44019035	
44019036	
44019037	
44019038	
44019039	
44019040	
44019041	
44020001	
44020002	
44020003	
44020004	
44020005	
44020006	
44020007	
44020008	
44020009	
44020010	
44020011	
44020012	
44020013	
44020014	
44020015	
44020016	
44020017	
44020018	
44020019	
44020020	
44020021	
44020022	
44020023	
44020024	
44020025	
44020026	
44020027	
44020028	
44020029	
44020030	
44020031	
44020032	
44020033	
44020034	
44020035	
44020036	
44020037	
44020038	
44021001	
44021002	
44021003	
44021004	
44021005	
44021006	
44021007	
44021008	
44021009	
44021010	
44021011	
44021012	
44021013	
44021014	
44021015	
44021016	
44021017	
44021018	
44021019	
44021020	
44021021	
44021022	
44021023	
44021024	
44021025	
44021026	
44021027	
44021028	
44021029	
44021030	
44021031	
44021032	
44021033	
44021034	
44021035	
44021036	
44021037	
44021038	
44021039	
44021040	
44022001	
44022002	
44022003	
44022004	
44022005	
44022006	
44022007	
44022008	
44022009	
44022010	
44022011	
44022012	
44022013	
44022014	
44022015	
44022016	
44022017	
44022018	
44022019	
44022020	
44022021	
44022022	
44022023	
44022024	
44022025	
44022026	
44022027	
44022028	
44022029	
44022030	
44023001	
44023002	
44023003	
44023004	
44023005	
44023006	
44023007	
44023008	
44023009	
44023010	
44023011	
44023012	
44023013	
44023014	
44023015	
44023016	
44023017	
44023018	
44023019	
44023020	
44023021	
44023022	
44023023	
44023024	
44023025	
44023026	
44023027	
44023028	
44023029	
44023030	
44023031	
44023032	
44023033	
44023034	
44023035	
44024001	
44024002	
44024003	
44024004	
44024005	
44024006	
44024007	
44024008	
44024009	
44024010	
44024011	
44024012	
44024013	
44024014	
44024015	
44024016	
44024017	
44024018	
44024019	
44024020	
44024021	
44024022	
44024023	
44024024	
44024025	
44024026	
44024027	
44025001	
44025002	
44025003	
44025004	
44025005	
44025006	
44025007	
44025008	
44025009	
44025010	
44025011	
44025012	
44025013	
44025014	
44025015	
44025016	
44025017	
44025018	
44025019	
44025020	
44025021	
44025022	
44025023	
44025024	
44025025	
44025026	
44025027	
44026001	
44026002	
44026003	
44026004	
44026005	
44026006	
44026007	
44026008	
44026009	
44026010	
44026011	
44026012	
44026013	
44026014	
44026015	
44026016	
44026017	
44026018	
44026019	
44026020	
44026021	
44026022	
44026023	
44026024	
44026025	
44026026	
44026027	
44026028	
44026029	
44026030	
44026031	
44026032	
44027001	
44027002	
44027003	
44027004	
44027005	
44027006	
44027007	
44027008	
44027009	
44027010	
44027011	
44027012	
44027013	
44027014	
44027015	
44027016	
44027017	
44027018	
44027019	
44027020	
44027021	
44027022	
44027023	
44027024	
44027025	
44027026	
44027027	
44027028	
44027029	
44027030	
44027031	
44027032	
44027033	
44027034	
44027035	
44027036	
44027037	
44027038	
44027039	
44027040	
44027041	
44027042	
44027043	
44027044	
44028001	
44028002	
44028003	
44028004	
44028005	
44028006	
44028007	
44028008	
44028009	
44028010	
44028011	
44028012	
44028013	
44028014	
44028015	
44028016	
44028017	
44028018	
44028019	
44028020	
44028021	
44028022	
44028023	
44028024	
44028025	
44028026	
44028027	
44028028	
44028029	
44028030	
44028031	
52001001	
52001002	
52001003	
52001004	
52001005	
52001006	
52001007	
52001008	
52001009	
52001010	
52002001	
52002002	
52002003	
52002004	
52002005	
52002006	
52002007	
52002008	
52002009	
52002010	
52002011	
52002012	
52002013	
52002014	
52002015	
52002016	
52002017	
52002018	
52002019	
52002020	
52003001	
52003002	
52003003	
52003004	
52003005	
52003006	
52003007	
52003008	
52003009	
52003010	
52003011	
52003012	
52003013	
52004001	
52004002	
52004003	
52004004	
52004005	
52004006	
52004007	
52004008	
52004009	
52004010	
52004011	
52004012	
52004013	
52004014	
52004015	
52004016	
52004017	
52004018	
52005001	
52005002	
52005003	
52005004	
52005005	
52005006	
52005007	
52005008	
52005009	
52005010	
52005011	
52005012	
52005013	
52005014	
52005015	
52005016	
52005017	
52005018	
52005019	
52005020	
52005021	
52005022	
52005023	
52005024	
52005025	
52005026	
52005027	
52005028	
53001001	
53001002	
53001003	
53001004	
53001005	
53001006	
53001007	
53001008	
53001009	
53001010	
53001011	
53001012	
53002001	
53002002	
53002003	
53002004	
53002005	
53002006	
53002007	
53002008	
53002009	
53002010	
53002011	
53002012	
53002013	
53002014	
53002015	
53002016	
53002017	
53003001	
53003002	
53003003	
53003004	
53003005	
53003006	
53003007	
53003008	
53003009	
53003010	
53003011	
53003012	
53003013	
53003014	
53003015	
53003016	
53003017	
53003018	
54001001	
54001002	
54001003	
54001004	
54001005	
54001006	
54001007	
54001008	
54001009	
54001010	
54001011	
54001012	
54001013	
54001014	
54001015	
54001016	
54001017	
54001018	
54001019	
54001020	
54002001	
54002002	
54002003	
54002004	
54002005	
54002006	
54002007	
54002008	
54002009	
54002010	
54002011	
54002012	
54002013	
54002014	
54002015	
54003001	
54003002	
54003003	
54003004	
54003005	
54003006	
54003007	
54003008	
54003009	
54003010	
54003011	
54003012	
54003013	
54003014	
54003015	
54003016	
54004001	
54004002	
54004003	
54004004	
54004005	
54004006	
54004007	
54004008	
54004009	
54004010	
54004011	
54004012	
54004013	
54004014	
54004015	
54004016	
54005001	
54005002	
54005003	
54005004	
54005005	
54005006	
54005007	
54005008	
54005009	
54005010	
54005011	
54005012	
54005013	
54005014	
54005015	
54005016	
54005017	
54005018	
54005019	
54005020	
54005021	
54005022	
54005023	
54005024	
54005025	
54006001	
54006002	
54006003	
54006004	
54006005	
54006006	
54006007	
54006008	
54006009	
54006010	
54006011	
54006012	
54006013	
54006014	
54006015	
54006016	
54006017	
54006018	
54006019	
54006020	
54006021	
55001001	
55001002	
55001003	
55001004	
55001005	
55001006	
55001007	
55001008	
55001009	
55001010	
55001011	
55001012	
55001013	
55001014	
55001015	
55001016	
55001017	
55001018	
55002001	
55002002	
55002003	
55002004	
55002005	
55002006	
55002007	
55002008	
55002009	
55002010	
55002011	
55002012	
55002013	
55002014	
55002015	
55002016	
55002017	
55002018	
55002019	
55002020	
55002021	
55002022	
55002023	
55002024	
55002025	
55002026	
55003001	
55003002	
55003003	
55003004	
55003005	
55003006	
55003007	
55003008	
55003009	
55003010	
55003011	
55003012	
55003013	
55003014	
55003015	
55003016	
55003017	
55004001	
55004002	
55004003	
55004004	
55004005	
55004006	
55004007	
55004008	
55004009	
55004010	
55004011	
55004012	
55004013	
55004014	
55004015	
55004016	
55004017	
55004018	
55004019	
55004020	
55004021	
55004022	
56001001	
56001002	
56001003	
56001004	
56001005	
56001006	
56001007	
56001008	
56001009	
56001010	
56001011	
56001012	
56001013	
56001014	
56001015	
56001016	
56002001	
56002002	
56002003	
56002004	
56002005	
56002006	
56002007	
56002008	
56002009	
56002010	
56002011	
56002012	
56002013	
56002014	
56002015	
56003001	
56003002	
56003003	
56003004	
56003005	
56003006	
56003007	
56003008	
56003009	
56003010	
56003011	
56003012	
56003013	
56003014	
56003015	
57001001	
57001002	
57001003	
57001004	
57001005	
57001006	
57001007	
57001008	
57001009	
57001010	
57001011	
57001012	
57001013	
57001014	
57001015	
57001016	
57001017	
57001018	
57001019	
57001020	
57001021	
57001022	
57001023	
57001024	
57001025	
59001001	
59001002	
59001003	
59001004	
59001005	
59001006	
59001007	
59001008	
59001009	
59001010	
59001011	
59001012	
59001013	
59001014	
59001015	
59001016	
59001017	
59001018	
59001019	
59001020	
59001021	
59001022	
59001023	
59001024	
59001025	
59001026	
59001027	
59002001	
59002002	
59002003	
59002004	
59002005	
59002006	
59002007	
59002008	
59002009	
59002010	
59002011	
59002012	
59002013	
59002014	
59002015	
59002016	
59002017	
59002018	
59002019	
59002020	
59002021	
59002022	
59002023	
59002024	
59002025	
59002026	
59003001	
59003002	
59003003	
59003004	
59003005	
59003006	
59003007	
59003008	
59003009	
59003010	
59003011	
59003012	
59003013	
59003014	
59003015	
59003016	
59003017	
59003018	
59004001	
59004002	
59004003	
59004004	
59004005	
59004006	
59004007	
59004008	
59004009	
59004010	
59004011	
59004012	
59004013	
59004014	
59004015	
59004016	
59004017	
59005001	
59005002	
59005003	
59005004	
59005005	
59005006	
59005007	
59005008	
59005009	
59005010	
59005011	
59005012	
59005013	
59005014	
59005015	
59005016	
59005017	
59005018	
59005019	
59005020	
62001001	
62001002	
62001003	
62001004	
62001005	
62001006	
62001007	
62001008	
62001009	
62001010	
62002001	
62002002	
62002003	
62002004	
62002005	
62002006	
62002007	
62002008	
62002009	
62002010	
62002011	
62002012	
62002013	
62002014	
62002015	
62002016	
62002017	
62002018	
62002019	
62002020	
62002021	
62002022	
62002023	
62002024	
62002025	
62002026	
62002027	
62002028	
62002029	
62003001	
62003002	
62003003	
62003004	
62003005	
62003006	
62003007	
62003008	
62003009	
62003010	
62003011	
62003012	
62003013	
62003014	
62003015	
62003016	
62003017	
62003018	
62003019	
62003020	
62003021	
62003022	
62003023	
62003024	
62004001	
62004002	
62004003	
62004004	
62004005	
62004006	
62004007	
62004008	
62004009	
62004010	
62004011	
62004012	
62004013	
62004014	
62004015	
62004016	
62004017	
62004018	
62004019	
62004020	
62004021	
62005001	
62005002	
62005003	
62005004	
62005005	
62005006	
62005007	
62005008	
62005009	
62005010	
62005011	
62005012	
62005013	
62005014	
62005015	
62005016	
62005017	
62005018	
62005019	
62005020	
62005021	
63001001	
63001002	
63001003	
63001004	
63001005	
63001006	
63001007	
63001008	
63001009	
63001010	
63001011	
63001012	
63001013	
64001001	
64001002	
64001003	
64001004	
64001005	
64001006	
64001007	
64001008	
64001009	
64001010	
64001011	
64001012	
64001013	
64001014	
64001015	
