01001001	
01001002	
01001003	
01001004	
01001005	
01001006	
01001007	
01001008	
01001009	
01001010	
01001011	
01001012	
01001013	
01001014	
01001015	
01001016	
01001017	
01001018	
01001019	
01001020	
01001021	
01001022	
01001023	
01001024	
01001025	
01001026	
01001027	
01001028	
01001029	
01001030	
01001031	
01002001	
01002002	
01002003	
01002004	
01002005	
01002006	
01002007	
01002008	
01002009	
01002010	
01002011	
01002012	
01002013	
01002014	
01002015	
01002016	
01002017	
01002018	
01002019	
01002020	
01002021	
01002022	
01002023	
01002024	
01002025	
01003001	
01003002	
01003003	
01003004	
01003005	
01003006	
01003007	
01003008	
01003009	
01003010	
01003011	
01003012	
01003013	
01003014	
01003015	
01003016	
01003017	
01003018	
01003019	
01003020	
01003021	
01003022	
01003023	
01003024	
01004001	
01004002	
01004003	
01004004	
01004005	
01004006	
01004007	
01004008	
01004009	
01004010	
01004011	
01004012	
01004025	
01004026	
01006005	
01006006	
01006007	
01006008	
01006009	
01006010	
01006011	
01006012	
01006013	
01006014	
01006015	
01006016	
01006017	
01006018	
01006019	
01006020	
01006021	
01006022	
01007001	
01007002	
01007003	
01007004	
01007005	
01007006	
01007007	
01007008	
01007009	
01007010	
01007017	
01007023	
01008015	
01008016	
01008017	
01008018	
01008019	
01008020	
01008021	
01008022	
01009001	
01009002	
01009003	
01009004	
01009005	
01009006	
01009007	
01009008	
01009009	
01009010	
01009011	
01009012	
01009013	
01009014	
01009015	
01011001	
01011002	
01011003	
01011004	
01011005	
01011006	
01011007	
01011008	
01011009	
01011027	
01011028	
01011029	
01011030	
01011031	
01011032	
01012001	
01012002	
01012003	
01012004	
01012005	
01012006	
01012007	
01013001	
01013002	
01013003	
01013004	
01013005	
01013006	
01013007	
01013008	
01013009	
01013010	
01013011	
01013012	
01013013	
01013014	
01013015	
01013016	
01013017	
01013018	
01014011	
01014012	
01014013	
01014014	
01014015	
01014016	
01014017	
01014018	
01014019	
01014020	
01014021	
01014022	
01014023	
01014024	
01015001	
01015002	
01015003	
01015004	
01015005	
01015006	
01015012	
01015013	
01015014	
01015015	
01015016	
01016001	
01016002	
01016003	
01016015	
01016016	
01017001	
01017002	
01017003	
01017004	
01017005	
01017006	
01017007	
01017008	
01017009	
01017010	
01017011	
01017012	
01017013	
01017014	
01017015	
01017016	
01017017	
01017018	
01017019	
01017020	
01017021	
01017022	
01017023	
01017024	
01017025	
01017026	
01017027	
01018001	
01018002	
01018003	
01018004	
01018005	
01018006	
01018007	
01018008	
01018009	
01018010	
01018011	
01018012	
01018013	
01018014	
01018015	
01018016	
01018017	
01018018	
01018019	
01018020	
01018021	
01018022	
01018023	
01018024	
01018025	
01018026	
01018027	
01018028	
01018029	
01018030	
01018031	
01018032	
01018033	
01019001	
01019002	
01019003	
01019004	
01019005	
01019006	
01019007	
01019008	
01019009	
01019010	
01019011	
01019012	
01019013	
01019014	
01019015	
01019016	
01019017	
01019023	
01019024	
01019025	
01019026	
01021001	
01021002	
01021003	
01021004	
01021005	
01021006	
01021007	
01021008	
01021009	
01021010	
01021011	
01021012	
01021013	
01021014	
01022001	
01022002	
01022003	
01022004	
01022005	
01022006	
01022007	
01022008	
01022009	
01022010	
01022011	
01022012	
01022013	
01022014	
01022015	
01022016	
01022017	
01022018	
01022019	
01035009	
01035010	
01035011	
01035012	
01035013	
01035014	
01035015	
01035016	
01035017	
01035018	
01035019	
01035020	
01035021	
01035022	
01035023	
01035024	
01035025	
01035026	
01035027	
01035028	
01035029	
01037001	
01037002	
01037003	
01037004	
01037005	
01037006	
01037007	
01037008	
01037012	
01037013	
01037014	
01037015	
01037016	
01037017	
01037018	
01037019	
01037020	
01037021	
01037022	
01037023	
01037024	
01037025	
01037026	
01037027	
01037028	
01037029	
01037030	
01037031	
01037032	
01037033	
01037034	
01037035	
01037036	
01039001	
01039002	
01039003	
01039004	
01039005	
01039006	
01039007	
01039008	
01039009	
01039010	
01039011	
01039012	
01039013	
01039014	
01039015	
01039016	
01039017	
01039018	
01039019	
01039020	
01039021	
01039022	
01039023	
01040001	
01040002	
01040003	
01040004	
01040005	
01040006	
01040007	
01040008	
01040009	
01040010	
01040011	
01040012	
01040013	
01040014	
01040015	
01040016	
01040017	
01040018	
01040019	
01040020	
01040021	
01040022	
01040023	
01041001	
01041002	
01041003	
01041004	
01041005	
01041006	
01041007	
01041008	
01041009	
01041010	
01041011	
01041012	
01041013	
01041014	
01041015	
01041016	
01041017	
01041018	
01041019	
01041020	
01041021	
01041022	
01041023	
01041024	
01041025	
01041026	
01041027	
01041028	
01041029	
01041030	
01041031	
01041032	
01041033	
01041034	
01041035	
01041036	
01041037	
01041038	
01041039	
01041040	
01041041	
01041042	
01041045	
01041046	
01041047	
01041048	
01041049	
01041050	
01041051	
01041053	
01041054	
01041055	
01041056	
01041057	
01042001	
01042002	
01042003	
01042004	
01042005	
01042006	
01042007	
01042008	
01042009	
01042010	
01042021	
01042022	
01042023	
01045004	
01045005	
01045006	
01045007	
01045008	
01045009	
01045010	
01045011	
01045025	
01045026	
01045027	
01045028	
01046001	
01046002	
01046003	
01046004	
01046005	
01046006	
01046007	
01046028	
01046029	
01046030	
01047027	
01047028	
01047029	
01047030	
01047031	
01048001	
01048002	
01048003	
01048004	
01048005	
01048006	
01048013	
01048014	
01048015	
01048016	
01048017	
01048018	
01048019	
01048020	
01048021	
01049008	
01049009	
01049010	
01049011	
01049012	
01049033	
01050015	
01050016	
01050017	
01050018	
01050019	
01050020	
01050021	
01050022	
01050023	
01050024	
01050025	
01050026	
02001001	
02001002	
02001003	
02001004	
02001005	
02001006	
02001007	
02001009	
02001010	
02001011	
02001012	
02001013	
02001014	
02001022	
02002001	
02002002	
02002003	
02002004	
02002005	
02002006	
02002007	
02002008	
02002009	
02002010	
02002011	
02002012	
02002013	
02002014	
02002015	
02003001	
02003002	
02003003	
02003004	
02003005	
02003006	
02003007	
02003008	
02003009	
02003010	
02003011	
02003012	
02003013	
02003014	
02003015	
02003016	
02011001	
02011002	
02011003	
02011004	
02011005	
02011006	
02011007	
02012001	
02012002	
02012003	
02012004	
02012005	
02012006	
02012007	
02012008	
02012009	
02012010	
02012011	
02012012	
02012013	
02012014	
02012015	
02012016	
02012017	
02012021	
02012022	
02012023	
02012024	
02012025	
02012026	
02012027	
02012028	
02012029	
02012030	
02012031	
02012032	
02012033	
02012037	
02012038	
02012039	
02012040	
02012041	
02012042	
02012043	
02012044	
02012045	
02012046	
02012047	
02012048	
02012049	
02012050	
02012051	
02013001	
02013002	
02013011	
02013012	
02013013	
02013014	
02013015	
02013016	
02013020	
02013021	
02014005	
02014006	
02014007	
02014008	
02014009	
02014010	
02014011	
02014012	
02014013	
02014014	
02014015	
02014016	
02014017	
02014018	
02014019	
02014020	
02014021	
02014022	
02014023	
02014024	
02014025	
02014026	
02014027	
02014028	
02014029	
02014030	
02014031	
02015001	
02015002	
02015003	
02015004	
02015005	
02015006	
02015007	
02015008	
02015009	
02015010	
02015011	
02015012	
02015013	
02015014	
02015015	
02015016	
02015017	
02015018	
02015019	
02015020	
02015021	
02015022	
02015023	
02015024	
02015025	
02016001	
02016002	
02016003	
02016004	
02016005	
02016011	
02016012	
02016013	
02016014	
02016015	
02016016	
02016017	
02016018	
02016019	
02016020	
02016021	
02016022	
02016023	
02016024	
02016025	
02016026	
02016027	
02016028	
02016029	
02016030	
02016031	
02016035	
02016036	
02017001	
02017002	
02017003	
02017004	
02017005	
02017006	
02017007	
02017008	
02017009	
02017010	
02017011	
02017012	
02017013	
02018001	
02018002	
02018003	
02018004	
02018005	
02018006	
02018007	
02018008	
02018009	
02018010	
02018011	
02018012	
02018013	
02018014	
02018015	
02018016	
02018017	
02018018	
02018019	
02018020	
02018021	
02018022	
02018023	
02018024	
02018025	
02018026	
02018027	
02019001	
02019002	
02019003	
02019004	
02019005	
02019006	
02019007	
02019008	
02019009	
02019010	
02019011	
02019012	
02019013	
02019014	
02019015	
02019016	
02019017	
02019018	
02019019	
02019020	
02019021	
02020001	
02020002	
02020003	
02020004	
02020005	
02020006	
02020007	
02020008	
02020009	
02020010	
02020011	
02020012	
02020013	
02020014	
02020015	
02020016	
02020017	
03001001	
03001002	
03001003	
03001004	
03001005	
03001006	
03001007	
03001008	
03001009	
03003001	
03003002	
03003003	
03003004	
03003005	
03013001	
03013002	
03013003	
03013004	
03013005	
03013006	
03013007	
03013008	
03013009	
03013010	
03013011	
03013012	
03013013	
03013045	
03013046	
03017010	
03017011	
03018001	
03018002	
03018003	
03018004	
03018005	
03018006	
03018019	
03018020	
03018021	
03018022	
03018023	
03018024	
03019001	
03019002	
03019017	
03019018	
03020006	
03024019	
03024020	
03024021	
03024022	
04006022	
04006023	
04006024	
04006025	
04006026	
04006027	
04013001	
04013002	
04013003	
04013017	
04013018	
04013019	
04013020	
04013021	
04013025	
04013026	
04013027	
04013028	
04013029	
04013030	
04013031	
04013032	
04013033	
04014001	
04014002	
04014003	
04014004	
04014005	
04014006	
04014007	
04014008	
04014009	
04014010	
04014026	
04014027	
04014028	
04014029	
04014030	
04014031	
04014032	
04014033	
04014034	
04014035	
04020001	
04020002	
04020003	
04020004	
04020005	
04020006	
04020007	
04020008	
04020009	
04020010	
04020011	
04020012	
04020013	
04020023	
04020024	
04020025	
04020026	
04020027	
04020028	
04020029	
04021004	
04021005	
04021006	
04021007	
04021008	
04021009	
04021010	
04021011	
04021012	
04021013	
04021021	
04021022	
04021023	
04021024	
04021025	
04021031	
04021032	
04021033	
04021034	
04021035	
04022001	
04022002	
04022003	
04022004	
04022005	
04022006	
04022007	
04022008	
04022009	
04022010	
04022011	
04022012	
04022013	
04022014	
04022021	
04022022	
04022023	
04022024	
04022025	
04022026	
04022027	
04022028	
04022029	
04022030	
04022031	
04022032	
04022033	
04022034	
04022035	
04023018	
04023019	
04023020	
04023021	
04023022	
04023023	
04023024	
04024017	
04024018	
04024019	
04025001	
04025002	
04025003	
04025004	
04025005	
04025006	
04025007	
04025008	
04025009	
04025010	
04025011	
04025012	
04025013	
04027018	
04027019	
04027020	
04027021	
04027022	
04027023	
04033050	
04033051	
04033052	
04033053	
04033054	
04033055	
04033056	
04035009	
04035010	
04035011	
04035012	
04035013	
05004001	
05004002	
05004006	
05004007	
05004008	
05004032	
05004033	
05004034	
05004039	
05004040	
05006004	
05006005	
05006006	
05006007	
05007001	
05007002	
05007003	
05007004	
05007005	
05007006	
05007007	
05007008	
05007009	
05007010	
05007011	
05008002	
05008003	
05008011	
05008012	
05008013	
05008014	
05008015	
05008016	
05008017	
05008018	
05011018	
05011019	
05011026	
05011027	
05011028	
05011032	
05012009	
05012010	
05017014	
05017015	
05017016	
05017017	
05017018	
05017019	
05017020	
05018009	
05018010	
05018011	
05018012	
05018013	
05018014	
05018015	
05018016	
05018017	
05018018	
05018019	
05018020	
05018021	
05018022	
05031007	
05031008	
05034001	
05034002	
05034003	
05034004	
05034005	
05034006	
05034007	
05034008	
05034009	
05034010	
05034011	
05034012	
06003001	
06003002	
06003003	
06003004	
06003005	
06003006	
06003007	
06003008	
06003009	
06003010	
06003011	
06003012	
06003013	
06003014	
06003015	
06003016	
06003017	
06004001	
06004002	
06004003	
06004004	
06004005	
06004006	
06004007	
06004008	
06004009	
06004010	
06004011	
06004012	
06004013	
06004014	
06004015	
06004016	
06004017	
06004018	
06004019	
06004020	
06004021	
06004022	
06004023	
06004024	
06005001	
06005002	
06005003	
06005004	
06005005	
06005006	
06005007	
06005008	
06005009	
06005010	
06005011	
06005012	
06005013	
06005014	
06005015	
06006001	
06006002	
06006003	
06006004	
06006005	
06006006	
06006007	
06006008	
06006009	
06006010	
06006011	
06006012	
06006013	
06006014	
06006015	
06006016	
06006017	
06006018	
06006019	
06006020	
06006021	
06006022	
06006023	
06006024	
06006025	
06006026	
06006027	
06024001	
06024002	
06024003	
06024004	
06024005	
06024006	
06024007	
06024008	
06024009	
06024010	
06024011	
06024012	
06024013	
06024014	
06024015	
06024016	
06024017	
06024018	
06024019	
06024020	
06024021	
06024022	
06024023	
06024024	
06024025	
06024026	
06024027	
06024028	
06024029	
06024030	
06024031	
06024032	
06024033	
07002007	
07002008	
07002009	
07002010	
07002011	
07002012	
07002013	
07002014	
07002015	
07002016	
07002017	
07002018	
07002019	
08001001	
08001002	
08001003	
08001004	
08001005	
08001006	
08001007	
08001008	
08001009	
08001010	
08001011	
08001012	
08001013	
08001014	
08001015	
08001016	
08001017	
08001018	
08001019	
08001020	
08001021	
08001022	
08002001	
08002002	
08002003	
08002004	
08002005	
08002006	
08002007	
08002008	
08002009	
08002010	
08002011	
08002012	
08002013	
08002014	
08002015	
08002016	
08002017	
08002018	
08002019	
08002020	
08002021	
08002022	
08002023	
08003001	
08003002	
08003003	
08003004	
08003005	
08003006	
08003007	
08003008	
08003009	
08003010	
08003011	
08003012	
08003013	
08003014	
08003015	
08003016	
08003017	
08003018	
08004001	
08004002	
08004003	
08004004	
08004005	
08004006	
08004007	
08004008	
08004009	
08004010	
08004011	
08004012	
08004013	
08004014	
08004015	
08004016	
08004017	
08004018	
08004019	
08004020	
08004021	
08004022	
09001001	
09001002	
09001003	
09001004	
09001005	
09001006	
09001007	
09001008	
09001009	
09001010	
09001011	
09001012	
09001013	
09001014	
09001015	
09001016	
09001017	
09001018	
09001019	
09001020	
09001021	
09001022	
09001023	
09001024	
09001025	
09001026	
09001027	
09001028	
09002001	
09002002	
09002003	
09002004	
09002005	
09002006	
09002007	
09002008	
09002009	
09002010	
09002011	
09003001	
09003002	
09003003	
09003004	
09003005	
09003006	
09003007	
09003008	
09003009	
09003010	
09003011	
09003012	
09003013	
09003014	
09003015	
09003016	
09003017	
09003018	
09003019	
09003020	
09003021	
09008001	
09008002	
09008003	
09008004	
09008005	
09008006	
09008007	
09008008	
09008009	
09008010	
09008011	
09008012	
09009001	
09009002	
09009003	
09009015	
09009016	
09010001	
09010002	
09010005	
09010006	
09010007	
09010008	
09010009	
09010010	
09010011	
09010012	
09010013	
09010014	
09010015	
09010016	
09010017	
09010018	
09010019	
09010020	
09010021	
09010022	
09010023	
09010024	
09011014	
09011015	
09013013	
09013014	
09015001	
09015002	
09015003	
09015004	
09015007	
09015008	
09015009	
09015010	
09015011	
09015012	
09015013	
09015014	
09015015	
09015016	
09015017	
09015018	
09015019	
09015020	
09015021	
09015022	
09015023	
09015027	
09015028	
09015029	
09015034	
09015035	
09016001	
09016002	
09016004	
09016005	
09016006	
09016007	
09016010	
09016011	
09016012	
09016013	
09016014	
09018005	
09018006	
09018007	
09018008	
09018009	
09021001	
09021002	
09021003	
09021004	
09021005	
09021006	
09031001	
09031002	
09031003	
09031004	
09031005	
10005001	
10005002	
10005003	
10005004	
10007001	
10007002	
10007003	
10007004	
10007005	
10007008	
10007009	
10007010	
10007011	
10007012	
10007013	
10007014	
10007015	
10007016	
10007017	
10011001	
10011002	
10011003	
10011004	
10011005	
10011006	
10011007	
10011008	
10011009	
10011010	
10011011	
10011012	
10011013	
10011014	
10011015	
10011016	
10011017	
10011026	
10011027	
10012001	
10012002	
10012003	
10012004	
10012005	
10012006	
10012007	
10012008	
10012009	
10012010	
10012011	
10012012	
10012013	
10012014	
10012015	
10012016	
10012017	
10012018	
10012019	
10012020	
10012021	
10012022	
10012023	
10012024	
10012025	
11002010	
11002011	
11002012	
11003003	
11003004	
11003005	
11003007	
11003008	
11003009	
11003010	
11003011	
11003012	
11003013	
11003014	
11003015	
11003016	
11003017	
11003018	
11003019	
11003020	
11003021	
11003022	
11003023	
11003024	
11003025	
11003026	
11003027	
11003028	
11004020	
11004021	
11004025	
11005001	
11005002	
11005003	
11005004	
11005005	
11005006	
11006001	
11006007	
11006011	
11006012	
11006013	
11006014	
11008001	
11008003	
11008004	
11008005	
11008006	
11008010	
11008011	
11008022	
11008023	
11008027	
11008028	
11008029	
11008030	
11008041	
11008042	
11008043	
11010001	
11010002	
11010003	
11010004	
11010005	
11010006	
11010007	
11010008	
11010009	
11011001	
11011002	
11011003	
11011004	
11011005	
11011007	
11011008	
11011009	
11011010	
11011011	
11011012	
11011013	
11011026	
11011027	
11011028	
11011029	
11011030	
11011031	
11011032	
11011033	
11011035	
11011040	
11011042	
11011043	
11012001	
11012002	
11012003	
11012004	
11012005	
11012006	
11012007	
11012008	
11012009	
11012010	
11012011	
11012012	
11012013	
11012014	
11012015	
11012016	
11012017	
11012018	
11012019	
11012020	
11012025	
11012026	
11012027	
11012028	
11012029	
11012030	
11012031	
11016030	
11016031	
11016032	
11016033	
11017001	
11017008	
11017009	
11017010	
11017011	
11017012	
11017013	
11017014	
11017015	
11017016	
11017017	
11017018	
11017019	
11017020	
11017021	
11017022	
11017023	
11017024	
11018001	
11018002	
11018017	
11018018	
11018019	
11018020	
11018021	
11018022	
11018023	
11018024	
11018025	
11018026	
11018027	
11018028	
11018029	
11018030	
11018031	
11018032	
11018033	
11018034	
11018035	
11018036	
11018037	
11018038	
11018039	
11018040	
11018041	
11018042	
11018043	
11018044	
11018045	
11018046	
11019001	
11019002	
11019003	
11019004	
11019005	
11019006	
11019007	
11019008	
11019009	
11019010	
11019011	
11019012	
11019013	
11019014	
11019015	
11019016	
11019017	
11019018	
11019019	
11019020	
11019021	
12002001	
12002002	
12002003	
12002004	
12002005	
12002006	
12002007	
12002008	
12002009	
12002010	
12002011	
12002012	
12002013	
12002014	
12002015	
12002016	
12002017	
12002018	
12004008	
12004009	
12004010	
12004011	
12004014	
12004015	
12004016	
12004017	
12004042	
12004043	
12004044	
12005001	
12005002	
12005003	
12005009	
12005010	
12005011	
12005012	
12005013	
12005014	
12005015	
12005016	
12005017	
12005018	
12005019	
12017005	
12017006	
12017007	
12017008	
12017009	
12017010	
12017011	
12017012	
12017024	
12017025	
12017026	
12017027	
12017028	
12017029	
12018001	
12018002	
12018003	
12018004	
12018005	
12018006	
12018007	
12018008	
12021001	
12021002	
12021003	
12021004	
12021005	
12021006	
12021010	
12021011	
12021012	
12021013	
12021014	
12021015	
12021016	
12021018	
12021019	
12021020	
12021021	
12021022	
12021023	
12021024	
12022001	
12022002	
12022011	
12022012	
12022013	
12022016	
12022017	
12022018	
12022019	
12022020	
12023001	
12023002	
12023003	
12023004	
14036014	
14036015	
14036016	
14036017	
14036018	
14036019	
14036020	
14036021	
14036022	
14036023	
15003001	
15003002	
15003003	
15003004	
15003005	
15003006	
15003007	
15003008	
15006016	
16008001	
16008002	
16008003	
16008004	
16008005	
16008006	
16008007	
16008008	
16008009	
16008010	
18001001	
18001002	
18001003	
18001004	
18001005	
18001006	
18001007	
18001008	
18001009	
18001010	
18001011	
18001012	
18001013	
18001014	
18001015	
18001016	
18001017	
18001018	
18001019	
18001020	
18001021	
18001022	
18002001	
18002002	
18002003	
18002004	
18002005	
18002006	
18002007	
18002008	
18002009	
18002010	
18002011	
18002012	
18002013	
18003001	
18003002	
18003003	
18003004	
18003005	
18003006	
18003007	
18003008	
18003009	
18003010	
18003011	
18003012	
18003013	
18003014	
18003015	
18004001	
18004002	
18004003	
18004004	
18004005	
18004006	
18004007	
18004008	
18038001	
18038002	
18038003	
18038004	
18038005	
18038006	
18038007	
18038008	
18040001	
18040002	
18040003	
18040004	
18040005	
18042001	
18042002	
18042003	
18042004	
18042005	
18042006	
18042007	
18042008	
18042009	
18042010	
18042011	
18042012	
18042013	
18042014	
18042015	
18042016	
18042017	
19001001	
19001002	
19001003	
19001004	
19001005	
19001006	
19008001	
19008002	
19023001	
19023002	
19023003	
19023004	
19023005	
19023006	
19027001	
19027002	
19027003	
19027004	
19027005	
19027006	
19027007	
19027008	
19027009	
19027010	
19027011	
19027012	
19027013	
19027014	
19034001	
19034002	
19034003	
19034004	
19034005	
19034006	
19034007	
19034008	
19034009	
19034010	
19034011	
19034012	
19034013	
19034014	
19034015	
19034016	
19034017	
19034018	
19034019	
19034020	
19034021	
19034022	
19034023	
19051001	
19051002	
19051003	
19051004	
19051005	
19051006	
19051007	
19051008	
19051009	
19051010	
19051011	
19051012	
19051013	
19051014	
19051015	
19051016	
19051017	
19067001	
19067002	
19067003	
19067004	
19067005	
19067006	
19067007	
19067008	
19090001	
19090002	
19090003	
19090004	
19090005	
19090006	
19090007	
19090008	
19090009	
19090010	
19090011	
19090012	
19090013	
19090014	
19090015	
19090016	
19090017	
19095001	
19095002	
19095003	
19095004	
19095005	
19095006	
19095007	
19095008	
19095009	
19095010	
19095011	
19100001	
19100002	
19100003	
19100004	
19100005	
19103001	
19103002	
19103003	
19103004	
19103005	
19103006	
19103007	
19103008	
19103009	
19103010	
19103011	
19103012	
19103013	
19103014	
19103015	
19103016	
19103017	
19103018	
19103019	
19103020	
19103021	
19103022	
19110001	
19110002	
19110003	
19110004	
19110005	
19110006	
19110007	
19119009	
19119010	
19119011	
19119012	
19119013	
19119014	
19119015	
19119016	
19139001	
19139002	
19139003	
19139004	
19139005	
19139006	
19139007	
19139008	
19139009	
19139010	
19139011	
19139012	
19139013	
19139014	
19139015	
19139016	
19139017	
19139018	
19139019	
19139020	
19139021	
19139022	
19139023	
19139024	
20001007	
20001008	
20001009	
20005008	
20005009	
20005021	
20005022	
20005023	
20006020	
20006021	
20006022	
20006023	
20006024	
20006025	
20008022	
20008023	
20008024	
20008025	
20008026	
20008027	
20008028	
20008029	
20008030	
20008031	
20009001	
20009002	
20009003	
20009004	
20009005	
20009006	
20013001	
20013004	
20013024	
20017021	
20020004	
20022006	
20023013	
20023014	
20024030	
20024031	
20024032	
20024033	
20024034	
20026013	
20026015	
20029003	
20029015	
20029017	
20031010	
20031011	
20031012	
20031013	
20031019	
20031020	
20031030	
20031031	
21001001	
21001002	
21001003	
21001004	
21001005	
21001006	
21001007	
21001008	
21001009	
21001010	
21001011	
21001012	
21001013	
21001014	
21001015	
21001016	
21001017	
21001018	
21002001	
21002002	
21002003	
21002004	
21002005	
21002006	
21002007	
21002008	
21002009	
21002010	
21002011	
21002012	
21002013	
21002014	
21002015	
21002016	
21002017	
21002018	
21002019	
21002020	
21002021	
21002022	
21002023	
21002024	
21002025	
21002026	
21003001	
21003002	
21003003	
21003004	
21003005	
21003006	
21003007	
21003008	
21003009	
21003010	
21003011	
21004009	
21004010	
21004011	
21004012	
21005010	
21005011	
21005012	
21005013	
21005014	
21005015	
21007015	
21007016	
21007017	
21007018	
21007019	
21007020	
21008016	
21008017	
21011009	
21011010	
21012001	
21012002	
21012003	
21012004	
21012005	
21012006	
21012007	
21012008	
21012009	
21012010	
21012011	
21012012	
21012013	
21012014	
23002001	
23002002	
23002003	
23002004	
23002005	
23005001	
23005002	
23005003	
23005004	
23005005	
23005006	
23005007	
23006001	
23006002	
23006003	
23006004	
23006005	
23006006	
23006007	
23006008	
23007010	
23007011	
23007012	
23007013	
23007014	
23008021	
23008022	
23009001	
23009002	
23009003	
23009006	
23009007	
23009008	
23009009	
23009010	
23011001	
23011002	
23011003	
23011004	
23011005	
23011006	
23011007	
23011008	
23011009	
23011010	
23035001	
23035002	
23035003	
23035004	
23035005	
23035006	
23035007	
23035008	
23035009	
23035010	
23040001	
23040002	
23040003	
23040004	
23040005	
23040006	
23040007	
23040008	
23040009	
23040010	
23040011	
23042001	
23042002	
23042003	
23042004	
23042005	
23042006	
23042007	
23049003	
23049005	
23049006	
23049014	
23049015	
23049016	
23049017	
23050004	
23050005	
23050006	
23050007	
23050008	
23050009	
23052007	
23052008	
23052009	
23052010	
23052013	
23052014	
23052015	
23053001	
23053002	
23053003	
23053004	
23053005	
23053006	
23053007	
23053008	
23053009	
23053010	
23053011	
23053012	
23054005	
23054006	
23054007	
23054008	
23054009	
23054010	
23055001	
23055002	
23055003	
23055004	
23055005	
23055006	
23055007	
23055008	
23055009	
23055010	
23055011	
23056001	
23056006	
23056007	
23058007	
23058008	
23058009	
23058010	
23061001	
23061002	
23061003	
23061006	
23061007	
23061008	
23061009	
23061010	
23061011	
23064004	
23064005	
23064006	
23064007	
23064008	
23064009	
24001004	
24001005	
24001006	
24001007	
24001008	
24001009	
24001010	
24001017	
24001018	
24001019	
24006013	
24006014	
24017005	
24017006	
24017007	
24017008	
24017009	
24017010	
24020005	
24020006	
24020007	
24020008	
24020009	
24020010	
24020011	
24020012	
24020013	
24023001	
24023002	
24023003	
24023004	
24023005	
24023006	
24023029	
24031007	
24031008	
24031009	
24031031	
24031032	
24031033	
24031034	
24033014	
24033015	
24033016	
24038004	
24038005	
24038006	
25001001	
25001002	
25001003	
25001004	
25001005	
25001006	
25001007	
25003019	
25003020	
25003021	
25003022	
25003023	
25003024	
25003025	
25003026	
25003027	
25003028	
25003029	
25003030	
25003031	
25003032	
25003033	
26001028	
26002001	
26002002	
26002003	
26002004	
26002005	
26017022	
26017023	
26017024	
26018025	
26018026	
26018027	
26018028	
26033007	
26033008	
26033009	
26034011	
26034012	
26034015	
26034016	
26034017	
26036016	
26036017	
26036018	
26036019	
26036020	
26036021	
26036022	
26036023	
26036024	
26036025	
26036026	
26036027	
26036028	
26037001	
26037002	
26037003	
26037004	
26037005	
26037006	
26037007	
26037008	
26037009	
26037010	
26037011	
26037012	
26037013	
26037014	
26047001	
26047002	
26047008	
26047009	
26047012	
27007013	
27007014	
27012001	
27012002	
27012003	
28011001	
28011002	
30008004	
30008005	
30008006	
30008007	
30008010	
32001001	
32001002	
32001003	
32001004	
32001005	
32001006	
32001007	
32001008	
32001009	
32001010	
32001011	
32001012	
32001013	
32001014	
32001015	
32001016	
32002001	
32002002	
32002003	
32002004	
32002005	
32002006	
32002007	
32002008	
32002009	
32002010	
32002011	
32003001	
32003002	
32003003	
32003004	
32003005	
32003006	
32003007	
32003008	
32003009	
32003010	
32004001	
32004002	
32004003	
32004004	
32004005	
32004006	
32004007	
32004008	
32004009	
32004010	
32004011	
33005001	
33005002	
33005003	
33005004	
38009009	
38009010	
38012010	
38012011	
38013001	
41001001	
41001002	
41001003	
41001004	
41001005	
41001006	
41001007	
41001008	
41001009	
41001010	
41001011	
41001012	
41001013	
41001014	
41001015	
41001016	
41001017	
41001018	
41001019	
41001020	
41001021	
41001022	
41001023	
41001024	
41001025	
41001026	
41001027	
41001028	
41001029	
41001030	
41001031	
41001032	
41001033	
41001034	
41001035	
41001036	
41001037	
41001038	
41001039	
41001040	
41001041	
41001042	
41001043	
41001044	
41001045	
41002001	
41002002	
41002003	
41002004	
41002005	
41002006	
41002007	
41002008	
41002009	
41002010	
41002011	
41002012	
41002013	
41002014	
41002015	
41002016	
41002017	
41002018	
41002019	
41002020	
41002021	
41002022	
41002023	
41002024	
41002025	
41002026	
41002027	
41002028	
41003001	
41003002	
41003003	
41003004	
41003005	
41003006	
41003007	
41003008	
41003009	
41003010	
41003011	
41003012	
41003013	
41003014	
41003015	
41003016	
41003017	
41003018	
41003019	
41003020	
41003021	
41003022	
41003023	
41003024	
41003025	
41003026	
41003027	
41003028	
41003029	
41003030	
41003031	
41003032	
41003033	
41003034	
41003035	
41004001	
41004002	
41004003	
41004004	
41004005	
41004006	
41004007	
41004008	
41004009	
41004010	
41004011	
41004012	
41004013	
41004014	
41004015	
41004016	
41004017	
41004018	
41004019	
41004020	
41004021	
41004022	
41004023	
41004024	
41004025	
41004026	
41004027	
41004028	
41004029	
41004030	
41004031	
41004032	
41004033	
41004034	
41004035	
41004036	
41004037	
41004038	
41004039	
41004040	
41004041	
41005001	
41005002	
41005003	
41005004	
41005005	
41005006	
41005007	
41005008	
41005009	
41005010	
41005011	
41005012	
41005013	
41005014	
41005015	
41005016	
41005017	
41005018	
41005019	
41005020	
41005021	
41005022	
41005023	
41005024	
41005025	
41005026	
41005027	
41005028	
41005029	
41005030	
41005031	
41005032	
41005033	
41005034	
41005035	
41005036	
41005037	
41005038	
41005039	
41005040	
41005041	
41005042	
41005043	
41006001	
41006002	
41006003	
41006004	
41006005	
41006006	
41006007	
41006008	
41006009	
41006010	
41006011	
41006012	
41006013	
41006014	
41006015	
41006016	
41006017	
41006018	
41006019	
41006020	
41006021	
41006022	
41006023	
41006024	
41006025	
41006026	
41006027	
41006028	
41006029	
41006030	
41006031	
41006032	
41006033	
41006034	
41006035	
41006036	
41006037	
41006038	
41006039	
41006040	
41006041	
41006042	
41006043	
41006044	
41006045	
41006046	
41006047	
41006048	
41006049	
41006050	
41006051	
41006052	
41006053	
41006054	
41006055	
41006056	
41007001	
41007002	
41007003	
41007004	
41007005	
41007006	
41007007	
41007008	
41007009	
41007010	
41007011	
41007012	
41007013	
41007014	
41007015	
41007016	
41007017	
41007018	
41007019	
41007020	
41007021	
41007022	
41007023	
41007024	
41007025	
41007026	
41007027	
41007028	
41007029	
41007030	
41007031	
41007032	
41007033	
41007034	
41007035	
41007036	
41007037	
41008001	
41008002	
41008003	
41008004	
41008005	
41008006	
41008007	
41008008	
41008009	
41008010	
41008011	
41008012	
41008013	
41008014	
41008015	
41008016	
41008017	
41008018	
41008019	
41008020	
41008021	
41008022	
41008023	
41008024	
41008025	
41008026	
41008027	
41008028	
41008029	
41008030	
41008031	
41008032	
41008033	
41008034	
41008035	
41008036	
41008037	
41008038	
41009001	
41009002	
41009003	
41009004	
41009005	
41009006	
41009007	
41009008	
41009009	
41009010	
41009011	
41009012	
41009013	
41009014	
41009015	
41009016	
41009017	
41009018	
41009019	
41009020	
41009021	
41009022	
41009023	
41009024	
41009025	
41009026	
41009027	
41009028	
41009029	
41009030	
41009031	
41009032	
41009033	
41009034	
41009035	
41009036	
41009037	
41009038	
41009039	
41009040	
41009041	
41009042	
41009043	
41009044	
41009045	
41009046	
41009047	
41009048	
41009049	
41009050	
41010001	
41010002	
41010003	
41010004	
41010005	
41010006	
41010007	
41010008	
41010009	
41010010	
41010011	
41010012	
41010013	
41010014	
41010015	
41010016	
41010017	
41010018	
41010019	
41010020	
41010021	
41010022	
41010023	
41010024	
41010025	
41010026	
41010027	
41010028	
41010029	
41010030	
41010031	
41010032	
41010033	
41010034	
41010035	
41010036	
41010037	
41010038	
41010039	
41010040	
41010041	
41010042	
41010043	
41010044	
41010045	
41010046	
41010047	
41010048	
41010049	
41010050	
41010051	
41010052	
41011001	
41011002	
41011003	
41011004	
41011005	
41011006	
41011007	
41011008	
41011009	
41011010	
41011011	
41011012	
41011013	
41011014	
41011015	
41011016	
41011017	
41011018	
41011019	
41011020	
41011021	
41011022	
41011023	
41011024	
41011025	
41011026	
41011027	
41011028	
41011029	
41011030	
41011031	
41011032	
41011033	
41012001	
41012002	
41012003	
41012004	
41012005	
41012006	
41012007	
41012008	
41012009	
41012010	
41012011	
41012012	
41012013	
41012014	
41012015	
41012016	
41012017	
41012018	
41012019	
41012020	
41012021	
41012022	
41012023	
41012024	
41012025	
41012026	
41012027	
41012028	
41012029	
41012030	
41012031	
41012032	
41012033	
41012034	
41012035	
41012036	
41012037	
41012038	
41012039	
41012040	
41012041	
41012042	
41012043	
41012044	
41013001	
41013002	
41013003	
41013004	
41013005	
41013006	
41013007	
41013008	
41013009	
41013010	
41013011	
41013012	
41013013	
41013014	
41013015	
41013016	
41013017	
41013018	
41013019	
41013020	
41013021	
41013022	
41013023	
41013024	
41013025	
41013026	
41013027	
41013028	
41013029	
41013030	
41013031	
41013032	
41013033	
41013034	
41013035	
41013036	
41013037	
41014001	
41014002	
41014003	
41014004	
41014005	
41014006	
41014007	
41014008	
41014009	
41014010	
41014011	
41014012	
41014013	
41014014	
41014015	
41014016	
41014017	
41014018	
41014019	
41014020	
41014021	
41014022	
41014023	
41014024	
41014025	
41014026	
41014027	
41014028	
41014029	
41014030	
41014031	
41014032	
41014033	
41014034	
41014035	
41014036	
41014037	
41014038	
41014039	
41014040	
41014041	
41014042	
41014043	
41014044	
41014045	
41014046	
41014047	
41014048	
41014049	
41014050	
41014051	
41014052	
41014053	
41014054	
41014055	
41014056	
41014057	
41014058	
41014059	
41014060	
41014061	
41014062	
41014063	
41014064	
41014065	
41014066	
41014067	
41014068	
41014069	
41014070	
41014071	
41014072	
41015001	
41015002	
41015003	
41015004	
41015005	
41015006	
41015007	
41015008	
41015009	
41015010	
41015011	
41015012	
41015013	
41015014	
41015015	
41015016	
41015017	
41015018	
41015019	
41015020	
41015021	
41015022	
41015023	
41015024	
41015025	
41015026	
41015027	
41015029	
41015030	
41015031	
41015032	
41015033	
41015034	
41015035	
41015036	
41015037	
41015038	
41015039	
41015040	
41015041	
41015042	
41015043	
41015044	
41015045	
41015046	
41015047	
41016001	
41016002	
41016003	
41016004	
41016005	
41016006	
41016007	
41016008	
41016009	
41016010	
41016011	
41016012	
41016013	
41016014	
41016015	
41016016	
41016017	
41016018	
41016019	
41016020	
44001001	
44001002	
44001003	
44001004	
44001005	
44001006	
44001007	
44001008	
44001009	
44001010	
44001011	
44001012	
44001013	
44001014	
44001015	
44001016	
44001017	
44001018	
44001019	
44001020	
44001021	
44001022	
44001023	
44001024	
44001025	
44001026	
44002001	
44002002	
44002003	
44002004	
44002005	
44002006	
44002007	
44002008	
44002009	
44002010	
44002011	
44002012	
44002013	
44002014	
44002015	
44002016	
44002017	
44002018	
44002019	
44002020	
44002021	
44002022	
44002023	
44002024	
44002025	
44002026	
44002027	
44002028	
44002029	
44002030	
44002031	
44002032	
44002033	
44002034	
44002035	
44002036	
44002037	
44002038	
44002039	
44002040	
44002041	
44002042	
44002043	
44002044	
44002045	
44002046	
44002047	
44003001	
44003002	
44003003	
44003004	
44003005	
44003006	
44003007	
44003008	
44003009	
44003010	
44003011	
44003012	
44003013	
44003014	
44003015	
44003016	
44003017	
44003018	
44003019	
44003020	
44003021	
44003022	
44003023	
44003024	
44003025	
44003026	
44004001	
44004002	
44004003	
44004004	
44004005	
44004006	
44004007	
44004008	
44004009	
44004010	
44004011	
44004012	
44004013	
44004014	
44004015	
44004016	
44004017	
44004018	
44004019	
44004020	
44004021	
44004022	
44004023	
44004024	
44004025	
44004026	
44004027	
44004028	
44004029	
44004030	
44004031	
44004032	
44004033	
44004034	
44004035	
44004036	
44004037	
44005001	
44005002	
44005003	
44005004	
44005005	
44005006	
44005007	
44005008	
44005009	
44005010	
44005011	
44005012	
44005013	
44005014	
44005015	
44005016	
44005017	
44005018	
44005019	
44005020	
44005021	
44005022	
44005023	
44005024	
44005025	
44005026	
44005027	
44005028	
44005029	
44005030	
44005031	
44005032	
44005033	
44005034	
44005035	
44005036	
44005037	
44005038	
44005039	
44005040	
44005041	
44005042	
44006001	
44006002	
44006003	
44006004	
44006005	
44006006	
44006007	
44006008	
44006009	
44006010	
44006011	
44006012	
44006013	
44006014	
44006015	
44007001	
44007002	
44007003	
44007004	
44007005	
44007006	
44007007	
44007008	
44007009	
44007010	
44007011	
44007012	
44007013	
44007014	
44007015	
44007016	
44007017	
44007018	
44007019	
44007020	
44007021	
44007022	
44007023	
44007024	
44007025	
44007026	
44007027	
44007028	
44007029	
44007030	
44007031	
44007032	
44007033	
44007034	
44007035	
44007036	
44007037	
44007038	
44007039	
44007040	
44007041	
44007042	
44007043	
44007044	
44007045	
44007046	
44007047	
44007048	
44007049	
44007050	
44007051	
44007052	
44007053	
44007054	
44007055	
44007056	
44007057	
44007058	
44007059	
44007060	
44008001	
44008002	
44008003	
44008004	
44008005	
44008006	
44008007	
44008008	
44008009	
44008010	
44008011	
44008012	
44008013	
44008014	
44008015	
44008016	
44008017	
44008018	
44008019	
44008020	
44008021	
44008022	
44008023	
44008024	
44008025	
44008026	
44008027	
44008028	
44008029	
44008030	
44008031	
44008032	
44008033	
44008034	
44008035	
44008036	
44008037	
44008038	
44008039	
44008040	
44009001	
44009002	
44009003	
44009004	
44009005	
44009006	
44009007	
44009008	
44009009	
44009010	
44009011	
44009012	
44009013	
44009014	
44009015	
44009016	
44009017	
44009018	
44009019	
44009020	
44009021	
44009022	
44009023	
44009024	
44009025	
44009026	
44009027	
44009028	
44009029	
44009030	
44009031	
44009032	
44009033	
44009034	
44009035	
44009036	
44009037	
44009038	
44009039	
44009040	
44009041	
44009042	
44009043	
44010001	
44010002	
44010003	
44010004	
44010005	
44010006	
44010007	
44010008	
44010009	
44010010	
44010011	
44010012	
44010013	
44010014	
44010015	
44010016	
44010017	
44010018	
44010019	
44010020	
44010021	
44010022	
44010023	
44010024	
44010025	
44010026	
44010027	
44010028	
44010029	
44010030	
44010031	
44010032	
44010033	
44010034	
44010035	
44010036	
44010037	
44010038	
44010039	
44010040	
44010041	
44010042	
44010043	
44010044	
44010045	
44010046	
44010047	
44010048	
44011001	
44011002	
44011003	
44011004	
44011005	
44011006	
44011007	
44011008	
44011009	
44011010	
44011011	
44011012	
44011013	
44011014	
44011015	
44011016	
44011017	
44011018	
44011019	
44011020	
44011021	
44011022	
44011023	
44011024	
44011025	
44011026	
44011027	
44011028	
44011029	
44011030	
44012001	
44012002	
44012003	
44012004	
44012005	
44012006	
44012007	
44012008	
44012009	
44012010	
44012011	
44012012	
44012013	
44012014	
44012015	
44012016	
44012017	
44012018	
44012019	
44012020	
44012021	
44012022	
44012023	
44012024	
44012025	
44013001	
44013002	
44013003	
44013004	
44013005	
44013006	
44013007	
44013008	
44013009	
44013010	
44013011	
44013012	
44013013	
44013014	
44013015	
44013016	
44013017	
44013018	
44013019	
44013020	
44013021	
44013022	
44013023	
44013024	
44013025	
44013026	
44013027	
44013028	
44013029	
44013030	
44013031	
44013032	
44013033	
44013034	
44013035	
44013036	
44013037	
44013038	
44013039	
44013040	
44013041	
44013042	
44013043	
44013044	
44013045	
44013046	
44013047	
44013048	
44013049	
44013050	
44013051	
44013052	
44014001	
44014002	
44014003	
44014004	
44014005	
44014006	
44014007	
44014008	
44014009	
44014010	
44014011	
44014012	
44014013	
44014014	
44014015	
44014016	
44014017	
44014018	
44014019	
44014020	
44014021	
44014022	
44014023	
44014024	
44014025	
44014026	
44014027	
44014028	
44015001	
44015002	
44015003	
44015004	
44015005	
44015006	
44015007	
44015008	
44015009	
44015010	
44015011	
44015012	
44015013	
44015014	
44015015	
44015016	
44015017	
44015018	
44015019	
44015020	
44015021	
44015022	
44015023	
44015024	
44015025	
44015026	
44015027	
44015028	
44015029	
44015030	
44015031	
44015032	
44015033	
44015034	
44015035	
44015036	
44015037	
44015038	
44015039	
44015040	
44015041	
44016001	
44016002	
44016003	
44016004	
44016005	
44016006	
44016007	
44016008	
44016009	
44016010	
44016011	
44016012	
44016013	
44016014	
44016015	
44016016	
44016017	
44016018	
44016019	
44016020	
44016021	
44016022	
44016023	
44016024	
44016025	
44016026	
44016027	
44016028	
44016029	
44016030	
44016031	
44016032	
44016033	
44016034	
44016035	
44016036	
44016037	
44016038	
44016039	
44016040	
44017001	
44017002	
44017003	
44017004	
44017005	
44017006	
44017007	
44017008	
44017009	
44017010	
44017011	
44017012	
44017013	
44017014	
44017015	
44017016	
44017017	
44017018	
44017019	
44017020	
44017021	
44017022	
44017023	
44017024	
44017025	
44017026	
44017027	
44017028	
44017029	
44017030	
44017031	
44017032	
44017033	
44017034	
44018001	
44018002	
44018003	
44018004	
44018005	
44018006	
44018007	
44018008	
44018009	
44018010	
44018011	
44018012	
44018013	
44018014	
44018015	
44018016	
44018017	
44018018	
44018019	
44018020	
44018021	
44018022	
44018023	
44018024	
44018025	
44018026	
44018027	
44018028	
44019001	
44019002	
44019003	
44019004	
44019005	
44019006	
44019007	
44019008	
44019009	
44019010	
44019011	
44019012	
44019013	
44019014	
44019015	
44019016	
44019017	
44019018	
44019019	
44019020	
44019021	
44019022	
44019023	
44019024	
44019025	
44019026	
44019027	
44019028	
44019029	
44019030	
44019031	
44019032	
44019033	
44019034	
44019035	
44019036	
44019037	
44019038	
44019039	
44019040	
44019041	
44020001	
44020002	
44020003	
44020004	
44020005	
44020006	
44020007	
44020008	
44020009	
44020010	
44020011	
44020012	
44020013	
44020014	
44020015	
44020016	
44020017	
44020018	
44020019	
44020020	
44020021	
44020022	
44020023	
44020024	
44020025	
44020026	
44020027	
44020028	
44020029	
44020030	
44020031	
44020032	
44020033	
44020034	
44020035	
44020036	
44020037	
44020038	
44021001	
44021002	
44021003	
44021004	
44021005	
44021006	
44021007	
44021008	
44021009	
44021010	
44021011	
44021012	
44021013	
44021014	
44021015	
44021016	
44021017	
44021018	
44021019	
44021020	
44021021	
44021022	
44021023	
44021024	
44021025	
44021026	
44021027	
44021028	
44021029	
44021030	
44021031	
44021032	
44021033	
44021034	
44021035	
44021036	
44021037	
44021038	
44021039	
44021040	
44022001	
44022002	
44022003	
44022004	
44022005	
44022006	
44022007	
44022008	
44022009	
44022010	
44022011	
44022012	
44022013	
44022014	
44022015	
44022016	
44022017	
44022018	
44022019	
44022020	
44022021	
44022022	
44022023	
44022024	
44022025	
44022026	
44022027	
44022028	
44022029	
44022030	
44023001	
44023002	
44023003	
44023004	
44023005	
44023006	
44023007	
44023008	
44023009	
44023010	
44023011	
44023012	
44023013	
44023014	
44023015	
44023016	
44023017	
44023018	
44023019	
44023020	
44023021	
44023022	
44023023	
44023024	
44023025	
44023026	
44023027	
44023028	
44023029	
44023030	
44023031	
44023032	
44023033	
44023034	
44023035	
44024001	
44024002	
44024003	
44024004	
44024005	
44024006	
44024008	
44024009	
44024010	
44024011	
44024012	
44024013	
44024014	
44024015	
44024016	
44024017	
44024018	
44024019	
44024020	
44024021	
44024022	
44024023	
44024024	
44024025	
44024026	
44024027	
44025001	
44025002	
44025003	
44025004	
44025005	
44025006	
44025007	
44025008	
44025009	
44025010	
44025011	
44025012	
44025013	
44025014	
44025015	
44025016	
44025017	
44025018	
44025019	
44025020	
44025021	
44025022	
44025023	
44025024	
44025025	
44025026	
44025027	
44026001	
44026002	
44026003	
44026004	
44026005	
44026006	
44026007	
44026008	
44026009	
44026010	
44026011	
44026012	
44026013	
44026014	
44026015	
44026016	
44026017	
44026018	
44026019	
44026020	
44026021	
44026022	
44026023	
44026024	
44026025	
44026026	
44026027	
44026028	
44026029	
44026030	
44026031	
44026032	
44027001	
44027002	
44027003	
44027004	
44027005	
44027006	
44027007	
44027008	
44027009	
44027010	
44027011	
44027012	
44027013	
44027014	
44027015	
44027016	
44027017	
44027018	
44027019	
44027020	
44027021	
44027022	
44027023	
44027024	
44027025	
44027026	
44027027	
44027028	
44027029	
44027030	
44027031	
44027032	
44027033	
44027034	
44027035	
44027036	
44027037	
44027038	
44027039	
44027040	
44027041	
44027042	
44027043	
44027044	
44028001	
44028002	
44028003	
44028004	
44028005	
44028006	
44028007	
44028008	
44028009	
44028010	
44028011	
44028012	
44028013	
44028014	
44028015	
44028016	
44028017	
44028018	
44028019	
44028020	
44028021	
44028022	
44028023	
44028024	
44028025	
44028026	
44028027	
44028028	
44028029	
44028030	
44028031	
