43001001	
43001002	
43001003	
43001004	
43001005	
43001006	
43001007	
43001008	
43001009	
43001010	
43001011	
43001012	
43001013	
43001014	
43001015	
43001016	
43001017	
43001018	
43001029	
43001030	
43001031	
43001032	
43001033	
43001034	
43003001	
43003002	
43003003	
43003004	
43003005	
43003006	
43003007	
43003008	
43003009	
43003010	
43003011	
43003012	
43003013	
43003014	
43003015	
43003016	
43003017	
43003018	
43003019	
43003020	
43003021	
43003030	
43003031	
43003032	
43003033	
43003034	
43003035	
43003036	
43013031	
43013032	
43013033	
43013034	
43013035	
45001016	
45001017	
45003009	
45003010	
45003011	
45003012	
45003013	
45003014	
45003015	
45003016	
45003017	
45003018	
45003019	
45003020	
45003021	
45003022	
45003023	
45003024	
45003025	
45003026	
45003027	
45003028	
45003029	
45003030	
45003031	
45008001	
45008002	
45008003	
45008004	
45008005	
45008006	
45008007	
45008008	
45008009	
45008010	
45008011	
45008012	
45008013	
45008014	
45008015	
45008016	
45008017	
58001001	
58001002	
58001003	
58001004	
58001005	
58001006	
58001007	
58001008	
58001009	
58001010	
58001011	
58001012	
58001013	
58001014	
62001001	
62001002	
62001003	
62001004	
62001005	
62001006	
62001007	
62001008	
62001009	
62001010	
62002001	
62002002	
62003001	
62003002	
62003003	
62005006	
62005007	
62005008	
62005009	
62005010	
62005011	
62005012	
62005013	
