41001001	
41001002	
41001003	
41001004	
41001005	
41001006	
41001007	
41001008	
41001009	
41001010	
41001011	
41001012	
41001013	
41001014	
41001015	
41001016	
41001017	
41001018	
41001019	
41001020	
41001021	
41001022	
41001023	
41001024	
41001025	
41001026	
41001027	
41001028	
41001029	
41001030	
41001031	
41001032	
41001033	
41001034	
41001035	
41001036	
41001037	
41001038	
41001039	
41001040	
41001041	
41001042	
41001043	
41001044	
41001045	
41002001	
41002002	
41002003	
41002004	
41002005	
41002006	
41002007	
41002008	
41002009	
41002010	
41002011	
41002012	
41002013	
41002014	
41002015	
41002016	
41002017	
41002018	
41002019	
41002020	
41002021	
41002022	
41002023	
41002024	
41002025	
41002026	
41002027	
41002028	
41003001	
41003002	
41003003	
41003004	
41003005	
41003006	
41003007	
41003008	
41003009	
41003010	
41003011	
41003012	
41003013	
41003014	
41003015	
41003016	
41003017	
41003018	
41003019	
41003020	
41003021	
41003022	
41003023	
41003024	
41003025	
41003026	
41003027	
41003028	
41003029	
41003030	
41003031	
41003032	
41003033	
41003034	
41003035	
41004001	
41004002	
41004003	
41004004	
41004005	
41004006	
41004007	
41004008	
41004009	
41004010	
41004011	
41004012	
41004013	
41004014	
41004015	
41004016	
41004017	
41004018	
41004019	
41004020	
41004021	
41004022	
41004023	
41004024	
41004025	
41004026	
41004027	
41004028	
41004029	
41004030	
41004031	
41004032	
41004033	
41004034	
41004035	
41004036	
41004037	
41004038	
41004039	
41004040	
41004041	
41005001	
41005002	
41005003	
41005004	
41005005	
41005006	
41005007	
41005008	
41005009	
41005010	
41005011	
41005012	
41005013	
41005014	
41005015	
41005016	
41005017	
41005018	
41005019	
41005020	
41005021	
41005022	
41005023	
41005024	
41005025	
41005026	
41005027	
41005028	
41005029	
41005030	
41005031	
41005032	
41005033	
41005034	
41005035	
41005036	
41005037	
41005038	
41005039	
41005040	
41005041	
41005042	
41005043	
41006001	
41006002	
41006003	
41006004	
41006005	
41006006	
41006007	
41006008	
41006009	
41006010	
41006011	
41006012	
41006013	
41006014	
41006015	
41006016	
41006017	
41006018	
41006019	
41006020	
41006021	
41006022	
41006023	
41006024	
41006025	
41006026	
41006027	
41006028	
41006029	
41006030	
41006031	
41006032	
41006033	
41006034	
41006035	
41006036	
41006037	
41006038	
41006039	
41006040	
41006041	
41006042	
41006043	
41006044	
41006045	
41006046	
41006047	
41006048	
41006049	
41006050	
41006051	
41006052	
41006053	
41006054	
41006055	
41006056	
41007001	
41007002	
41007003	
41007004	
41007005	
41007006	
41007007	
41007008	
41007009	
41007010	
41007011	
41007012	
41007013	
41007014	
41007015	
41007016	
41007017	
41007018	
41007019	
41007020	
41007021	
41007022	
41007023	
41007024	
41007025	
41007026	
41007027	
41007028	
41007029	
41007030	
41007031	
41007032	
41007033	
41007034	
41007035	
41007036	
41007037	
41008001	
41008002	
41008003	
41008004	
41008005	
41008006	
41008007	
41008008	
41008009	
41008010	
41008011	
41008012	
41008013	
41008014	
41008015	
41008016	
41008017	
41008018	
41008019	
41008020	
41008021	
41008022	
41008023	
41008024	
41008025	
41008026	
41008027	
41008028	
41008029	
41008030	
41008031	
41008032	
41008033	
41008034	
41008035	
41008036	
41008037	
41008038	
41009001	
41009002	
41009003	
41009004	
41009005	
41009006	
41009007	
41009008	
41009009	
41009010	
41009011	
41009012	
41009013	
41009014	
41009015	
41009016	
41009017	
41009018	
41009019	
41009020	
41009021	
41009022	
41009023	
41009024	
41009025	
41009026	
41009027	
41009028	
41009029	
41009030	
41009031	
41009032	
41009033	
41009034	
41009035	
41009036	
41009037	
41009038	
41009039	
41009040	
41009041	
41009042	
41009043	
41009044	
41009045	
41009046	
41009047	
41009048	
41009049	
41009050	
41010001	
41010002	
41010003	
41010004	
41010005	
41010006	
41010007	
41010008	
41010009	
41010010	
41010011	
41010012	
41010013	
41010014	
41010015	
41010016	
41010017	
41010018	
41010019	
41010020	
41010021	
41010022	
41010023	
41010024	
41010025	
41010026	
41010027	
41010028	
41010029	
41010030	
41010031	
41010032	
41010033	
41010034	
41010035	
41010036	
41010037	
41010038	
41010039	
41010040	
41010041	
41010042	
41010043	
41010044	
41010045	
41010046	
41010047	
41010048	
41010049	
41010050	
41010051	
41010052	
41011001	
41011002	
41011003	
41011004	
41011005	
41011006	
41011007	
41011008	
41011009	
41011010	
41011011	
41011012	
41011013	
41011014	
41011015	
41011016	
41011017	
41011018	
41011019	
41011020	
41011021	
41011022	
41011023	
41011024	
41011025	
41011026	
41011027	
41011028	
41011029	
41011030	
41011031	
41011032	
41011033	
41012001	
41012002	
41012003	
41012004	
41012005	
41012006	
41012007	
41012008	
41012009	
41012010	
41012011	
41012012	
41012013	
41012014	
41012015	
41012016	
41012017	
41012018	
41012019	
41012020	
41012021	
41012022	
41012023	
41012024	
41012025	
41012026	
41012027	
41012028	
41012029	
41012030	
41012031	
41012032	
41012033	
41012034	
41012035	
41012036	
41012037	
41012038	
41012039	
41012040	
41012041	
41012042	
41012043	
41012044	
41013001	
41013002	
41013003	
41013004	
41013005	
41013006	
41013007	
41013008	
41013009	
41013010	
41013011	
41013012	
41013013	
41013014	
41013015	
41013016	
41013017	
41013018	
41013019	
41013020	
41013021	
41013022	
41013023	
41013024	
41013025	
41013026	
41013027	
41013028	
41013029	
41013030	
41013031	
41013032	
41013033	
41013034	
41013035	
41013036	
41013037	
41014001	
41014002	
41014003	
41014004	
41014005	
41014006	
41014007	
41014008	
41014009	
41014010	
41014011	
41014012	
41014013	
41014014	
41014015	
41014016	
41014017	
41014018	
41014019	
41014020	
41014021	
41014022	
41014023	
41014024	
41014025	
41014026	
41014027	
41014028	
41014029	
41014030	
41014031	
41014032	
41014033	
41014034	
41014035	
41014036	
41014037	
41014038	
41014039	
41014040	
41014041	
41014042	
41014043	
41014044	
41014045	
41014046	
41014047	
41014048	
41014049	
41014050	
41014051	
41014052	
41014053	
41014054	
41014055	
41014056	
41014057	
41014058	
41014059	
41014060	
41014061	
41014062	
41014063	
41014064	
41014065	
41014066	
41014067	
41014068	
41014069	
41014070	
41014071	
41014072	
41015001	
41015002	
41015003	
41015004	
41015005	
41015006	
41015007	
41015008	
41015009	
41015010	
41015011	
41015012	
41015013	
41015014	
41015015	
41015016	
41015017	
41015018	
41015019	
41015020	
41015021	
41015022	
41015023	
41015024	
41015025	
41015026	
41015027	
41015028	
41015029	
41015030	
41015031	
41015032	
41015033	
41015034	
41015035	
41015036	
41015037	
41015038	
41015039	
41015040	
41015041	
41015042	
41015043	
41015044	
41015045	
41015046	
41015047	
41016001	
41016002	
41016003	
41016004	
41016005	
41016006	
41016007	
41016008	
41016009	
41016010	
41016011	
41016012	
41016013	
41016014	
41016015	
41016016	
41016017	
41016018	
41016019	
41016020	
43001001	
43001002	
43001003	
43001004	
43001005	
43001006	
43001007	
43001008	
43001009	
43001010	
43001011	
43001012	
43001013	
43001014	
43001015	
43001016	
43001017	
43001018	
43001019	
43001020	
43001021	
43001022	
43001023	
43001024	
43001025	
43001026	
43001027	
43001028	
43001029	
43001030	
43001031	
43001032	
43001033	
43001034	
43001035	
43001036	
43001037	
43001038	
43001039	
43001040	
43001041	
43001042	
43001043	
43001044	
43001045	
43001046	
43001047	
43001048	
43001049	
43001050	
43001051	
43002001	
43002002	
43002003	
43002004	
43002005	
43002006	
43002007	
43002008	
43002009	
43002010	
43002011	
43002012	
43002013	
43002014	
43002015	
43002016	
43002017	
43002018	
43002019	
43002020	
43002021	
43002022	
43002023	
43002024	
43002025	
43003001	
43003002	
43003003	
43003004	
43003005	
43003006	
43003007	
43003008	
43003009	
43003010	
43003011	
43003012	
43003013	
43003014	
43003015	
43003016	
43003017	
43003018	
43003019	
43003020	
43003021	
43003022	
43003023	
43003024	
43003025	
43003026	
43003027	
43003028	
43003029	
43003030	
43003031	
43003032	
43003033	
43003034	
43003035	
43003036	
43004001	
43004002	
43004003	
43004004	
43004005	
43004006	
43004007	
43004008	
43004009	
43004010	
43004011	
43004012	
43004013	
43004014	
43004015	
43004016	
43004017	
43004018	
43004019	
43004020	
43004021	
43004022	
43004023	
43004024	
43004025	
43004026	
43004027	
43004028	
43004029	
43004030	
43004031	
43004032	
43004033	
43004034	
43004035	
43004036	
43004037	
43004038	
43004039	
43004040	
43004041	
43004042	
43004043	
43004044	
43004045	
43004046	
43004047	
43004048	
43004049	
43004050	
43004051	
43004052	
43004053	
43004054	
43005001	
43005002	
43005003	
43005004	
43005005	
43005006	
43005007	
43005008	
43005009	
43005010	
43005011	
43005012	
43005013	
43005014	
43005015	
43005016	
43005017	
43005018	
43005019	
43005020	
43005021	
43005022	
43005023	
43005024	
43005025	
43005026	
43005027	
43005028	
43005029	
43005030	
43005031	
43005032	
43005033	
43005034	
43005035	
43005036	
43005037	
43005038	
43005039	
43005040	
43005041	
43005042	
43005043	
43005044	
43005045	
43005046	
43005047	
43006001	
43006002	
43006003	
43006004	
43006005	
43006006	
43006007	
43006008	
43006009	
43006010	
43006011	
43006012	
43006013	
43006014	
43006015	
43006016	
43006017	
43006018	
43006019	
43006020	
43006021	
43006022	
43006023	
43006024	
43006025	
43006026	
43006027	
43006028	
43006029	
43006030	
43006031	
43006032	
43006033	
43006034	
43006035	
43006036	
43006037	
43006038	
43006039	
43006040	
43006041	
43006042	
43006043	
43006044	
43006045	
43006046	
43006047	
43006048	
43006049	
43006050	
43006051	
43006052	
43006053	
43006054	
43006055	
43006056	
43006057	
43006058	
43006059	
43006060	
43006061	
43006062	
43006063	
43006064	
43006065	
43006066	
43006067	
43006068	
43006069	
43006070	
43006071	
43007001	
43007002	
43007003	
43007004	
43007005	
43007006	
43007007	
43007008	
43007009	
43007010	
43007011	
43007012	
43007013	
43007014	
43007015	
43007016	
43007017	
43007018	
43007019	
43007020	
43007021	
43007022	
43007023	
43007024	
43007025	
43007026	
43007027	
43007028	
43007029	
43007030	
43007031	
43007032	
43007033	
43007034	
43007035	
43007036	
43007037	
43007038	
43007039	
43007040	
43007041	
43007042	
43007043	
43007044	
43007045	
43007046	
43007047	
43007048	
43007049	
43007050	
43007051	
43007052	
43007053	
43008001	
43008002	
43008003	
43008004	
43008005	
43008006	
43008007	
43008008	
43008009	
43008010	
43008011	
43008012	
43008013	
43008014	
43008015	
43008016	
43008017	
43008018	
43008019	
43008020	
43008021	
43008022	
43008023	
43008024	
43008025	
43008026	
43008027	
43008028	
43008029	
43008030	
43008031	
43008032	
43008033	
43008034	
43008035	
43008036	
43008037	
43008038	
43008039	
43008040	
43008041	
43008042	
43008043	
43008044	
43008045	
43008046	
43008047	
43008048	
43008049	
43008050	
43008051	
43008052	
43008053	
43008054	
43008055	
43008056	
43008057	
43008058	
43008059	
43009001	
43009002	
43009003	
43009004	
43009005	
43009006	
43009007	
43009008	
43009009	
43009010	
43009011	
43009012	
43009013	
43009014	
43009015	
43009016	
43009017	
43009018	
43009019	
43009020	
43009021	
43009022	
43009023	
43009024	
43009025	
43009026	
43009027	
43009028	
43009029	
43009030	
43009031	
43009032	
43009033	
43009034	
43009035	
43009036	
43009037	
43009038	
43009039	
43009040	
43009041	
43010001	
43010002	
43010003	
43010004	
43010005	
43010006	
43010007	
43010008	
43010009	
43010010	
43010011	
43010012	
43010013	
43010014	
43010015	
43010016	
43010017	
43010018	
43010019	
43010020	
43010021	
43010022	
43010023	
43010024	
43010025	
43010026	
43010027	
43010028	
43010029	
43010030	
43010031	
43010032	
43010033	
43010034	
43010035	
43010036	
43010037	
43010038	
43010039	
43010040	
43010041	
43010042	
43011001	
43011002	
43011003	
43011004	
43011005	
43011006	
43011007	
43011008	
43011009	
43011010	
43011011	
43011012	
43011013	
43011014	
43011015	
43011016	
43011017	
43011018	
43011019	
43011020	
43011021	
43011022	
43011023	
43011024	
43011025	
43011026	
43011027	
43011028	
43011029	
43011030	
43011031	
43011032	
43011033	
43011034	
43011035	
43011036	
43011037	
43011038	
43011039	
43011040	
43011041	
43011042	
43011043	
43011044	
43011045	
43011046	
43011047	
43011048	
43011049	
43011050	
43011051	
43011052	
43011053	
43011054	
43011055	
43011056	
43011057	
43012001	
43012002	
43012003	
43012004	
43012005	
43012006	
43012007	
43012008	
43012009	
43012010	
43012011	
43012012	
43012013	
43012014	
43012015	
43012016	
43012017	
43012018	
43012019	
43012020	
43012021	
43012022	
43012023	
43012024	
43012025	
43012026	
43012027	
43012028	
43012029	
43012030	
43012031	
43012032	
43012033	
43012034	
43012035	
43012036	
43012037	
43012038	
43012039	
43012040	
43012041	
43012042	
43012043	
43012044	
43012045	
43012046	
43012047	
43012048	
43012049	
43012050	
43013001	
43013002	
43013003	
43013004	
43013005	
43013006	
43013007	
43013008	
43013009	
43013010	
43013011	
43013012	
43013013	
43013014	
43013015	
43013016	
43013017	
43013018	
43013019	
43013020	
43013021	
43013022	
43013023	
43013024	
43013025	
43013026	
43013027	
43013028	
43013029	
43013030	
43013031	
43013032	
43013033	
43013034	
43013035	
43013036	
43013037	
43013038	
43014001	
43014002	
43014003	
43014004	
43014005	
43014006	
43014007	
43014008	
43014009	
43014010	
43014011	
43014012	
43014013	
43014014	
43014015	
43014016	
43014017	
43014018	
43014019	
43014020	
43014021	
43014022	
43014023	
43014024	
43014025	
43014026	
43014027	
43014028	
43014029	
43014030	
43014031	
43015001	
43015002	
43015003	
43015004	
43015005	
43015006	
43015007	
43015008	
43015009	
43015010	
43015011	
43015012	
43015013	
43015014	
43015015	
43015016	
43015017	
43015018	
43015019	
43015020	
43015021	
43015022	
43015023	
43015024	
43015025	
43015026	
43015027	
43016001	
43016002	
43016003	
43016004	
43016005	
43016006	
43016007	
43016008	
43016009	
43016010	
43016011	
43016012	
43016013	
43016014	
43016015	
43016016	
43016017	
43016018	
43016019	
43016020	
43016021	
43016022	
43016023	
43016024	
43016025	
43016026	
43016027	
43016028	
43016029	
43016030	
43016031	
43016032	
43016033	
43017001	
43017002	
43017003	
43017004	
43017005	
43017006	
43017007	
43017008	
43017009	
43017010	
43017011	
43017012	
43017013	
43017014	
43017015	
43017016	
43017017	
43017018	
43017019	
43017020	
43017021	
43017022	
43017023	
43017024	
43017025	
43017026	
43018001	
43018002	
43018003	
43018004	
43018005	
43018006	
43018007	
43018008	
43018009	
43018010	
43018011	
43018012	
43018013	
43018014	
43018015	
43018016	
43018017	
43018018	
43018019	
43018020	
43018021	
43018022	
43018023	
43018024	
43018025	
43018026	
43018027	
43018028	
43018029	
43018030	
43018031	
43018032	
43018033	
43018034	
43018035	
43018036	
43018037	
43018038	
43018039	
43018040	
43019001	
43019002	
43019003	
43019004	
43019005	
43019006	
43019007	
43019008	
43019009	
43019010	
43019011	
43019012	
43019013	
43019014	
43019015	
43019016	
43019017	
43019018	
43019019	
43019020	
43019021	
43019022	
43019023	
43019024	
43019025	
43019026	
43019027	
43019028	
43019029	
43019030	
43019031	
43019032	
43019033	
43019034	
43019035	
43019036	
43019037	
43019038	
43019039	
43019040	
43019041	
43019042	
43020001	
43020002	
43020003	
43020004	
43020005	
43020006	
43020007	
43020008	
43020009	
43020010	
43020011	
43020012	
43020013	
43020014	
43020015	
43020016	
43020017	
43020018	
43020019	
43020020	
43020021	
43020022	
43020023	
43020024	
43020025	
43020026	
43020027	
43020028	
43020029	
43020030	
43020031	
43021001	
43021002	
43021003	
43021004	
43021005	
43021006	
43021007	
43021008	
43021009	
43021010	
43021011	
43021012	
43021013	
43021014	
43021015	
43021016	
43021017	
43021018	
43021019	
43021020	
43021021	
43021022	
43021023	
43021024	
43021025	
