01001001	
01001002	
01001003	
01001004	
01001005	
01001006	
01001007	
01001008	
01001009	
01001010	
01001011	
01001012	
01001013	
01001014	
01001015	
01001016	
01001017	
01001018	
01001019	
01001020	
01001021	
01001022	
01001023	
01001024	
01001025	
01001026	
01001027	
01001028	
01001029	
01001030	
01001031	
01002001	
01002002	
01002003	
01002004	
01002005	
01002006	
01002007	
01002008	
01002009	
01002010	
01002011	
01002012	
01002013	
01002014	
01002015	
01002016	
01002017	
01002018	
01002019	
01002020	
01002021	
01002022	
01002023	
01002024	
01002025	
01003001	
01003002	
01003003	
01003004	
01003005	
01003006	
01003007	
01003008	
01003009	
01003010	
01003011	
01003012	
01003013	
01003014	
01003015	
01003016	
01003017	
01003018	
01003019	
01003020	
01003021	
01003022	
01003023	
01003024	
01004001	
01004002	
01004003	
01004004	
01004005	
01004006	
01004007	
01004008	
01004009	
01004010	
01004011	
01004012	
01004013	
01004014	
01004015	
01004016	
01004017	
01004018	
01004019	
01004020	
01004021	
01004022	
01004023	
01004024	
01004025	
01004026	
01005001	
01005002	
01005003	
01005004	
01005005	
01005006	
01005007	
01005008	
01005009	
01005010	
01005011	
01005012	
01005013	
01005014	
01005015	
01005016	
01005017	
01005018	
01005019	
01005020	
01005021	
01005022	
01005023	
01005024	
01005025	
01005026	
01005027	
01005028	
01005029	
01005030	
01005031	
01005032	
01006001	
01006002	
01006003	
01006004	
01006005	
01006006	
01006007	
01006008	
01006009	
01006010	
01006011	
01006012	
01006013	
01006014	
01006015	
01006016	
01006017	
01006018	
01006019	
01006020	
01006021	
01006022	
01007001	
01007002	
01007003	
01007004	
01007005	
01007006	
01007007	
01007008	
01007009	
01007010	
01007011	
01007012	
01007013	
01007014	
01007015	
01007016	
01007017	
01007018	
01007019	
01007020	
01007021	
01007022	
01007023	
01007024	
01008001	
01008002	
01008003	
01008004	
01008005	
01008006	
01008007	
01008008	
01008009	
01008010	
01008011	
01008012	
01008013	
01008014	
01008015	
01008016	
01008017	
01008018	
01008019	
01008020	
01008021	
01008022	
01009001	
01009002	
01009003	
01009004	
01009005	
01009006	
01009007	
01009008	
01009009	
01009010	
01009011	
01009012	
01009013	
01009014	
01009015	
01009016	
01009017	
01009018	
01009019	
01009020	
01009021	
01009022	
01009023	
01009024	
01009025	
01009026	
01009027	
01009028	
01009029	
01010001	
01010002	
01010003	
01010004	
01010005	
01010006	
01010007	
01010008	
01010009	
01010010	
01010011	
01010012	
01010013	
01010014	
01010015	
01010016	
01010017	
01010018	
01010019	
01010020	
01010021	
01010022	
01010023	
01010024	
01010025	
01010026	
01010027	
01010028	
01010029	
01010030	
01010031	
01010032	
01011001	
01011002	
01011003	
01011004	
01011005	
01011006	
01011007	
01011008	
01011009	
01011010	
01011011	
01011012	
01011013	
01011014	
01011015	
01011016	
01011017	
01011018	
01011019	
01011020	
01011021	
01011022	
01011023	
01011024	
01011025	
01011026	
01011027	
01011028	
01011029	
01011030	
01011031	
01011032	
01012001	
01012002	
01012003	
01012004	
01012005	
01012006	
01012007	
01012008	
01012009	
01012010	
01012011	
01012012	
01012013	
01012014	
01012015	
01012016	
01012017	
01012018	
01012019	
01012020	
01013001	
01013002	
01013003	
01013004	
01013005	
01013006	
01013007	
01013008	
01013009	
01013010	
01013011	
01013012	
01013013	
01013014	
01013015	
01013016	
01013017	
01013018	
01014001	
01014002	
01014003	
01014004	
01014005	
01014006	
01014007	
01014008	
01014009	
01014010	
01014011	
01014012	
01014013	
01014014	
01014015	
01014016	
01014017	
01014018	
01014019	
01014020	
01014021	
01014022	
01014023	
01014024	
01015001	
01015002	
01015003	
01015004	
01015005	
01015006	
01015007	
01015008	
01015009	
01015010	
01015011	
01015012	
01015013	
01015014	
01015015	
01015016	
01015017	
01015018	
01015019	
01015020	
01015021	
01016001	
01016002	
01016003	
01016004	
01016005	
01016006	
01016007	
01016008	
01016009	
01016010	
01016011	
01016012	
01016013	
01016014	
01016015	
01016016	
01017001	
01017002	
01017003	
01017004	
01017005	
01017006	
01017007	
01017008	
01017009	
01017010	
01017011	
01017012	
01017013	
01017014	
01017015	
01017016	
01017017	
01017018	
01017019	
01017020	
01017021	
01017022	
01017023	
01017024	
01017025	
01017026	
01017027	
01018001	
01018002	
01018003	
01018004	
01018005	
01018006	
01018007	
01018008	
01018009	
01018010	
01018011	
01018012	
01018013	
01018014	
01018015	
01018016	
01018017	
01018018	
01018019	
01018020	
01018021	
01018022	
01018023	
01018024	
01018025	
01018026	
01018027	
01018028	
01018029	
01018030	
01018031	
01018032	
01018033	
01019001	
01019002	
01019003	
01019004	
01019005	
01019006	
01019007	
01019008	
01019009	
01019010	
01019011	
01019012	
01019013	
01019014	
01019015	
01019016	
01019017	
01019018	
01019019	
01019020	
01019021	
01019022	
01019023	
01019024	
01019025	
01019026	
01019027	
01019028	
01019029	
01019030	
01019031	
01019032	
01019033	
01019034	
01019035	
01019036	
01019037	
01019038	
01020001	
01020002	
01020003	
01020004	
01020005	
01020006	
01020007	
01020008	
01020009	
01020010	
01020011	
01020012	
01020013	
01020014	
01020015	
01020016	
01020017	
01020018	
01021001	
01021002	
01021003	
01021004	
01021005	
01021006	
01021007	
01021008	
01021009	
01021010	
01021011	
01021012	
01021013	
01021014	
01021015	
01021016	
01021017	
01021018	
01021019	
01021020	
01021021	
01021022	
01021023	
01021024	
01021025	
01021026	
01021027	
01021028	
01021029	
01021030	
01021031	
01021032	
01021033	
01021034	
01022001	
01022002	
01022003	
01022004	
01022005	
01022006	
01022007	
01022008	
01022009	
01022010	
01022011	
01022012	
01022013	
01022014	
01022015	
01022016	
01022017	
01022018	
01022019	
01022020	
01022021	
01022022	
01022023	
01022024	
01023001	
01023002	
01023003	
01023004	
01023005	
01023006	
01023007	
01023008	
01023009	
01023010	
01023011	
01023012	
01023013	
01023014	
01023015	
01023016	
01023017	
01023018	
01023019	
01023020	
01024001	
01024002	
01024003	
01024004	
01024005	
01024006	
01024007	
01024008	
01024009	
01024010	
01024011	
01024012	
01024013	
01024014	
01024015	
01024016	
01024017	
01024018	
01024019	
01024020	
01024021	
01024022	
01024023	
01024024	
01024025	
01024026	
01024027	
01024028	
01024029	
01024030	
01024031	
01024032	
01024033	
01024034	
01024035	
01024036	
01024037	
01024038	
01024039	
01024040	
01024041	
01024042	
01024043	
01024044	
01024045	
01024046	
01024047	
01024048	
01024049	
01024050	
01024051	
01024052	
01024053	
01024054	
01024055	
01024056	
01024057	
01024058	
01024059	
01024060	
01024061	
01024062	
01024063	
01024064	
01024065	
01024066	
01024067	
01025001	
01025002	
01025003	
01025004	
01025005	
01025006	
01025007	
01025008	
01025009	
01025010	
01025011	
01025012	
01025013	
01025014	
01025015	
01025016	
01025017	
01025018	
01025019	
01025020	
01025021	
01025022	
01025023	
01025024	
01025025	
01025026	
01025027	
01025028	
01025029	
01025030	
01025031	
01025032	
01025033	
01025034	
01026001	
01026002	
01026003	
01026004	
01026005	
01026006	
01026007	
01026008	
01026009	
01026010	
01026011	
01026012	
01026013	
01026014	
01026015	
01026016	
01026017	
01026018	
01026019	
01026020	
01026021	
01026022	
01026023	
01026024	
01026025	
01026026	
01026027	
01026028	
01026029	
01026030	
01026031	
01026032	
01026033	
01026034	
01026035	
01027001	
01027002	
01027003	
01027004	
01027005	
01027006	
01027007	
01027008	
01027009	
01027010	
01027011	
01027012	
01027013	
01027014	
01027015	
01027016	
01027017	
01027018	
01027019	
01027020	
01027021	
01027022	
01027023	
01027024	
01027025	
01027026	
01027027	
01027028	
01027029	
01027030	
01027031	
01027032	
01027033	
01027034	
01027035	
01027036	
01027037	
01027038	
01027039	
01027040	
01027041	
01027042	
01027043	
01027044	
01027045	
01027046	
01028001	
01028002	
01028003	
01028004	
01028005	
01028006	
01028007	
01028008	
01028009	
01028010	
01028011	
01028012	
01028013	
01028014	
01028015	
01028016	
01028017	
01028018	
01028019	
01028020	
01028021	
01028022	
01029001	
01029002	
01029003	
01029004	
01029005	
01029006	
01029007	
01029008	
01029009	
01029010	
01029011	
01029012	
01029013	
01029014	
01029015	
01029016	
01029017	
01029018	
01029019	
01029020	
01029021	
01029022	
01029023	
01029024	
01029025	
01029026	
01029027	
01029028	
01029029	
01029030	
01029031	
01029032	
01029033	
01029034	
01029035	
01030001	
01030002	
01030003	
01030004	
01030005	
01030006	
01030007	
01030008	
01030009	
01030010	
01030011	
01030012	
01030013	
01030014	
01030015	
01030016	
01030017	
01030018	
01030019	
01030020	
01030021	
01030022	
01030023	
01030024	
01030025	
01030026	
01030027	
01030028	
01030029	
01030030	
01030031	
01030032	
01030033	
01030034	
01030035	
01030036	
01030037	
01030038	
01030039	
01030040	
01030041	
01030042	
01030043	
01031001	
01031002	
01031003	
01031004	
01031005	
01031006	
01031007	
01031008	
01031009	
01031010	
01031011	
01031012	
01031013	
01031014	
01031015	
01031016	
01031017	
01031018	
01031019	
01031020	
01031021	
01031022	
01031023	
01031024	
01031025	
01031026	
01031027	
01031028	
01031029	
01031030	
01031031	
01031032	
01031033	
01031034	
01031035	
01031036	
01031037	
01031038	
01031039	
01031040	
01031041	
01031042	
01031043	
01031044	
01031045	
01031046	
01031047	
01031048	
01031049	
01031050	
01031051	
01031052	
01031053	
01031054	
01031055	
01032001	
01032002	
01032003	
01032004	
01032005	
01032006	
01032007	
01032008	
01032009	
01032010	
01032011	
01032012	
01032013	
01032014	
01032015	
01032016	
01032017	
01032018	
01032019	
01032020	
01032021	
01032022	
01032023	
01032024	
01032025	
01032026	
01032027	
01032028	
01032029	
01032030	
01032031	
01032032	
01033001	
01033002	
01033003	
01033004	
01033005	
01033006	
01033007	
01033008	
01033009	
01033010	
01033011	
01033012	
01033013	
01033014	
01033015	
01033016	
01033017	
01033018	
01033019	
01033020	
01034001	
01034002	
01034003	
01034004	
01034005	
01034006	
01034007	
01034008	
01034009	
01034010	
01034011	
01034012	
01034013	
01034014	
01034015	
01034016	
01034017	
01034018	
01034019	
01034020	
01034021	
01034022	
01034023	
01034024	
01034025	
01034026	
01034027	
01034028	
01034029	
01034030	
01034031	
01035001	
01035002	
01035003	
01035004	
01035005	
01035006	
01035007	
01035008	
01035009	
01035010	
01035011	
01035012	
01035013	
01035014	
01035015	
01035016	
01035017	
01035018	
01035019	
01035020	
01035021	
01035022	
01035023	
01035024	
01035025	
01035026	
01035027	
01035028	
01035029	
01036001	
01036002	
01036003	
01036004	
01036005	
01036006	
01036007	
01036008	
01036009	
01036010	
01036011	
01036012	
01036013	
01036014	
01036015	
01036016	
01036017	
01036018	
01036019	
01036020	
01036021	
01036022	
01036023	
01036024	
01036025	
01036026	
01036027	
01036028	
01036029	
01036030	
01036031	
01036032	
01036033	
01036034	
01036035	
01036036	
01036037	
01036038	
01036039	
01036040	
01036041	
01036042	
01036043	
01037001	
01037002	
01037003	
01037004	
01037005	
01037006	
01037007	
01037008	
01037009	
01037010	
01037011	
01037012	
01037013	
01037014	
01037015	
01037016	
01037017	
01037018	
01037019	
01037020	
01037021	
01037022	
01037023	
01037024	
01037025	
01037026	
01037027	
01037028	
01037029	
01037030	
01037031	
01037032	
01037033	
01037034	
01037035	
01037036	
01038001	
01038002	
01038003	
01038004	
01038005	
01038006	
01038007	
01038008	
01038009	
01038010	
01038011	
01038012	
01038013	
01038014	
01038015	
01038016	
01038017	
01038018	
01038019	
01038020	
01038021	
01038022	
01038023	
01038024	
01038025	
01038026	
01038027	
01038028	
01038029	
01038030	
01039001	
01039002	
01039003	
01039004	
01039005	
01039006	
01039007	
01039008	
01039009	
01039010	
01039011	
01039012	
01039013	
01039014	
01039015	
01039016	
01039017	
01039018	
01039019	
01039020	
01039021	
01039022	
01039023	
01040001	
01040002	
01040003	
01040004	
01040005	
01040006	
01040007	
01040008	
01040009	
01040010	
01040011	
01040012	
01040013	
01040014	
01040015	
01040016	
01040017	
01040018	
01040019	
01040020	
01040021	
01040022	
01040023	
01041001	
01041002	
01041003	
01041004	
01041005	
01041006	
01041007	
01041008	
01041009	
01041010	
01041011	
01041012	
01041013	
01041014	
01041015	
01041016	
01041017	
01041018	
01041019	
01041020	
01041021	
01041022	
01041023	
01041024	
01041025	
01041026	
01041027	
01041028	
01041029	
01041030	
01041031	
01041032	
01041033	
01041034	
01041035	
01041036	
01041037	
01041038	
01041039	
01041040	
01041041	
01041042	
01041043	
01041044	
01041045	
01041046	
01041047	
01041048	
01041049	
01041050	
01041051	
01041052	
01041053	
01041054	
01041055	
01041056	
01041057	
01042001	
01042002	
01042003	
01042004	
01042005	
01042006	
01042007	
01042008	
01042009	
01042010	
01042011	
01042012	
01042013	
01042014	
01042015	
01042016	
01042017	
01042018	
01042019	
01042020	
01042021	
01042022	
01042023	
01042024	
01042025	
01042026	
01042027	
01042028	
01042029	
01042030	
01042031	
01042032	
01042033	
01042034	
01042035	
01042036	
01042037	
01042038	
01043001	
01043002	
01043003	
01043004	
01043005	
01043006	
01043007	
01043008	
01043009	
01043010	
01043011	
01043012	
01043013	
01043014	
01043015	
01043016	
01043017	
01043018	
01043019	
01043020	
01043021	
01043022	
01043023	
01043024	
01043025	
01043026	
01043027	
01043028	
01043029	
01043030	
01043031	
01043032	
01043033	
01043034	
01044001	
01044002	
01044003	
01044004	
01044005	
01044006	
01044007	
01044008	
01044009	
01044010	
01044011	
01044012	
01044013	
01044014	
01044015	
01044016	
01044017	
01044018	
01044019	
01044020	
01044021	
01044022	
01044023	
01044024	
01044025	
01044026	
01044027	
01044028	
01044029	
01044030	
01044031	
01044032	
01044033	
01044034	
01045001	
01045002	
01045003	
01045004	
01045005	
01045006	
01045007	
01045008	
01045009	
01045010	
01045011	
01045012	
01045013	
01045014	
01045015	
01045016	
01045017	
01045018	
01045019	
01045020	
01045021	
01045022	
01045023	
01045024	
01045025	
01045026	
01045027	
01045028	
01046001	
01046002	
01046003	
01046004	
01046005	
01046006	
01046007	
01046008	
01046009	
01046010	
01046011	
01046012	
01046013	
01046014	
01046015	
01046016	
01046017	
01046018	
01046019	
01046020	
01046021	
01046022	
01046023	
01046024	
01046025	
01046026	
01046027	
01046028	
01046029	
01046030	
01046031	
01046032	
01046033	
01046034	
01047001	
01047002	
01047003	
01047004	
01047005	
01047006	
01047007	
01047008	
01047009	
01047010	
01047011	
01047012	
01047013	
01047014	
01047015	
01047016	
01047017	
01047018	
01047019	
01047020	
01047021	
01047022	
01047023	
01047024	
01047025	
01047026	
01047027	
01047028	
01047029	
01047030	
01047031	
01048001	
01048002	
01048003	
01048004	
01048005	
01048006	
01048007	
01048008	
01048009	
01048010	
01048011	
01048012	
01048013	
01048014	
01048015	
01048016	
01048017	
01048018	
01048019	
01048020	
01048021	
01048022	
01049001	
01049002	
01049003	
01049004	
01049005	
01049006	
01049007	
01049008	
01049009	
01049010	
01049011	
01049012	
01049013	
01049014	
01049015	
01049016	
01049017	
01049018	
01049019	
01049020	
01049021	
01049022	
01049023	
01049024	
01049025	
01049026	
01049027	
01049028	
01049029	
01049030	
01049031	
01049032	
01049033	
01050001	
01050002	
01050003	
01050004	
01050005	
01050006	
01050007	
01050008	
01050009	
01050010	
01050011	
01050012	
01050013	
01050014	
01050015	
01050016	
01050017	
01050018	
01050019	
01050020	
01050021	
01050022	
01050023	
01050024	
01050025	
01050026	
02001001	
02001002	
02001003	
02001004	
02001005	
02001006	
02001007	
02001008	
02001009	
02001010	
02001011	
02001012	
02001013	
02001014	
02001015	
02001016	
02001017	
02001018	
02001019	
02001020	
02001021	
02001022	
02002001	
02002002	
02002003	
02002004	
02002005	
02002006	
02002007	
02002008	
02002009	
02002010	
02002011	
02002012	
02002013	
02002014	
02002015	
02002016	
02002017	
02002018	
02002019	
02002020	
02002021	
02002022	
02002023	
02002024	
02002025	
02003001	
02003002	
02003003	
02003004	
02003005	
02003006	
02003007	
02003008	
02003009	
02003010	
02003011	
02003012	
02003013	
02003014	
02003015	
02003016	
02003017	
02003018	
02003019	
02003020	
02003021	
02003022	
02004001	
02004002	
02004003	
02004004	
02004005	
02004006	
02004007	
02004008	
02004009	
02004010	
02004011	
02004012	
02004013	
02004014	
02004015	
02004016	
02004017	
02004018	
02004019	
02004020	
02004021	
02004022	
02004023	
02004024	
02004025	
02004026	
02004027	
02004028	
02004029	
02004030	
02004031	
02005001	
02005002	
02005003	
02005004	
02005005	
02005006	
02005007	
02005008	
02005009	
02005010	
02005011	
02005012	
02005013	
02005014	
02005015	
02005016	
02005017	
02005018	
02005019	
02005020	
02005021	
02005022	
02005023	
02006001	
02006002	
02006003	
02006004	
02006005	
02006006	
02006007	
02006008	
02006009	
02006010	
02006011	
02006012	
02006013	
02006014	
02006015	
02006016	
02006017	
02006018	
02006019	
02006020	
02006021	
02006022	
02006023	
02006024	
02006025	
02006026	
02006027	
02006028	
02006029	
02006030	
02007001	
02007002	
02007003	
02007004	
02007005	
02007006	
02007007	
02007008	
02007009	
02007010	
02007011	
02007012	
02007013	
02007014	
02007015	
02007016	
02007017	
02007018	
02007019	
02007020	
02007021	
02007022	
02007023	
02007024	
02007025	
02008001	
02008002	
02008003	
02008004	
02008005	
02008006	
02008007	
02008008	
02008009	
02008010	
02008011	
02008012	
02008013	
02008014	
02008015	
02008016	
02008017	
02008018	
02008019	
02008020	
02008021	
02008022	
02008023	
02008024	
02008025	
02008026	
02008027	
02008028	
02008029	
02008030	
02008031	
02008032	
02009001	
02009002	
02009003	
02009004	
02009005	
02009006	
02009007	
02009008	
02009009	
02009010	
02009011	
02009012	
02009013	
02009014	
02009015	
02009016	
02009017	
02009018	
02009019	
02009020	
02009021	
02009022	
02009023	
02009024	
02009025	
02009026	
02009027	
02009028	
02009029	
02009030	
02009031	
02009032	
02009033	
02009034	
02009035	
02010001	
02010002	
02010003	
02010004	
02010005	
02010006	
02010007	
02010008	
02010009	
02010010	
02010011	
02010012	
02010013	
02010014	
02010015	
02010016	
02010017	
02010018	
02010019	
02010020	
02010021	
02010022	
02010023	
02010024	
02010025	
02010026	
02010027	
02010028	
02010029	
02011001	
02011002	
02011003	
02011004	
02011005	
02011006	
02011007	
02011008	
02011009	
02011010	
02012001	
02012002	
02012003	
02012004	
02012005	
02012006	
02012007	
02012008	
02012009	
02012010	
02012011	
02012012	
02012013	
02012014	
02012015	
02012016	
02012017	
02012018	
02012019	
02012020	
02012021	
02012022	
02012023	
02012024	
02012025	
02012026	
02012027	
02012028	
02012029	
02012030	
02012031	
02012032	
02012033	
02012034	
02012035	
02012036	
02012037	
02012038	
02012039	
02012040	
02012041	
02012042	
02012043	
02012044	
02012045	
02012046	
02012047	
02012048	
02012049	
02012050	
02012051	
02013001	
02013002	
02013003	
02013004	
02013005	
02013006	
02013007	
02013008	
02013009	
02013010	
02013011	
02013012	
02013013	
02013014	
02013015	
02013016	
02013017	
02013018	
02013019	
02013020	
02013021	
02013022	
02014001	
02014002	
02014003	
02014004	
02014005	
02014006	
02014007	
02014008	
02014009	
02014010	
02014011	
02014012	
02014013	
02014014	
02014015	
02014016	
02014017	
02014018	
02014019	
02014020	
02014021	
02014022	
02014023	
02014024	
02014025	
02014026	
02014027	
02014028	
02014029	
02014030	
02014031	
02015001	
02015002	
02015003	
02015004	
02015005	
02015006	
02015007	
02015008	
02015009	
02015010	
02015011	
02015012	
02015013	
02015014	
02015015	
02015016	
02015017	
02015018	
02015019	
02015020	
02015021	
02015022	
02015023	
02015024	
02015025	
02015026	
02015027	
02016001	
02016002	
02016003	
02016004	
02016005	
02016006	
02016007	
02016008	
02016009	
02016010	
02016011	
02016012	
02016013	
02016014	
02016015	
02016016	
02016017	
02016018	
02016019	
02016020	
02016021	
02016022	
02016023	
02016024	
02016025	
02016026	
02016027	
02016028	
02016029	
02016030	
02016031	
02016032	
02016033	
02016034	
02016035	
02016036	
02017001	
02017002	
02017003	
02017004	
02017005	
02017006	
02017007	
02017008	
02017009	
02017010	
02017011	
02017012	
02017013	
02017014	
02017015	
02017016	
02018001	
02018002	
02018003	
02018004	
02018005	
02018006	
02018007	
02018008	
02018009	
02018010	
02018011	
02018012	
02018013	
02018014	
02018015	
02018016	
02018017	
02018018	
02018019	
02018020	
02018021	
02018022	
02018023	
02018024	
02018025	
02018026	
02018027	
02019001	
02019002	
02019003	
02019004	
02019005	
02019006	
02019007	
02019008	
02019009	
02019010	
02019011	
02019012	
02019013	
02019014	
02019015	
02019016	
02019017	
02019018	
02019019	
02019020	
02019021	
02019022	
02019023	
02019024	
02019025	
02020001	
02020002	
02020003	
02020004	
02020005	
02020006	
02020007	
02020008	
02020009	
02020010	
02020011	
02020012	
02020013	
02020014	
02020015	
02020016	
02020017	
02020018	
02020019	
02020020	
02020021	
02020022	
02020023	
02020024	
02020025	
02020026	
02021001	
02021002	
02021003	
02021004	
02021005	
02021006	
02021007	
02021008	
02021009	
02021010	
02021011	
02021012	
02021013	
02021014	
02021015	
02021016	
02021017	
02021018	
02021019	
02021020	
02021021	
02021022	
02021023	
02021024	
02021025	
02021026	
02021027	
02021028	
02021029	
02021030	
02021031	
02021032	
02021033	
02021034	
02021035	
02021036	
02022001	
02022002	
02022003	
02022004	
02022005	
02022006	
02022007	
02022008	
02022009	
02022010	
02022011	
02022012	
02022013	
02022014	
02022015	
02022016	
02022017	
02022018	
02022019	
02022020	
02022021	
02022022	
02022023	
02022024	
02022025	
02022026	
02022027	
02022028	
02022029	
02022030	
02022031	
02023001	
02023002	
02023003	
02023004	
02023005	
02023006	
02023007	
02023008	
02023009	
02023010	
02023011	
02023012	
02023013	
02023014	
02023015	
02023016	
02023017	
02023018	
02023019	
02023020	
02023021	
02023022	
02023023	
02023024	
02023025	
02023026	
02023027	
02023028	
02023029	
02023030	
02023031	
02023032	
02023033	
02024001	
02024002	
02024003	
02024004	
02024005	
02024006	
02024007	
02024008	
02024009	
02024010	
02024011	
02024012	
02024013	
02024014	
02024015	
02024016	
02024017	
02024018	
02025001	
02025002	
02025003	
02025004	
02025005	
02025006	
02025007	
02025008	
02025009	
02025010	
02025011	
02025012	
02025013	
02025014	
02025015	
02025016	
02025017	
02025018	
02025019	
02025020	
02025021	
02025022	
02025023	
02025024	
02025025	
02025026	
02025027	
02025028	
02025029	
02025030	
02025031	
02025032	
02025033	
02025034	
02025035	
02025036	
02025037	
02025038	
02025039	
02025040	
02026001	
02026002	
02026003	
02026004	
02026005	
02026006	
02026007	
02026008	
02026009	
02026010	
02026011	
02026012	
02026013	
02026014	
02026015	
02026016	
02026017	
02026018	
02026019	
02026020	
02026021	
02026022	
02026023	
02026024	
02026025	
02026026	
02026027	
02026028	
02026029	
02026030	
02026031	
02026032	
02026033	
02026034	
02026035	
02026036	
02026037	
02027001	
02027002	
02027003	
02027004	
02027005	
02027006	
02027007	
02027008	
02027009	
02027010	
02027011	
02027012	
02027013	
02027014	
02027015	
02027016	
02027017	
02027018	
02027019	
02027020	
02027021	
02028001	
02028002	
02028003	
02028004	
02028005	
02028006	
02028007	
02028008	
02028009	
02028010	
02028011	
02028012	
02028013	
02028014	
02028015	
02028016	
02028017	
02028018	
02028019	
02028020	
02028021	
02028022	
02028023	
02028024	
02028025	
02028026	
02028027	
02028028	
02028029	
02028030	
02028031	
02028032	
02028033	
02028034	
02028035	
02028036	
02028037	
02028038	
02028039	
02028040	
02028041	
02028042	
02028043	
02029001	
02029002	
02029003	
02029004	
02029005	
02029006	
02029007	
02029008	
02029009	
02029010	
02029011	
02029012	
02029013	
02029014	
02029015	
02029016	
02029017	
02029018	
02029019	
02029020	
02029021	
02029022	
02029023	
02029024	
02029025	
02029026	
02029027	
02029028	
02029029	
02029030	
02029031	
02029032	
02029033	
02029034	
02029035	
02029036	
02029037	
02029038	
02029039	
02029040	
02029041	
02029042	
02029043	
02029044	
02029045	
02029046	
02030001	
02030002	
02030003	
02030004	
02030005	
02030006	
02030007	
02030008	
02030009	
02030010	
02030011	
02030012	
02030013	
02030014	
02030015	
02030016	
02030017	
02030018	
02030019	
02030020	
02030021	
02030022	
02030023	
02030024	
02030025	
02030026	
02030027	
02030028	
02030029	
02030030	
02030031	
02030032	
02030033	
02030034	
02030035	
02030036	
02030037	
02030038	
02031001	
02031002	
02031003	
02031004	
02031005	
02031006	
02031007	
02031008	
02031009	
02031010	
02031011	
02031012	
02031013	
02031014	
02031015	
02031016	
02031017	
02031018	
02032001	
02032002	
02032003	
02032004	
02032005	
02032006	
02032007	
02032008	
02032009	
02032010	
02032011	
02032012	
02032013	
02032014	
02032015	
02032016	
02032017	
02032018	
02032019	
02032020	
02032021	
02032022	
02032023	
02032024	
02032025	
02032026	
02032027	
02032028	
02032029	
02032030	
02032031	
02032032	
02032033	
02032034	
02032035	
02033001	
02033002	
02033003	
02033004	
02033005	
02033006	
02033007	
02033008	
02033009	
02033010	
02033011	
02033012	
02033013	
02033014	
02033015	
02033016	
02033017	
02033018	
02033019	
02033020	
02033021	
02033022	
02033023	
02034001	
02034002	
02034003	
02034004	
02034005	
02034006	
02034007	
02034008	
02034009	
02034010	
02034011	
02034012	
02034013	
02034014	
02034015	
02034016	
02034017	
02034018	
02034019	
02034020	
02034021	
02034022	
02034023	
02034024	
02034025	
02034026	
02034027	
02034028	
02034029	
02034030	
02034031	
02034032	
02034033	
02034034	
02034035	
02035001	
02035002	
02035003	
02035004	
02035005	
02035006	
02035007	
02035008	
02035009	
02035010	
02035011	
02035012	
02035013	
02035014	
02035015	
02035016	
02035017	
02035018	
02035019	
02035020	
02035021	
02035022	
02035023	
02035024	
02035025	
02035026	
02035027	
02035028	
02035029	
02035030	
02035031	
02035032	
02035033	
02035034	
02035035	
02036001	
02036002	
02036003	
02036004	
02036005	
02036006	
02036007	
02036008	
02036009	
02036010	
02036011	
02036012	
02036013	
02036014	
02036015	
02036016	
02036017	
02036018	
02036019	
02036020	
02036021	
02036022	
02036023	
02036024	
02036025	
02036026	
02036027	
02036028	
02036029	
02036030	
02036031	
02036032	
02036033	
02036034	
02036035	
02036036	
02036037	
02036038	
02037001	
02037002	
02037003	
02037004	
02037005	
02037006	
02037007	
02037008	
02037009	
02037010	
02037011	
02037012	
02037013	
02037014	
02037015	
02037016	
02037017	
02037018	
02037019	
02037020	
02037021	
02037022	
02037023	
02037024	
02037025	
02037026	
02037027	
02037028	
02037029	
02038001	
02038002	
02038003	
02038004	
02038005	
02038006	
02038007	
02038008	
02038009	
02038010	
02038011	
02038012	
02038013	
02038014	
02038015	
02038016	
02038017	
02038018	
02038019	
02038020	
02038021	
02038022	
02038023	
02038024	
02038025	
02038026	
02038027	
02038028	
02038029	
02038030	
02038031	
02039001	
02039002	
02039003	
02039004	
02039005	
02039006	
02039007	
02039008	
02039009	
02039010	
02039011	
02039012	
02039013	
02039014	
02039015	
02039016	
02039017	
02039018	
02039019	
02039020	
02039021	
02039022	
02039023	
02039024	
02039025	
02039026	
02039027	
02039028	
02039029	
02039030	
02039031	
02039032	
02039033	
02039034	
02039035	
02039036	
02039037	
02039038	
02039039	
02039040	
02039041	
02039042	
02039043	
02040001	
02040002	
02040003	
02040004	
02040005	
02040006	
02040007	
02040008	
02040009	
02040010	
02040011	
02040012	
02040013	
02040014	
02040015	
02040016	
02040017	
02040018	
02040019	
02040020	
02040021	
02040022	
02040023	
02040024	
02040025	
02040026	
02040027	
02040028	
02040029	
02040030	
02040031	
02040032	
02040033	
02040034	
02040035	
02040036	
02040037	
02040038	
05001001	
05001002	
05001003	
05001004	
05001005	
05001006	
05001007	
05001008	
05001009	
05001010	
05001011	
05001012	
05001013	
05001014	
05001015	
05001016	
05001017	
05001018	
05001019	
05001020	
05001021	
05001022	
05001023	
05001024	
05001025	
05001026	
05001027	
05001028	
05001029	
05001030	
05001031	
05001032	
05001033	
05001034	
05001035	
05001036	
05001037	
05001038	
05001039	
05001040	
05001041	
05001042	
05001043	
05001044	
05001045	
05001046	
05002001	
05002002	
05002003	
05002004	
05002005	
05002006	
05002007	
05002008	
05002009	
05002010	
05002011	
05002012	
05002013	
05002014	
05002015	
05002016	
05002017	
05002018	
05002019	
05002020	
05002021	
05002022	
05002023	
05002024	
05002025	
05002026	
05002027	
05002028	
05002029	
05002030	
05002031	
05002032	
05002033	
05002034	
05002035	
05002036	
05002037	
05003001	
05003002	
05003003	
05003004	
05003005	
05003006	
05003007	
05003008	
05003009	
05003010	
05003011	
05003012	
05003013	
05003014	
05003015	
05003016	
05003017	
05003018	
05003019	
05003020	
05003021	
05003022	
05003023	
05003024	
05003025	
05003026	
05003027	
05003028	
05003029	
05004001	
05004002	
05004003	
05004004	
05004005	
05004006	
05004007	
05004008	
05004009	
05004010	
05004011	
05004012	
05004013	
05004014	
05004015	
05004016	
05004017	
05004018	
05004019	
05004020	
05004021	
05004022	
05004023	
05004024	
05004025	
05004026	
05004027	
05004028	
05004029	
05004030	
05004031	
05004032	
05004033	
05004034	
05004035	
05004036	
05004037	
05004038	
05004039	
05004040	
05004041	
05004042	
05004043	
05004044	
05004045	
05004046	
05004047	
05004048	
05004049	
05005001	
05005002	
05005003	
05005004	
05005005	
05005006	
05005007	
05005008	
05005009	
05005010	
05005011	
05005012	
05005013	
05005014	
05005015	
05005016	
05005017	
05005018	
05005019	
05005020	
05005021	
05005022	
05005023	
05005024	
05005025	
05005026	
05005027	
05005028	
05005029	
05005030	
05005031	
05005032	
05005033	
05006001	
05006002	
05006003	
05006004	
05006005	
05006006	
05006007	
05006008	
05006009	
05006010	
05006011	
05006012	
05006013	
05006014	
05006015	
05006016	
05006017	
05006018	
05006019	
05006020	
05006021	
05006022	
05006023	
05006024	
05006025	
05007001	
05007002	
05007003	
05007004	
05007005	
05007006	
05007007	
05007008	
05007009	
05007010	
05007011	
05007012	
05007013	
05007014	
05007015	
05007016	
05007017	
05007018	
05007019	
05007020	
05007021	
05007022	
05007023	
05007024	
05007025	
05007026	
05008001	
05008002	
05008003	
05008004	
05008005	
05008006	
05008007	
05008008	
05008009	
05008010	
05008011	
05008012	
05008013	
05008014	
05008015	
05008016	
05008017	
05008018	
05008019	
05008020	
05009001	
05009002	
05009003	
05009004	
05009005	
05009006	
05009007	
05009008	
05009009	
05009010	
05009011	
05009012	
05009013	
05009014	
05009015	
05009016	
05009017	
05009018	
05009019	
05009020	
05009021	
05009022	
05009023	
05009024	
05009025	
05009026	
05009027	
05009028	
05009029	
05010001	
05010002	
05010003	
05010004	
05010005	
05010006	
05010007	
05010008	
05010009	
05010010	
05010011	
05010012	
05010013	
05010014	
05010015	
05010016	
05010017	
05010018	
05010019	
05010020	
05010021	
05010022	
05011001	
05011002	
05011003	
05011004	
05011005	
05011006	
05011007	
05011008	
05011009	
05011010	
05011011	
05011012	
05011013	
05011014	
05011015	
05011016	
05011017	
05011018	
05011019	
05011020	
05011021	
05011022	
05011023	
05011024	
05011025	
05011026	
05011027	
05011028	
05011029	
05011030	
05011031	
05011032	
05012001	
05012002	
05012003	
05012004	
05012005	
05012006	
05012007	
05012008	
05012009	
05012010	
05012011	
05012012	
05012013	
05012014	
05012015	
05012016	
05012017	
05012018	
05012019	
05012020	
05012021	
05012022	
05012023	
05012024	
05012025	
05012026	
05012027	
05012028	
05012029	
05012030	
05012031	
05012032	
05013001	
05013002	
05013003	
05013004	
05013005	
05013006	
05013007	
05013008	
05013009	
05013010	
05013011	
05013012	
05013013	
05013014	
05013015	
05013016	
05013017	
05013018	
05014001	
05014002	
05014003	
05014004	
05014005	
05014006	
05014007	
05014008	
05014009	
05014010	
05014011	
05014012	
05014013	
05014014	
05014015	
05014016	
05014017	
05014018	
05014019	
05014020	
05014021	
05014022	
05014023	
05014024	
05014025	
05014026	
05014027	
05014028	
05014029	
05015001	
05015002	
05015003	
05015004	
05015005	
05015006	
05015007	
05015008	
05015009	
05015010	
05015011	
05015012	
05015013	
05015014	
05015015	
05015016	
05015017	
05015018	
05015019	
05015020	
05015021	
05015022	
05015023	
05016001	
05016002	
05016003	
05016004	
05016005	
05016006	
05016007	
05016008	
05016009	
05016010	
05016011	
05016012	
05016013	
05016014	
05016015	
05016016	
05016017	
05016018	
05016019	
05016020	
05016021	
05016022	
05017001	
05017002	
05017003	
05017004	
05017005	
05017006	
05017007	
05017008	
05017009	
05017010	
05017011	
05017012	
05017013	
05017014	
05017015	
05017016	
05017017	
05017018	
05017019	
05017020	
05018001	
05018002	
05018003	
05018004	
05018005	
05018006	
05018007	
05018008	
05018009	
05018010	
05018011	
05018012	
05018013	
05018014	
05018015	
05018016	
05018017	
05018018	
05018019	
05018020	
05018021	
05018022	
05019001	
05019002	
05019003	
05019004	
05019005	
05019006	
05019007	
05019008	
05019009	
05019010	
05019011	
05019012	
05019013	
05019014	
05019015	
05019016	
05019017	
05019018	
05019019	
05019020	
05019021	
05020001	
05020002	
05020003	
05020004	
05020005	
05020006	
05020007	
05020008	
05020009	
05020010	
05020011	
05020012	
05020013	
05020014	
05020015	
05020016	
05020017	
05020018	
05020019	
05020020	
05021001	
05021002	
05021003	
05021004	
05021005	
05021006	
05021007	
05021008	
05021009	
05021010	
05021011	
05021012	
05021013	
05021014	
05021015	
05021016	
05021017	
05021018	
05021019	
05021020	
05021021	
05021022	
05021023	
05022001	
05022002	
05022003	
05022004	
05022005	
05022006	
05022007	
05022008	
05022009	
05022010	
05022011	
05022012	
05022013	
05022014	
05022015	
05022016	
05022017	
05022018	
05022019	
05022020	
05022021	
05022022	
05022023	
05022024	
05022025	
05022026	
05022027	
05022028	
05022029	
05022030	
05023001	
05023002	
05023003	
05023004	
05023005	
05023006	
05023007	
05023008	
05023009	
05023010	
05023011	
05023012	
05023013	
05023014	
05023015	
05023016	
05023017	
05023018	
05023019	
05023020	
05023021	
05023022	
05023023	
05023024	
05023025	
05024001	
05024002	
05024003	
05024004	
05024005	
05024006	
05024007	
05024008	
05024009	
05024010	
05024011	
05024012	
05024013	
05024014	
05024015	
05024016	
05024017	
05024018	
05024019	
05024020	
05024021	
05024022	
05025001	
05025002	
05025003	
05025004	
05025005	
05025006	
05025007	
05025008	
05025009	
05025010	
05025011	
05025012	
05025013	
05025014	
05025015	
05025016	
05025017	
05025018	
05025019	
05026001	
05026002	
05026003	
05026004	
05026005	
05026006	
05026007	
05026008	
05026009	
05026010	
05026011	
05026012	
05026013	
05026014	
05026015	
05026016	
05026017	
05026018	
05026019	
05027001	
05027002	
05027003	
05027004	
05027005	
05027006	
05027007	
05027008	
05027009	
05027010	
05027011	
05027012	
05027013	
05027014	
05027015	
05027016	
05027017	
05027018	
05027019	
05027020	
05027021	
05027022	
05027023	
05027024	
05027025	
05027026	
05028001	
05028002	
05028003	
05028004	
05028005	
05028006	
05028007	
05028008	
05028009	
05028010	
05028011	
05028012	
05028013	
05028014	
05028015	
05028016	
05028017	
05028018	
05028019	
05028020	
05028021	
05028022	
05028023	
05028024	
05028025	
05028026	
05028027	
05028028	
05028029	
05028030	
05028031	
05028032	
05028033	
05028034	
05028035	
05028036	
05028037	
05028038	
05028039	
05028040	
05028041	
05028042	
05028043	
05028044	
05028045	
05028046	
05028047	
05028048	
05028049	
05028050	
05028051	
05028052	
05028053	
05028054	
05028055	
05028056	
05028057	
05028058	
05028059	
05028060	
05028061	
05028062	
05028063	
05028064	
05028065	
05028066	
05028067	
05028068	
05029001	
05029002	
05029003	
05029004	
05029005	
05029006	
05029007	
05029008	
05029009	
05029010	
05029011	
05029012	
05029013	
05029014	
05029015	
05029016	
05029017	
05029018	
05029019	
05029020	
05029021	
05029022	
05029023	
05029024	
05029025	
05029026	
05029027	
05029028	
05029029	
05030001	
05030002	
05030003	
05030004	
05030005	
05030006	
05030007	
05030008	
05030009	
05030010	
05030011	
05030012	
05030013	
05030014	
05030015	
05030016	
05030017	
05030018	
05030019	
05030020	
05031001	
05031002	
05031003	
05031004	
05031005	
05031006	
05031007	
05031008	
05031009	
05031010	
05031011	
05031012	
05031013	
05031014	
05031015	
05031016	
05031017	
05031018	
05031019	
05031020	
05031021	
05031022	
05031023	
05031024	
05031025	
05031026	
05031027	
05031028	
05031029	
05031030	
05032001	
05032002	
05032003	
05032004	
05032005	
05032006	
05032007	
05032008	
05032009	
05032010	
05032011	
05032012	
05032013	
05032014	
05032015	
05032016	
05032017	
05032018	
05032019	
05032020	
05032021	
05032022	
05032023	
05032024	
05032025	
05032026	
05032027	
05032028	
05032029	
05032030	
05032031	
05032032	
05032033	
05032034	
05032035	
05032036	
05032037	
05032038	
05032039	
05032040	
05032041	
05032042	
05032043	
05032044	
05032045	
05032046	
05032047	
05032048	
05032049	
05032050	
05032051	
05032052	
05033001	
05033002	
05033003	
05033004	
05033005	
05033006	
05033007	
05033008	
05033009	
05033010	
05033011	
05033012	
05033013	
05033014	
05033015	
05033016	
05033017	
05033018	
05033019	
05033020	
05033021	
05033022	
05033023	
05033024	
05033025	
05033026	
05033027	
05033028	
05033029	
05034001	
05034002	
05034003	
05034004	
05034005	
05034006	
05034007	
05034008	
05034009	
05034010	
05034011	
05034012	
20001001	
20001002	
20001003	
20001004	
20001005	
20001006	
20001007	
20001008	
20001009	
20001010	
20001011	
20001012	
20001013	
20001014	
20001015	
20001016	
20001017	
20001018	
20001019	
20001020	
20001021	
20001022	
20001023	
20001024	
20001025	
20001026	
20001027	
20001028	
20001029	
20001030	
20001031	
20001032	
20001033	
20002001	
20002002	
20002003	
20002004	
20002005	
20002006	
20002007	
20002008	
20002009	
20002010	
20002011	
20002012	
20002013	
20002014	
20002015	
20002016	
20002017	
20002018	
20002019	
20002020	
20002021	
20002022	
20003001	
20003002	
20003003	
20003004	
20003005	
20003006	
20003007	
20003008	
20003009	
20003010	
20003011	
20003012	
20003013	
20003014	
20003015	
20003016	
20003017	
20003018	
20003019	
20003020	
20003021	
20003022	
20003023	
20003024	
20003025	
20003026	
20003027	
20003028	
20003029	
20003030	
20003031	
20003032	
20003033	
20003034	
20003035	
20004001	
20004002	
20004003	
20004004	
20004005	
20004006	
20004007	
20004008	
20004009	
20004010	
20004011	
20004012	
20004013	
20004014	
20004015	
20004016	
20004017	
20004018	
20004019	
20004020	
20004021	
20004022	
20004023	
20004024	
20004025	
20004026	
20004027	
20005001	
20005002	
20005003	
20005004	
20005005	
20005006	
20005007	
20005008	
20005009	
20005010	
20005011	
20005012	
20005013	
20005014	
20005015	
20005016	
20005017	
20005018	
20005019	
20005020	
20005021	
20005022	
20005023	
20006001	
20006002	
20006003	
20006004	
20006005	
20006006	
20006007	
20006008	
20006009	
20006010	
20006011	
20006012	
20006013	
20006014	
20006015	
20006016	
20006017	
20006018	
20006019	
20006020	
20006021	
20006022	
20006023	
20006024	
20006025	
20006026	
20006027	
20006028	
20006029	
20006030	
20006031	
20006032	
20006033	
20006034	
20006035	
20007001	
20007002	
20007003	
20007004	
20007005	
20007006	
20007007	
20007008	
20007009	
20007010	
20007011	
20007012	
20007013	
20007014	
20007015	
20007016	
20007017	
20007018	
20007019	
20007020	
20007021	
20007022	
20007023	
20007024	
20007025	
20007026	
20007027	
20008001	
20008002	
20008003	
20008004	
20008005	
20008006	
20008007	
20008008	
20008009	
20008010	
20008011	
20008012	
20008013	
20008014	
20008015	
20008016	
20008017	
20008018	
20008019	
20008020	
20008021	
20008022	
20008023	
20008024	
20008025	
20008026	
20008027	
20008028	
20008029	
20008030	
20008031	
20008032	
20008033	
20008034	
20008035	
20008036	
20009001	
20009002	
20009003	
20009004	
20009005	
20009006	
20009007	
20009008	
20009009	
20009010	
20009011	
20009012	
20009013	
20009014	
20009015	
20009016	
20009017	
20009018	
20010001	
20010002	
20010003	
20010004	
20010005	
20010006	
20010007	
20010008	
20010009	
20010010	
20010011	
20010012	
20010013	
20010014	
20010015	
20010016	
20010017	
20010018	
20010019	
20010020	
20010021	
20010022	
20010023	
20010024	
20010025	
20010026	
20010027	
20010028	
20010029	
20010030	
20010031	
20010032	
20011001	
20011002	
20011003	
20011004	
20011005	
20011006	
20011007	
20011008	
20011009	
20011010	
20011011	
20011012	
20011013	
20011014	
20011015	
20011016	
20011017	
20011018	
20011019	
20011020	
20011021	
20011022	
20011023	
20011024	
20011025	
20011026	
20011027	
20011028	
20011029	
20011030	
20011031	
20012001	
20012002	
20012003	
20012004	
20012005	
20012006	
20012007	
20012008	
20012009	
20012010	
20012011	
20012012	
20012013	
20012014	
20012015	
20012016	
20012017	
20012018	
20012019	
20012020	
20012021	
20012022	
20012023	
20012024	
20012025	
20012026	
20012027	
20012028	
20013001	
20013002	
20013003	
20013004	
20013005	
20013006	
20013007	
20013008	
20013009	
20013010	
20013011	
20013012	
20013013	
20013014	
20013015	
20013016	
20013017	
20013018	
20013019	
20013020	
20013021	
20013022	
20013023	
20013024	
20013025	
20014001	
20014002	
20014003	
20014004	
20014005	
20014006	
20014007	
20014008	
20014009	
20014010	
20014011	
20014012	
20014013	
20014014	
20014015	
20014016	
20014017	
20014018	
20014019	
20014020	
20014021	
20014022	
20014023	
20014024	
20014025	
20014026	
20014027	
20014028	
20014029	
20014030	
20014031	
20014032	
20014033	
20014034	
20014035	
20015001	
20015002	
20015003	
20015004	
20015005	
20015006	
20015007	
20015008	
20015009	
20015010	
20015011	
20015012	
20015013	
20015014	
20015015	
20015016	
20015017	
20015018	
20015019	
20015020	
20015021	
20015022	
20015023	
20015024	
20015025	
20015026	
20015027	
20015028	
20015029	
20015030	
20015031	
20015032	
20015033	
20016001	
20016002	
20016003	
20016004	
20016005	
20016006	
20016007	
20016008	
20016009	
20016010	
20016011	
20016012	
20016013	
20016014	
20016015	
20016016	
20016017	
20016018	
20016019	
20016020	
20016021	
20016022	
20016023	
20016024	
20016025	
20016026	
20016027	
20016028	
20016029	
20016030	
20016031	
20016032	
20016033	
20017001	
20017002	
20017003	
20017004	
20017005	
20017006	
20017007	
20017008	
20017009	
20017010	
20017011	
20017012	
20017013	
20017014	
20017015	
20017016	
20017017	
20017018	
20017019	
20017020	
20017021	
20017022	
20017023	
20017024	
20017025	
20017026	
20017027	
20017028	
20018001	
20018002	
20018003	
20018004	
20018005	
20018006	
20018007	
20018008	
20018009	
20018010	
20018011	
20018012	
20018013	
20018014	
20018015	
20018016	
20018017	
20018018	
20018019	
20018020	
20018021	
20018022	
20018023	
20018024	
20019001	
20019002	
20019003	
20019004	
20019005	
20019006	
20019007	
20019008	
20019009	
20019010	
20019011	
20019012	
20019013	
20019014	
20019015	
20019016	
20019017	
20019018	
20019019	
20019020	
20019021	
20019022	
20019023	
20019024	
20019025	
20019026	
20019027	
20019028	
20019029	
20020001	
20020002	
20020003	
20020004	
20020005	
20020006	
20020007	
20020008	
20020009	
20020010	
20020011	
20020012	
20020013	
20020014	
20020015	
20020016	
20020017	
20020018	
20020019	
20020020	
20020021	
20020022	
20020023	
20020024	
20020025	
20020026	
20020027	
20020028	
20020029	
20020030	
20021001	
20021002	
20021003	
20021004	
20021005	
20021006	
20021007	
20021008	
20021009	
20021010	
20021011	
20021012	
20021013	
20021014	
20021015	
20021016	
20021017	
20021018	
20021019	
20021020	
20021021	
20021022	
20021023	
20021024	
20021025	
20021026	
20021027	
20021028	
20021029	
20021030	
20021031	
20022001	
20022002	
20022003	
20022004	
20022005	
20022006	
20022007	
20022008	
20022009	
20022010	
20022011	
20022012	
20022013	
20022014	
20022015	
20022016	
20022017	
20022018	
20022019	
20022020	
20022021	
20022022	
20022023	
20022024	
20022025	
20022026	
20022027	
20022028	
20022029	
20023001	
20023002	
20023003	
20023004	
20023005	
20023006	
20023007	
20023008	
20023009	
20023010	
20023011	
20023012	
20023013	
20023014	
20023015	
20023016	
20023017	
20023018	
20023019	
20023020	
20023021	
20023022	
20023023	
20023024	
20023025	
20023026	
20023027	
20023028	
20023029	
20023030	
20023031	
20023032	
20023033	
20023034	
20023035	
20024001	
20024002	
20024003	
20024004	
20024005	
20024006	
20024007	
20024008	
20024009	
20024010	
20024011	
20024012	
20024013	
20024014	
20024015	
20024016	
20024017	
20024018	
20024019	
20024020	
20024021	
20024022	
20024023	
20024024	
20024025	
20024026	
20024027	
20024028	
20024029	
20024030	
20024031	
20024032	
20024033	
20024034	
20025001	
20025002	
20025003	
20025004	
20025005	
20025006	
20025007	
20025008	
20025009	
20025010	
20025011	
20025012	
20025013	
20025014	
20025015	
20025016	
20025017	
20025018	
20025019	
20025020	
20025021	
20025022	
20025023	
20025024	
20025025	
20025026	
20025027	
20025028	
20026001	
20026002	
20026003	
20026004	
20026005	
20026006	
20026007	
20026008	
20026009	
20026010	
20026011	
20026012	
20026013	
20026014	
20026015	
20026016	
20026017	
20026018	
20026019	
20026020	
20026021	
20026022	
20026023	
20026024	
20026025	
20026026	
20026027	
20026028	
20027001	
20027002	
20027003	
20027004	
20027005	
20027006	
20027007	
20027008	
20027009	
20027010	
20027011	
20027012	
20027013	
20027014	
20027015	
20027016	
20027017	
20027018	
20027019	
20027020	
20027021	
20027022	
20027023	
20027024	
20027025	
20027026	
20027027	
20028001	
20028002	
20028003	
20028004	
20028005	
20028006	
20028007	
20028008	
20028009	
20028010	
20028011	
20028012	
20028013	
20028014	
20028015	
20028016	
20028017	
20028018	
20028019	
20028020	
20028021	
20028022	
20028023	
20028024	
20028025	
20028026	
20028027	
20028028	
20029001	
20029002	
20029003	
20029004	
20029005	
20029006	
20029007	
20029008	
20029009	
20029010	
20029011	
20029012	
20029013	
20029014	
20029015	
20029016	
20029017	
20029018	
20029019	
20029020	
20029021	
20029022	
20029023	
20029024	
20029025	
20029026	
20029027	
20030001	
20030002	
20030003	
20030004	
20030005	
20030006	
20030007	
20030008	
20030009	
20030010	
20030011	
20030012	
20030013	
20030014	
20030015	
20030016	
20030017	
20030018	
20030019	
20030020	
20030021	
20030022	
20030023	
20030024	
20030025	
20030026	
20030027	
20030028	
20030029	
20030030	
20030031	
20030032	
20030033	
20031001	
20031002	
20031003	
20031004	
20031005	
20031006	
20031007	
20031008	
20031009	
20031010	
20031011	
20031012	
20031013	
20031014	
20031015	
20031016	
20031017	
20031018	
20031019	
20031020	
20031021	
20031022	
20031023	
20031024	
20031025	
20031026	
20031027	
20031028	
20031029	
20031030	
20031031	
21001001	
21001002	
21001003	
21001004	
21001005	
21001006	
21001007	
21001008	
21001009	
21001010	
21001011	
21001012	
21001013	
21001014	
21001015	
21001016	
21001017	
21001018	
21002001	
21002002	
21002003	
21002004	
21002005	
21002006	
21002007	
21002008	
21002009	
21002010	
21002011	
21002012	
21002013	
21002014	
21002015	
21002016	
21002017	
21002018	
21002019	
21002020	
21002021	
21002022	
21002023	
21002024	
21002025	
21002026	
21003001	
21003002	
21003003	
21003004	
21003005	
21003006	
21003007	
21003008	
21003009	
21003010	
21003011	
21003012	
21003013	
21003014	
21003015	
21003016	
21003017	
21003018	
21003019	
21003020	
21003021	
21003022	
21004001	
21004002	
21004003	
21004004	
21004005	
21004006	
21004007	
21004008	
21004009	
21004010	
21004011	
21004012	
21004013	
21004014	
21004015	
21004016	
21005001	
21005002	
21005003	
21005004	
21005005	
21005006	
21005007	
21005008	
21005009	
21005010	
21005011	
21005012	
21005013	
21005014	
21005015	
21005016	
21005017	
21005018	
21005019	
21005020	
21006001	
21006002	
21006003	
21006004	
21006005	
21006006	
21006007	
21006008	
21006009	
21006010	
21006011	
21006012	
21007001	
21007002	
21007003	
21007004	
21007005	
21007006	
21007007	
21007008	
21007009	
21007010	
21007011	
21007012	
21007013	
21007014	
21007015	
21007016	
21007017	
21007018	
21007019	
21007020	
21007021	
21007022	
21007023	
21007024	
21007025	
21007026	
21007027	
21007028	
21007029	
21008001	
21008002	
21008003	
21008004	
21008005	
21008006	
21008007	
21008008	
21008009	
21008010	
21008011	
21008012	
21008013	
21008014	
21008015	
21008016	
21008017	
21009001	
21009002	
21009003	
21009004	
21009005	
21009006	
21009007	
21009008	
21009009	
21009010	
21009011	
21009012	
21009013	
21009014	
21009015	
21009016	
21009017	
21009018	
21010001	
21010002	
21010003	
21010004	
21010005	
21010006	
21010007	
21010008	
21010009	
21010010	
21010011	
21010012	
21010013	
21010014	
21010015	
21010016	
21010017	
21010018	
21010019	
21010020	
21011001	
21011002	
21011003	
21011004	
21011005	
21011006	
21011007	
21011008	
21011009	
21011010	
21012001	
21012002	
21012003	
21012004	
21012005	
21012006	
21012007	
21012008	
21012009	
21012010	
21012011	
21012012	
21012013	
21012014	
40001001	
40001002	
40001003	
40001004	
40001005	
40001006	
40001007	
40001008	
40001009	
40001010	
40001011	
40001012	
40001013	
40001014	
40001015	
40001016	
40001017	
40001018	
40001019	
40001020	
40001021	
40001022	
40001023	
40001024	
40001025	
40002001	
40002002	
40002003	
40002004	
40002005	
40002006	
40002007	
40002008	
40002009	
40002010	
40002011	
40002012	
40002013	
40002014	
40002015	
40002016	
40002017	
40002018	
40002019	
40002020	
40002021	
40002022	
40002023	
40003001	
40003002	
40003003	
40003004	
40003005	
40003006	
40003007	
40003008	
40003009	
40003010	
40003011	
40003012	
40003013	
40003014	
40003015	
40003016	
40003017	
40004001	
40004002	
40004003	
40004004	
40004005	
40004006	
40004007	
40004008	
40004009	
40004010	
40004011	
40004012	
40004013	
40004014	
40004015	
40004016	
40004017	
40004018	
40004019	
40004020	
40004021	
40004022	
40004023	
40004024	
40004025	
40005001	
40005002	
40005003	
40005004	
40005005	
40005006	
40005007	
40005008	
40005009	
40005010	
40005011	
40005012	
40005013	
40005014	
40005015	
40005016	
40005017	
40005018	
40005019	
40005020	
40005021	
40005022	
40005023	
40005024	
40005025	
40005026	
40005027	
40005028	
40005029	
40005030	
40005031	
40005032	
40005033	
40005034	
40005035	
40005036	
40005037	
40005038	
40005039	
40005040	
40005041	
40005042	
40005043	
40005044	
40005045	
40005046	
40005047	
40005048	
40006001	
40006002	
40006003	
40006004	
40006005	
40006006	
40006007	
40006008	
40006009	
40006010	
40006011	
40006012	
40006013	
40006014	
40006015	
40006016	
40006017	
40006018	
40006019	
40006020	
40006021	
40006022	
40006023	
40006024	
40006025	
40006026	
40006027	
40006028	
40006029	
40006030	
40006031	
40006032	
40006033	
40006034	
40007001	
40007002	
40007003	
40007004	
40007005	
40007006	
40007007	
40007008	
40007009	
40007010	
40007011	
40007012	
40007013	
40007014	
40007015	
40007016	
40007017	
40007018	
40007019	
40007020	
40007021	
40007022	
40007023	
40007024	
40007025	
40007026	
40007027	
40007028	
40007029	
40008001	
40008002	
40008003	
40008004	
40008005	
40008006	
40008007	
40008008	
40008009	
40008010	
40008011	
40008012	
40008013	
40008014	
40008015	
40008016	
40008017	
40008018	
40008019	
40008020	
40008021	
40008022	
40008023	
40008024	
40008025	
40008026	
40008027	
40008028	
40008029	
40008030	
40008031	
40008032	
40008033	
40008034	
40009001	
40009002	
40009003	
40009004	
40009005	
40009006	
40009007	
40009008	
40009009	
40009010	
40009011	
40009012	
40009013	
40009014	
40009015	
40009016	
40009017	
40009018	
40009019	
40009020	
40009021	
40009022	
40009023	
40009024	
40009025	
40009026	
40009027	
40009028	
40009029	
40009030	
40009031	
40009032	
40009033	
40009034	
40009035	
40009036	
40009037	
40009038	
40010001	
40010002	
40010003	
40010004	
40010005	
40010006	
40010007	
40010008	
40010009	
40010010	
40010011	
40010012	
40010013	
40010014	
40010015	
40010016	
40010017	
40010018	
40010019	
40010020	
40010021	
40010022	
40010023	
40010024	
40010025	
40010026	
40010027	
40010028	
40010029	
40010030	
40010031	
40010032	
40010033	
40010034	
40010035	
40010036	
40010037	
40010038	
40010039	
40010040	
40010041	
40010042	
40011001	
40011002	
40011003	
40011004	
40011005	
40011006	
40011007	
40011008	
40011009	
40011010	
40011011	
40011012	
40011013	
40011014	
40011015	
40011016	
40011017	
40011018	
40011019	
40011020	
40011021	
40011022	
40011023	
40011024	
40011025	
40011026	
40011027	
40011028	
40011029	
40011030	
40012001	
40012002	
40012003	
40012004	
40012005	
40012006	
40012007	
40012008	
40012009	
40012010	
40012011	
40012012	
40012013	
40012014	
40012015	
40012016	
40012017	
40012018	
40012019	
40012020	
40012021	
40012022	
40012023	
40012024	
40012025	
40012026	
40012027	
40012028	
40012029	
40012030	
40012031	
40012032	
40012033	
40012034	
40012035	
40012036	
40012037	
40012038	
40012039	
40012040	
40012041	
40012042	
40012043	
40012044	
40012045	
40012046	
40012047	
40012048	
40012049	
40012050	
40013001	
40013002	
40013003	
40013004	
40013005	
40013006	
40013007	
40013008	
40013009	
40013010	
40013011	
40013012	
40013013	
40013014	
40013015	
40013016	
40013017	
40013018	
40013019	
40013020	
40013021	
40013022	
40013023	
40013024	
40013025	
40013026	
40013027	
40013028	
40013029	
40013030	
40013031	
40013032	
40013033	
40013034	
40013035	
40013036	
40013037	
40013038	
40013039	
40013040	
40013041	
40013042	
40013043	
40013044	
40013045	
40013046	
40013047	
40013048	
40013049	
40013050	
40013051	
40013052	
40013053	
40013054	
40013055	
40013056	
40013057	
40013058	
40014001	
40014002	
40014003	
40014004	
40014005	
40014006	
40014007	
40014008	
40014009	
40014010	
40014011	
40014012	
40014013	
40014014	
40014015	
40014016	
40014017	
40014018	
40014019	
40014020	
40014021	
40014022	
40014023	
40014024	
40014025	
40014026	
40014027	
40014028	
40014029	
40014030	
40014031	
40014032	
40014033	
40014034	
40014035	
40014036	
40015001	
40015002	
40015003	
40015004	
40015005	
40015006	
40015007	
40015008	
40015009	
40015010	
40015011	
40015012	
40015013	
40015014	
40015015	
40015016	
40015017	
40015018	
40015019	
40015020	
40015021	
40015022	
40015023	
40015024	
40015025	
40015026	
40015027	
40015028	
40015029	
40015030	
40015031	
40015032	
40015033	
40015034	
40015035	
40015036	
40015037	
40015038	
40015039	
40016001	
40016002	
40016003	
40016004	
40016005	
40016006	
40016007	
40016008	
40016009	
40016010	
40016011	
40016012	
40016013	
40016014	
40016015	
40016016	
40016017	
40016018	
40016019	
40016020	
40016021	
40016022	
40016023	
40016024	
40016025	
40016026	
40016027	
40016028	
40017001	
40017002	
40017003	
40017004	
40017005	
40017006	
40017007	
40017008	
40017009	
40017010	
40017011	
40017012	
40017013	
40017014	
40017015	
40017016	
40017017	
40017018	
40017019	
40017020	
40017021	
40017022	
40017023	
40017024	
40017025	
40017026	
40017027	
40018001	
40018002	
40018003	
40018004	
40018005	
40018006	
40018007	
40018008	
40018009	
40018010	
40018011	
40018012	
40018013	
40018014	
40018015	
40018016	
40018017	
40018018	
40018019	
40018020	
40018021	
40018022	
40018023	
40018024	
40018025	
40018026	
40018027	
40018028	
40018029	
40018030	
40018031	
40018032	
40018033	
40018034	
40018035	
40019001	
40019002	
40019003	
40019004	
40019005	
40019006	
40019007	
40019008	
40019009	
40019010	
40019011	
40019012	
40019013	
40019014	
40019015	
40019016	
40019017	
40019018	
40019019	
40019020	
40019021	
40019022	
40019023	
40019024	
40019025	
40019026	
40019027	
40019028	
40019029	
40019030	
40020001	
40020002	
40020003	
40020004	
40020005	
40020006	
40020007	
40020008	
40020009	
40020010	
40020011	
40020012	
40020013	
40020014	
40020015	
40020016	
40020017	
40020018	
40020019	
40020020	
40020021	
40020022	
40020023	
40020024	
40020025	
40020026	
40020027	
40020028	
40020029	
40020030	
40020031	
40020032	
40020033	
40020034	
40021001	
40021002	
40021003	
40021004	
40021005	
40021006	
40021007	
40021008	
40021009	
40021010	
40021011	
40021012	
40021013	
40021014	
40021015	
40021016	
40021017	
40021018	
40021019	
40021020	
40021021	
40021022	
40021023	
40021024	
40021025	
40021026	
40021027	
40021028	
40021029	
40021030	
40021031	
40021032	
40021033	
40021034	
40021035	
40021036	
40021037	
40021038	
40021039	
40021040	
40021041	
40021042	
40021043	
40021044	
40021045	
40021046	
40022001	
40022002	
40022003	
40022004	
40022005	
40022006	
40022007	
40022008	
40022009	
40022010	
40022011	
40022012	
40022013	
40022014	
40022015	
40022016	
40022017	
40022018	
40022019	
40022020	
40022021	
40022022	
40022023	
40022024	
40022025	
40022026	
40022027	
40022028	
40022029	
40022030	
40022031	
40022032	
40022033	
40022034	
40022035	
40022036	
40022037	
40022038	
40022039	
40022040	
40022041	
40022042	
40022043	
40022044	
40022045	
40022046	
40023001	
40023002	
40023003	
40023004	
40023005	
40023006	
40023007	
40023008	
40023009	
40023010	
40023011	
40023012	
40023013	
40023014	
40023015	
40023016	
40023017	
40023018	
40023019	
40023020	
40023021	
40023022	
40023023	
40023024	
40023025	
40023026	
40023027	
40023028	
40023029	
40023030	
40023031	
40023032	
40023033	
40023034	
40023035	
40023036	
40023037	
40023038	
40023039	
40024001	
40024002	
40024003	
40024004	
40024005	
40024006	
40024007	
40024008	
40024009	
40024010	
40024011	
40024012	
40024013	
40024014	
40024015	
40024016	
40024017	
40024018	
40024019	
40024020	
40024021	
40024022	
40024023	
40024024	
40024025	
40024026	
40024027	
40024028	
40024029	
40024030	
40024031	
40024032	
40024033	
40024034	
40024035	
40024036	
40024037	
40024038	
40024039	
40024040	
40024041	
40024042	
40024043	
40024044	
40024045	
40024046	
40024047	
40024048	
40024049	
40024050	
40024051	
40025001	
40025002	
40025003	
40025004	
40025005	
40025006	
40025007	
40025008	
40025009	
40025010	
40025011	
40025012	
40025013	
40025014	
40025015	
40025016	
40025017	
40025018	
40025019	
40025020	
40025021	
40025022	
40025023	
40025024	
40025025	
40025026	
40025027	
40025028	
40025029	
40025030	
40025031	
40025032	
40025033	
40025034	
40025035	
40025036	
40025037	
40025038	
40025039	
40025040	
40025041	
40025042	
40025043	
40025044	
40025045	
40025046	
40026001	
40026002	
40026003	
40026004	
40026005	
40026006	
40026007	
40026008	
40026009	
40026010	
40026011	
40026012	
40026013	
40026014	
40026015	
40026016	
40026017	
40026018	
40026019	
40026020	
40026021	
40026022	
40026023	
40026024	
40026025	
40026026	
40026027	
40026028	
40026029	
40026030	
40026031	
40026032	
40026033	
40026034	
40026035	
40026036	
40026037	
40026038	
40026039	
40026040	
40026041	
40026042	
40026043	
40026044	
40026045	
40026046	
40026047	
40026048	
40026049	
40026050	
40026051	
40026052	
40026053	
40026054	
40026055	
40026056	
40026057	
40026058	
40026059	
40026060	
40026061	
40026062	
40026063	
40026064	
40026065	
40026066	
40026067	
40026068	
40026069	
40026070	
40026071	
40026072	
40026073	
40026074	
40026075	
40027001	
40027002	
40027003	
40027004	
40027005	
40027006	
40027007	
40027008	
40027009	
40027010	
40027011	
40027012	
40027013	
40027014	
40027015	
40027016	
40027017	
40027018	
40027019	
40027020	
40027021	
40027022	
40027023	
40027024	
40027025	
40027026	
40027027	
40027028	
40027029	
40027030	
40027031	
40027032	
40027033	
40027034	
40027035	
40027036	
40027037	
40027038	
40027039	
40027040	
40027041	
40027042	
40027043	
40027044	
40027045	
40027046	
40027047	
40027048	
40027049	
40027050	
40027051	
40027052	
40027053	
40027054	
40027055	
40027056	
40027057	
40027058	
40027059	
40027060	
40027061	
40027062	
40027063	
40027064	
40027065	
40027066	
40028001	
40028002	
40028003	
40028004	
40028005	
40028006	
40028007	
40028008	
40028009	
40028010	
40028011	
40028012	
40028013	
40028014	
40028015	
40028016	
40028017	
40028018	
40028019	
40028020	
41001001	
41001002	
41001003	
41001004	
41001005	
41001006	
41001007	
41001008	
41001009	
41001010	
41001011	
41001012	
41001013	
41001014	
41001015	
41001016	
41001017	
41001018	
41001019	
41001020	
41001021	
41001022	
41001023	
41001024	
41001025	
41001026	
41001027	
41001028	
41001029	
41001030	
41001031	
41001032	
41001033	
41001034	
41001035	
41001036	
41001037	
41001038	
41001039	
41001040	
41001041	
41001042	
41001043	
41001044	
41001045	
41002001	
41002002	
41002003	
41002004	
41002005	
41002006	
41002007	
41002008	
41002009	
41002010	
41002011	
41002012	
41002013	
41002014	
41002015	
41002016	
41002017	
41002018	
41002019	
41002020	
41002021	
41002022	
41002023	
41002024	
41002025	
41002026	
41002027	
41002028	
41003001	
41003002	
41003003	
41003004	
41003005	
41003006	
41003007	
41003008	
41003009	
41003010	
41003011	
41003012	
41003013	
41003014	
41003015	
41003016	
41003017	
41003018	
41003019	
41003020	
41003021	
41003022	
41003023	
41003024	
41003025	
41003026	
41003027	
41003028	
41003029	
41003030	
41003031	
41003032	
41003033	
41003034	
41003035	
41004001	
41004002	
41004003	
41004004	
41004005	
41004006	
41004007	
41004008	
41004009	
41004010	
41004011	
41004012	
41004013	
41004014	
41004015	
41004016	
41004017	
41004018	
41004019	
41004020	
41004021	
41004022	
41004023	
41004024	
41004025	
41004026	
41004027	
41004028	
41004029	
41004030	
41004031	
41004032	
41004033	
41004034	
41004035	
41004036	
41004037	
41004038	
41004039	
41004040	
41004041	
41005001	
41005002	
41005003	
41005004	
41005005	
41005006	
41005007	
41005008	
41005009	
41005010	
41005011	
41005012	
41005013	
41005014	
41005015	
41005016	
41005017	
41005018	
41005019	
41005020	
41005021	
41005022	
41005023	
41005024	
41005025	
41005026	
41005027	
41005028	
41005029	
41005030	
41005031	
41005032	
41005033	
41005034	
41005035	
41005036	
41005037	
41005038	
41005039	
41005040	
41005041	
41005042	
41005043	
41006001	
41006002	
41006003	
41006004	
41006005	
41006006	
41006007	
41006008	
41006009	
41006010	
41006011	
41006012	
41006013	
41006014	
41006015	
41006016	
41006017	
41006018	
41006019	
41006020	
41006021	
41006022	
41006023	
41006024	
41006025	
41006026	
41006027	
41006028	
41006029	
41006030	
41006031	
41006032	
41006033	
41006034	
41006035	
41006036	
41006037	
41006038	
41006039	
41006040	
41006041	
41006042	
41006043	
41006044	
41006045	
41006046	
41006047	
41006048	
41006049	
41006050	
41006051	
41006052	
41006053	
41006054	
41006055	
41006056	
41007001	
41007002	
41007003	
41007004	
41007005	
41007006	
41007007	
41007008	
41007009	
41007010	
41007011	
41007012	
41007013	
41007014	
41007015	
41007016	
41007017	
41007018	
41007019	
41007020	
41007021	
41007022	
41007023	
41007024	
41007025	
41007026	
41007027	
41007028	
41007029	
41007030	
41007031	
41007032	
41007033	
41007034	
41007035	
41007036	
41007037	
41008001	
41008002	
41008003	
41008004	
41008005	
41008006	
41008007	
41008008	
41008009	
41008010	
41008011	
41008012	
41008013	
41008014	
41008015	
41008016	
41008017	
41008018	
41008019	
41008020	
41008021	
41008022	
41008023	
41008024	
41008025	
41008026	
41008027	
41008028	
41008029	
41008030	
41008031	
41008032	
41008033	
41008034	
41008035	
41008036	
41008037	
41008038	
41009001	
41009002	
41009003	
41009004	
41009005	
41009006	
41009007	
41009008	
41009009	
41009010	
41009011	
41009012	
41009013	
41009014	
41009015	
41009016	
41009017	
41009018	
41009019	
41009020	
41009021	
41009022	
41009023	
41009024	
41009025	
41009026	
41009027	
41009028	
41009029	
41009030	
41009031	
41009032	
41009033	
41009034	
41009035	
41009036	
41009037	
41009038	
41009039	
41009040	
41009041	
41009042	
41009043	
41009044	
41009045	
41009046	
41009047	
41009048	
41009049	
41009050	
41010001	
41010002	
41010003	
41010004	
41010005	
41010006	
41010007	
41010008	
41010009	
41010010	
41010011	
41010012	
41010013	
41010014	
41010015	
41010016	
41010017	
41010018	
41010019	
41010020	
41010021	
41010022	
41010023	
41010024	
41010025	
41010026	
41010027	
41010028	
41010029	
41010030	
41010031	
41010032	
41010033	
41010034	
41010035	
41010036	
41010037	
41010038	
41010039	
41010040	
41010041	
41010042	
41010043	
41010044	
41010045	
41010046	
41010047	
41010048	
41010049	
41010050	
41010051	
41010052	
41011001	
41011002	
41011003	
41011004	
41011005	
41011006	
41011007	
41011008	
41011009	
41011010	
41011011	
41011012	
41011013	
41011014	
41011015	
41011016	
41011017	
41011018	
41011019	
41011020	
41011021	
41011022	
41011023	
41011024	
41011025	
41011026	
41011027	
41011028	
41011029	
41011030	
41011031	
41011032	
41011033	
41012001	
41012002	
41012003	
41012004	
41012005	
41012006	
41012007	
41012008	
41012009	
41012010	
41012011	
41012012	
41012013	
41012014	
41012015	
41012016	
41012017	
41012018	
41012019	
41012020	
41012021	
41012022	
41012023	
41012024	
41012025	
41012026	
41012027	
41012028	
41012029	
41012030	
41012031	
41012032	
41012033	
41012034	
41012035	
41012036	
41012037	
41012038	
41012039	
41012040	
41012041	
41012042	
41012043	
41012044	
41013001	
41013002	
41013003	
41013004	
41013005	
41013006	
41013007	
41013008	
41013009	
41013010	
41013011	
41013012	
41013013	
41013014	
41013015	
41013016	
41013017	
41013018	
41013019	
41013020	
41013021	
41013022	
41013023	
41013024	
41013025	
41013026	
41013027	
41013028	
41013029	
41013030	
41013031	
41013032	
41013033	
41013034	
41013035	
41013036	
41013037	
41014001	
41014002	
41014003	
41014004	
41014005	
41014006	
41014007	
41014008	
41014009	
41014010	
41014011	
41014012	
41014013	
41014014	
41014015	
41014016	
41014017	
41014018	
41014019	
41014020	
41014021	
41014022	
41014023	
41014024	
41014025	
41014026	
41014027	
41014028	
41014029	
41014030	
41014031	
41014032	
41014033	
41014034	
41014035	
41014036	
41014037	
41014038	
41014039	
41014040	
41014041	
41014042	
41014043	
41014044	
41014045	
41014046	
41014047	
41014048	
41014049	
41014050	
41014051	
41014052	
41014053	
41014054	
41014055	
41014056	
41014057	
41014058	
41014059	
41014060	
41014061	
41014062	
41014063	
41014064	
41014065	
41014066	
41014067	
41014068	
41014069	
41014070	
41014071	
41014072	
41015001	
41015002	
41015003	
41015004	
41015005	
41015006	
41015007	
41015008	
41015009	
41015010	
41015011	
41015012	
41015013	
41015014	
41015015	
41015016	
41015017	
41015018	
41015019	
41015020	
41015021	
41015022	
41015023	
41015024	
41015025	
41015026	
41015027	
41015028	
41015029	
41015030	
41015031	
41015032	
41015033	
41015034	
41015035	
41015036	
41015037	
41015038	
41015039	
41015040	
41015041	
41015042	
41015043	
41015044	
41015045	
41015046	
41015047	
41016001	
41016002	
41016003	
41016004	
41016005	
41016006	
41016007	
41016008	
41016009	
41016010	
41016011	
41016012	
41016013	
41016014	
41016015	
41016016	
41016017	
41016018	
41016019	
41016020	
42001001	
42001002	
42001003	
42001004	
42001005	
42001006	
42001007	
42001008	
42001009	
42001010	
42001011	
42001012	
42001013	
42001014	
42001015	
42001016	
42001017	
42001018	
42001019	
42001020	
42001021	
42001022	
42001023	
42001024	
42001025	
42001026	
42001027	
42001028	
42001029	
42001030	
42001031	
42001032	
42001033	
42001034	
42001035	
42001036	
42001037	
42001038	
42001039	
42001040	
42001041	
42001042	
42001043	
42001044	
42001045	
42001046	
42001047	
42001048	
42001049	
42001050	
42001051	
42001052	
42001053	
42001054	
42001055	
42001056	
42001057	
42001058	
42001059	
42001060	
42001061	
42001062	
42001063	
42001064	
42001065	
42001066	
42001067	
42001068	
42001069	
42001070	
42001071	
42001072	
42001073	
42001074	
42001075	
42001076	
42001077	
42001078	
42001079	
42001080	
42002001	
42002002	
42002003	
42002004	
42002005	
42002006	
42002007	
42002008	
42002009	
42002010	
42002011	
42002012	
42002013	
42002014	
42002015	
42002016	
42002017	
42002018	
42002019	
42002020	
42002021	
42002022	
42002023	
42002024	
42002025	
42002026	
42002027	
42002028	
42002029	
42002030	
42002031	
42002032	
42002033	
42002034	
42002035	
42002036	
42002037	
42002038	
42002039	
42002040	
42002041	
42002042	
42002043	
42002044	
42002045	
42002046	
42002047	
42002048	
42002049	
42002050	
42002051	
42002052	
42003001	
42003002	
42003003	
42003004	
42003005	
42003006	
42003007	
42003008	
42003009	
42003010	
42003011	
42003012	
42003013	
42003014	
42003015	
42003016	
42003017	
42003018	
42003019	
42003020	
42003021	
42003022	
42003023	
42003024	
42003025	
42003026	
42003027	
42003028	
42003029	
42003030	
42003031	
42003032	
42003033	
42003034	
42003035	
42003036	
42003037	
42003038	
42004001	
42004002	
42004003	
42004004	
42004005	
42004006	
42004007	
42004008	
42004009	
42004010	
42004011	
42004012	
42004013	
42004014	
42004015	
42004016	
42004017	
42004018	
42004019	
42004020	
42004021	
42004022	
42004023	
42004024	
42004025	
42004026	
42004027	
42004028	
42004029	
42004030	
42004031	
42004032	
42004033	
42004034	
42004035	
42004036	
42004037	
42004038	
42004039	
42004040	
42004041	
42004042	
42004043	
42004044	
42005001	
42005002	
42005003	
42005004	
42005005	
42005006	
42005007	
42005008	
42005009	
42005010	
42005011	
42005012	
42005013	
42005014	
42005015	
42005016	
42005017	
42005018	
42005019	
42005020	
42005021	
42005022	
42005023	
42005024	
42005025	
42005026	
42005027	
42005028	
42005029	
42005030	
42005031	
42005032	
42005033	
42005034	
42005035	
42005036	
42005037	
42005038	
42005039	
42006001	
42006002	
42006003	
42006004	
42006005	
42006006	
42006007	
42006008	
42006009	
42006010	
42006011	
42006012	
42006013	
42006014	
42006015	
42006016	
42006017	
42006018	
42006019	
42006020	
42006021	
42006022	
42006023	
42006024	
42006025	
42006026	
42006027	
42006028	
42006029	
42006030	
42006031	
42006032	
42006033	
42006034	
42006035	
42006036	
42006037	
42006038	
42006039	
42006040	
42006041	
42006042	
42006043	
42006044	
42006045	
42006046	
42006047	
42006048	
42006049	
42007001	
42007002	
42007003	
42007004	
42007005	
42007006	
42007007	
42007008	
42007009	
42007010	
42007011	
42007012	
42007013	
42007014	
42007015	
42007016	
42007017	
42007018	
42007019	
42007020	
42007021	
42007022	
42007023	
42007024	
42007025	
42007026	
42007027	
42007028	
42007029	
42007030	
42007031	
42007032	
42007033	
42007034	
42007035	
42007036	
42007037	
42007038	
42007039	
42007040	
42007041	
42007042	
42007043	
42007044	
42007045	
42007046	
42007047	
42007048	
42007049	
42007050	
42008001	
42008002	
42008003	
42008004	
42008005	
42008006	
42008007	
42008008	
42008009	
42008010	
42008011	
42008012	
42008013	
42008014	
42008015	
42008016	
42008017	
42008018	
42008019	
42008020	
42008021	
42008022	
42008023	
42008024	
42008025	
42008026	
42008027	
42008028	
42008029	
42008030	
42008031	
42008032	
42008033	
42008034	
42008035	
42008036	
42008037	
42008038	
42008039	
42008040	
42008041	
42008042	
42008043	
42008044	
42008045	
42008046	
42008047	
42008048	
42008049	
42008050	
42008051	
42008052	
42008053	
42008054	
42008055	
42008056	
42009001	
42009002	
42009003	
42009004	
42009005	
42009006	
42009007	
42009008	
42009009	
42009010	
42009011	
42009012	
42009013	
42009014	
42009015	
42009016	
42009017	
42009018	
42009019	
42009020	
42009021	
42009022	
42009023	
42009024	
42009025	
42009026	
42009027	
42009028	
42009029	
42009030	
42009031	
42009032	
42009033	
42009034	
42009035	
42009036	
42009037	
42009038	
42009039	
42009040	
42009041	
42009042	
42009043	
42009044	
42009045	
42009046	
42009047	
42009048	
42009049	
42009050	
42009051	
42009052	
42009053	
42009054	
42009055	
42009056	
42009057	
42009058	
42009059	
42009060	
42009061	
42009062	
42010001	
42010002	
42010003	
42010004	
42010005	
42010006	
42010007	
42010008	
42010009	
42010010	
42010011	
42010012	
42010013	
42010014	
42010015	
42010016	
42010017	
42010018	
42010019	
42010020	
42010021	
42010022	
42010023	
42010024	
42010025	
42010026	
42010027	
42010028	
42010029	
42010030	
42010031	
42010032	
42010033	
42010034	
42010035	
42010036	
42010037	
42010038	
42010039	
42010040	
42010041	
42010042	
42011001	
42011002	
42011003	
42011004	
42011005	
42011006	
42011007	
42011008	
42011009	
42011010	
42011011	
42011012	
42011013	
42011014	
42011015	
42011016	
42011017	
42011018	
42011019	
42011020	
42011021	
42011022	
42011023	
42011024	
42011025	
42011026	
42011027	
42011028	
42011029	
42011030	
42011031	
42011032	
42011033	
42011034	
42011035	
42011036	
42011037	
42011038	
42011039	
42011040	
42011041	
42011042	
42011043	
42011044	
42011045	
42011046	
42011047	
42011048	
42011049	
42011050	
42011051	
42011052	
42011053	
42011054	
42012001	
42012002	
42012003	
42012004	
42012005	
42012006	
42012007	
42012008	
42012009	
42012010	
42012011	
42012012	
42012013	
42012014	
42012015	
42012016	
42012017	
42012018	
42012019	
42012020	
42012021	
42012022	
42012023	
42012024	
42012025	
42012026	
42012027	
42012028	
42012029	
42012030	
42012031	
42012032	
42012033	
42012034	
42012035	
42012036	
42012037	
42012038	
42012039	
42012040	
42012041	
42012042	
42012043	
42012044	
42012045	
42012046	
42012047	
42012048	
42012049	
42012050	
42012051	
42012052	
42012053	
42012054	
42012055	
42012056	
42012057	
42012058	
42012059	
42013001	
42013002	
42013003	
42013004	
42013005	
42013006	
42013007	
42013008	
42013009	
42013010	
42013011	
42013012	
42013013	
42013014	
42013015	
42013016	
42013017	
42013018	
42013019	
42013020	
42013021	
42013022	
42013023	
42013024	
42013025	
42013026	
42013027	
42013028	
42013029	
42013030	
42013031	
42013032	
42013033	
42013034	
42013035	
42014001	
42014002	
42014003	
42014004	
42014005	
42014006	
42014007	
42014008	
42014009	
42014010	
42014011	
42014012	
42014013	
42014014	
42014015	
42014016	
42014017	
42014018	
42014019	
42014020	
42014021	
42014022	
42014023	
42014024	
42014025	
42014026	
42014027	
42014028	
42014029	
42014030	
42014031	
42014032	
42014033	
42014034	
42014035	
42015001	
42015002	
42015003	
42015004	
42015005	
42015006	
42015007	
42015008	
42015009	
42015010	
42015011	
42015012	
42015013	
42015014	
42015015	
42015016	
42015017	
42015018	
42015019	
42015020	
42015021	
42015022	
42015023	
42015024	
42015025	
42015026	
42015027	
42015028	
42015029	
42015030	
42015031	
42015032	
42016001	
42016002	
42016003	
42016004	
42016005	
42016006	
42016007	
42016008	
42016009	
42016010	
42016011	
42016012	
42016013	
42016014	
42016015	
42016016	
42016017	
42016018	
42016019	
42016020	
42016021	
42016022	
42016023	
42016024	
42016025	
42016026	
42016027	
42016028	
42016029	
42016030	
42016031	
42017001	
42017002	
42017003	
42017004	
42017005	
42017006	
42017007	
42017008	
42017009	
42017010	
42017011	
42017012	
42017013	
42017014	
42017015	
42017016	
42017017	
42017018	
42017019	
42017020	
42017021	
42017022	
42017023	
42017024	
42017025	
42017026	
42017027	
42017028	
42017029	
42017030	
42017031	
42017032	
42017033	
42017034	
42017035	
42017036	
42017037	
42018001	
42018002	
42018003	
42018004	
42018005	
42018006	
42018007	
42018008	
42018009	
42018010	
42018011	
42018012	
42018013	
42018014	
42018015	
42018016	
42018017	
42018018	
42018019	
42018020	
42018021	
42018022	
42018023	
42018024	
42018025	
42018026	
42018027	
42018028	
42018029	
42018030	
42018031	
42018032	
42018033	
42018034	
42018035	
42018036	
42018037	
42018038	
42018039	
42018040	
42018041	
42018042	
42018043	
42019001	
42019002	
42019003	
42019004	
42019005	
42019006	
42019007	
42019008	
42019009	
42019010	
42019011	
42019012	
42019013	
42019014	
42019015	
42019016	
42019017	
42019018	
42019019	
42019020	
42019021	
42019022	
42019023	
42019024	
42019025	
42019026	
42019027	
42019028	
42019029	
42019030	
42019031	
42019032	
42019033	
42019034	
42019035	
42019036	
42019037	
42019038	
42019039	
42019040	
42019041	
42019042	
42019043	
42019044	
42019045	
42019046	
42019047	
42019048	
42020001	
42020002	
42020003	
42020004	
42020005	
42020006	
42020007	
42020008	
42020009	
42020010	
42020011	
42020012	
42020013	
42020014	
42020015	
42020016	
42020017	
42020018	
42020019	
42020020	
42020021	
42020022	
42020023	
42020024	
42020025	
42020026	
42020027	
42020028	
42020029	
42020030	
42020031	
42020032	
42020033	
42020034	
42020035	
42020036	
42020037	
42020038	
42020039	
42020040	
42020041	
42020042	
42020043	
42020044	
42020045	
42020046	
42020047	
42021001	
42021002	
42021003	
42021004	
42021005	
42021006	
42021007	
42021008	
42021009	
42021010	
42021011	
42021012	
42021013	
42021014	
42021015	
42021016	
42021017	
42021018	
42021019	
42021020	
42021021	
42021022	
42021023	
42021024	
42021025	
42021026	
42021027	
42021028	
42021029	
42021030	
42021031	
42021032	
42021033	
42021034	
42021035	
42021036	
42021037	
42021038	
42022001	
42022002	
42022003	
42022004	
42022005	
42022006	
42022007	
42022008	
42022009	
42022010	
42022011	
42022012	
42022013	
42022014	
42022015	
42022016	
42022017	
42022018	
42022019	
42022020	
42022021	
42022022	
42022023	
42022024	
42022025	
42022026	
42022027	
42022028	
42022029	
42022030	
42022031	
42022032	
42022033	
42022034	
42022035	
42022036	
42022037	
42022038	
42022039	
42022040	
42022041	
42022042	
42022043	
42022044	
42022045	
42022046	
42022047	
42022048	
42022049	
42022050	
42022051	
42022052	
42022053	
42022054	
42022055	
42022056	
42022057	
42022058	
42022059	
42022060	
42022061	
42022062	
42022063	
42022064	
42022065	
42022066	
42022067	
42022068	
42022069	
42022070	
42022071	
42023001	
42023002	
42023003	
42023004	
42023005	
42023006	
42023007	
42023008	
42023009	
42023010	
42023011	
42023012	
42023013	
42023014	
42023015	
42023016	
42023017	
42023018	
42023019	
42023020	
42023021	
42023022	
42023023	
42023024	
42023025	
42023026	
42023027	
42023028	
42023029	
42023030	
42023031	
42023032	
42023033	
42023034	
42023035	
42023036	
42023037	
42023038	
42023039	
42023040	
42023041	
42023042	
42023043	
42023044	
42023045	
42023046	
42023047	
42023048	
42023049	
42023050	
42023051	
42023052	
42023053	
42023054	
42023055	
42023056	
42024001	
42024002	
42024003	
42024004	
42024005	
42024006	
42024007	
42024008	
42024009	
42024010	
42024011	
42024012	
42024013	
42024014	
42024015	
42024016	
42024017	
42024018	
42024019	
42024020	
42024021	
42024022	
42024023	
42024024	
42024025	
42024026	
42024027	
42024028	
42024029	
42024030	
42024031	
42024032	
42024033	
42024034	
42024035	
42024036	
42024037	
42024038	
42024039	
42024040	
42024041	
42024042	
42024043	
42024044	
42024045	
42024046	
42024047	
42024048	
42024049	
42024050	
42024051	
42024052	
42024053	
43001001	
43001002	
43001003	
43001004	
43001005	
43001006	
43001007	
43001008	
43001009	
43001010	
43001011	
43001012	
43001013	
43001014	
43001015	
43001016	
43001017	
43001018	
43001019	
43001020	
43001021	
43001022	
43001023	
43001024	
43001025	
43001026	
43001027	
43001028	
43001029	
43001030	
43001031	
43001032	
43001033	
43001034	
43001035	
43001036	
43001037	
43001038	
43001039	
43001040	
43001041	
43001042	
43001043	
43001044	
43001045	
43001046	
43001047	
43001048	
43001049	
43001050	
43001051	
43002001	
43002002	
43002003	
43002004	
43002005	
43002006	
43002007	
43002008	
43002009	
43002010	
43002011	
43002012	
43002013	
43002014	
43002015	
43002016	
43002017	
43002018	
43002019	
43002020	
43002021	
43002022	
43002023	
43002024	
43002025	
43003001	
43003002	
43003003	
43003004	
43003005	
43003006	
43003007	
43003008	
43003009	
43003010	
43003011	
43003012	
43003013	
43003014	
43003015	
43003016	
43003017	
43003018	
43003019	
43003020	
43003021	
43003022	
43003023	
43003024	
43003025	
43003026	
43003027	
43003028	
43003029	
43003030	
43003031	
43003032	
43003033	
43003034	
43003035	
43003036	
43004001	
43004002	
43004003	
43004004	
43004005	
43004006	
43004007	
43004008	
43004009	
43004010	
43004011	
43004012	
43004013	
43004014	
43004015	
43004016	
43004017	
43004018	
43004019	
43004020	
43004021	
43004022	
43004023	
43004024	
43004025	
43004026	
43004027	
43004028	
43004029	
43004030	
43004031	
43004032	
43004033	
43004034	
43004035	
43004036	
43004037	
43004038	
43004039	
43004040	
43004041	
43004042	
43004043	
43004044	
43004045	
43004046	
43004047	
43004048	
43004049	
43004050	
43004051	
43004052	
43004053	
43004054	
43005001	
43005002	
43005003	
43005004	
43005005	
43005006	
43005007	
43005008	
43005009	
43005010	
43005011	
43005012	
43005013	
43005014	
43005015	
43005016	
43005017	
43005018	
43005019	
43005020	
43005021	
43005022	
43005023	
43005024	
43005025	
43005026	
43005027	
43005028	
43005029	
43005030	
43005031	
43005032	
43005033	
43005034	
43005035	
43005036	
43005037	
43005038	
43005039	
43005040	
43005041	
43005042	
43005043	
43005044	
43005045	
43005046	
43005047	
43006001	
43006002	
43006003	
43006004	
43006005	
43006006	
43006007	
43006008	
43006009	
43006010	
43006011	
43006012	
43006013	
43006014	
43006015	
43006016	
43006017	
43006018	
43006019	
43006020	
43006021	
43006022	
43006023	
43006024	
43006025	
43006026	
43006027	
43006028	
43006029	
43006030	
43006031	
43006032	
43006033	
43006034	
43006035	
43006036	
43006037	
43006038	
43006039	
43006040	
43006041	
43006042	
43006043	
43006044	
43006045	
43006046	
43006047	
43006048	
43006049	
43006050	
43006051	
43006052	
43006053	
43006054	
43006055	
43006056	
43006057	
43006058	
43006059	
43006060	
43006061	
43006062	
43006063	
43006064	
43006065	
43006066	
43006067	
43006068	
43006069	
43006070	
43006071	
43007001	
43007002	
43007003	
43007004	
43007005	
43007006	
43007007	
43007008	
43007009	
43007010	
43007011	
43007012	
43007013	
43007014	
43007015	
43007016	
43007017	
43007018	
43007019	
43007020	
43007021	
43007022	
43007023	
43007024	
43007025	
43007026	
43007027	
43007028	
43007029	
43007030	
43007031	
43007032	
43007033	
43007034	
43007035	
43007036	
43007037	
43007038	
43007039	
43007040	
43007041	
43007042	
43007043	
43007044	
43007045	
43007046	
43007047	
43007048	
43007049	
43007050	
43007051	
43007052	
43007053	
43008001	
43008002	
43008003	
43008004	
43008005	
43008006	
43008007	
43008008	
43008009	
43008010	
43008011	
43008012	
43008013	
43008014	
43008015	
43008016	
43008017	
43008018	
43008019	
43008020	
43008021	
43008022	
43008023	
43008024	
43008025	
43008026	
43008027	
43008028	
43008029	
43008030	
43008031	
43008032	
43008033	
43008034	
43008035	
43008036	
43008037	
43008038	
43008039	
43008040	
43008041	
43008042	
43008043	
43008044	
43008045	
43008046	
43008047	
43008048	
43008049	
43008050	
43008051	
43008052	
43008053	
43008054	
43008055	
43008056	
43008057	
43008058	
43008059	
43009001	
43009002	
43009003	
43009004	
43009005	
43009006	
43009007	
43009008	
43009009	
43009010	
43009011	
43009012	
43009013	
43009014	
43009015	
43009016	
43009017	
43009018	
43009019	
43009020	
43009021	
43009022	
43009023	
43009024	
43009025	
43009026	
43009027	
43009028	
43009029	
43009030	
43009031	
43009032	
43009033	
43009034	
43009035	
43009036	
43009037	
43009038	
43009039	
43009040	
43009041	
43010001	
43010002	
43010003	
43010004	
43010005	
43010006	
43010007	
43010008	
43010009	
43010010	
43010011	
43010012	
43010013	
43010014	
43010015	
43010016	
43010017	
43010018	
43010019	
43010020	
43010021	
43010022	
43010023	
43010024	
43010025	
43010026	
43010027	
43010028	
43010029	
43010030	
43010031	
43010032	
43010033	
43010034	
43010035	
43010036	
43010037	
43010038	
43010039	
43010040	
43010041	
43010042	
43011001	
43011002	
43011003	
43011004	
43011005	
43011006	
43011007	
43011008	
43011009	
43011010	
43011011	
43011012	
43011013	
43011014	
43011015	
43011016	
43011017	
43011018	
43011019	
43011020	
43011021	
43011022	
43011023	
43011024	
43011025	
43011026	
43011027	
43011028	
43011029	
43011030	
43011031	
43011032	
43011033	
43011034	
43011035	
43011036	
43011037	
43011038	
43011039	
43011040	
43011041	
43011042	
43011043	
43011044	
43011045	
43011046	
43011047	
43011048	
43011049	
43011050	
43011051	
43011052	
43011053	
43011054	
43011055	
43011056	
43011057	
43012001	
43012002	
43012003	
43012004	
43012005	
43012006	
43012007	
43012008	
43012009	
43012010	
43012011	
43012012	
43012013	
43012014	
43012015	
43012016	
43012017	
43012018	
43012019	
43012020	
43012021	
43012022	
43012023	
43012024	
43012025	
43012026	
43012027	
43012028	
43012029	
43012030	
43012031	
43012032	
43012033	
43012034	
43012035	
43012036	
43012037	
43012038	
43012039	
43012040	
43012041	
43012042	
43012043	
43012044	
43012045	
43012046	
43012047	
43012048	
43012049	
43012050	
43013001	
43013002	
43013003	
43013004	
43013005	
43013006	
43013007	
43013008	
43013009	
43013010	
43013011	
43013012	
43013013	
43013014	
43013015	
43013016	
43013017	
43013018	
43013019	
43013020	
43013021	
43013022	
43013023	
43013024	
43013025	
43013026	
43013027	
43013028	
43013029	
43013030	
43013031	
43013032	
43013033	
43013034	
43013035	
43013036	
43013037	
43013038	
43014001	
43014002	
43014003	
43014004	
43014005	
43014006	
43014007	
43014008	
43014009	
43014010	
43014011	
43014012	
43014013	
43014014	
43014015	
43014016	
43014017	
43014018	
43014019	
43014020	
43014021	
43014022	
43014023	
43014024	
43014025	
43014026	
43014027	
43014028	
43014029	
43014030	
43014031	
43015001	
43015002	
43015003	
43015004	
43015005	
43015006	
43015007	
43015008	
43015009	
43015010	
43015011	
43015012	
43015013	
43015014	
43015015	
43015016	
43015017	
43015018	
43015019	
43015020	
43015021	
43015022	
43015023	
43015024	
43015025	
43015026	
43015027	
43016001	
43016002	
43016003	
43016004	
43016005	
43016006	
43016007	
43016008	
43016009	
43016010	
43016011	
43016012	
43016013	
43016014	
43016015	
43016016	
43016017	
43016018	
43016019	
43016020	
43016021	
43016022	
43016023	
43016024	
43016025	
43016026	
43016027	
43016028	
43016029	
43016030	
43016031	
43016032	
43016033	
43017001	
43017002	
43017003	
43017004	
43017005	
43017006	
43017007	
43017008	
43017009	
43017010	
43017011	
43017012	
43017013	
43017014	
43017015	
43017016	
43017017	
43017018	
43017019	
43017020	
43017021	
43017022	
43017023	
43017024	
43017025	
43017026	
43018001	
43018002	
43018003	
43018004	
43018005	
43018006	
43018007	
43018008	
43018009	
43018010	
43018011	
43018012	
43018013	
43018014	
43018015	
43018016	
43018017	
43018018	
43018019	
43018020	
43018021	
43018022	
43018023	
43018024	
43018025	
43018026	
43018027	
43018028	
43018029	
43018030	
43018031	
43018032	
43018033	
43018034	
43018035	
43018036	
43018037	
43018038	
43018039	
43018040	
43019001	
43019002	
43019003	
43019004	
43019005	
43019006	
43019007	
43019008	
43019009	
43019010	
43019011	
43019012	
43019013	
43019014	
43019015	
43019016	
43019017	
43019018	
43019019	
43019020	
43019021	
43019022	
43019023	
43019024	
43019025	
43019026	
43019027	
43019028	
43019029	
43019030	
43019031	
43019032	
43019033	
43019034	
43019035	
43019036	
43019037	
43019038	
43019039	
43019040	
43019041	
43019042	
43020001	
43020002	
43020003	
43020004	
43020005	
43020006	
43020007	
43020008	
43020009	
43020010	
43020011	
43020012	
43020013	
43020014	
43020015	
43020016	
43020017	
43020018	
43020019	
43020020	
43020021	
43020022	
43020023	
43020024	
43020025	
43020026	
43020027	
43020028	
43020029	
43020030	
43020031	
43021001	
43021002	
43021003	
43021004	
43021005	
43021006	
43021007	
43021008	
43021009	
43021010	
43021011	
43021012	
43021013	
43021014	
43021015	
43021016	
43021017	
43021018	
43021019	
43021020	
43021021	
43021022	
43021023	
43021024	
43021025	
44001001	
44001002	
44001003	
44001004	
44001005	
44001006	
44001007	
44001008	
44001009	
44001010	
44001011	
44001012	
44001013	
44001014	
44001015	
44001016	
44001017	
44001018	
44001019	
44001020	
44001021	
44001022	
44001023	
44001024	
44001025	
44001026	
44002001	
44002002	
44002003	
44002004	
44002005	
44002006	
44002007	
44002008	
44002009	
44002010	
44002011	
44002012	
44002013	
44002014	
44002015	
44002016	
44002017	
44002018	
44002019	
44002020	
44002021	
44002022	
44002023	
44002024	
44002025	
44002026	
44002027	
44002028	
44002029	
44002030	
44002031	
44002032	
44002033	
44002034	
44002035	
44002036	
44002037	
44002038	
44002039	
44002040	
44002041	
44002042	
44002043	
44002044	
44002045	
44002046	
44002047	
44003001	
44003002	
44003003	
44003004	
44003005	
44003006	
44003007	
44003008	
44003009	
44003010	
44003011	
44003012	
44003013	
44003014	
44003015	
44003016	
44003017	
44003018	
44003019	
44003020	
44003021	
44003022	
44003023	
44003024	
44003025	
44003026	
44004001	
44004002	
44004003	
44004004	
44004005	
44004006	
44004007	
44004008	
44004009	
44004010	
44004011	
44004012	
44004013	
44004014	
44004015	
44004016	
44004017	
44004018	
44004019	
44004020	
44004021	
44004022	
44004023	
44004024	
44004025	
44004026	
44004027	
44004028	
44004029	
44004030	
44004031	
44004032	
44004033	
44004034	
44004035	
44004036	
44004037	
44005001	
44005002	
44005003	
44005004	
44005005	
44005006	
44005007	
44005008	
44005009	
44005010	
44005011	
44005012	
44005013	
44005014	
44005015	
44005016	
44005017	
44005018	
44005019	
44005020	
44005021	
44005022	
44005023	
44005024	
44005025	
44005026	
44005027	
44005028	
44005029	
44005030	
44005031	
44005032	
44005033	
44005034	
44005035	
44005036	
44005037	
44005038	
44005039	
44005040	
44005041	
44005042	
44006001	
44006002	
44006003	
44006004	
44006005	
44006006	
44006007	
44006008	
44006009	
44006010	
44006011	
44006012	
44006013	
44006014	
44006015	
44007001	
44007002	
44007003	
44007004	
44007005	
44007006	
44007007	
44007008	
44007009	
44007010	
44007011	
44007012	
44007013	
44007014	
44007015	
44007016	
44007017	
44007018	
44007019	
44007020	
44007021	
44007022	
44007023	
44007024	
44007025	
44007026	
44007027	
44007028	
44007029	
44007030	
44007031	
44007032	
44007033	
44007034	
44007035	
44007036	
44007037	
44007038	
44007039	
44007040	
44007041	
44007042	
44007043	
44007044	
44007045	
44007046	
44007047	
44007048	
44007049	
44007050	
44007051	
44007052	
44007053	
44007054	
44007055	
44007056	
44007057	
44007058	
44007059	
44007060	
44008001	
44008002	
44008003	
44008004	
44008005	
44008006	
44008007	
44008008	
44008009	
44008010	
44008011	
44008012	
44008013	
44008014	
44008015	
44008016	
44008017	
44008018	
44008019	
44008020	
44008021	
44008022	
44008023	
44008024	
44008025	
44008026	
44008027	
44008028	
44008029	
44008030	
44008031	
44008032	
44008033	
44008034	
44008035	
44008036	
44008037	
44008038	
44008039	
44008040	
44009001	
44009002	
44009003	
44009004	
44009005	
44009006	
44009007	
44009008	
44009009	
44009010	
44009011	
44009012	
44009013	
44009014	
44009015	
44009016	
44009017	
44009018	
44009019	
44009020	
44009021	
44009022	
44009023	
44009024	
44009025	
44009026	
44009027	
44009028	
44009029	
44009030	
44009031	
44009032	
44009033	
44009034	
44009035	
44009036	
44009037	
44009038	
44009039	
44009040	
44009041	
44009042	
44009043	
44010001	
44010002	
44010003	
44010004	
44010005	
44010006	
44010007	
44010008	
44010009	
44010010	
44010011	
44010012	
44010013	
44010014	
44010015	
44010016	
44010017	
44010018	
44010019	
44010020	
44010021	
44010022	
44010023	
44010024	
44010025	
44010026	
44010027	
44010028	
44010029	
44010030	
44010031	
44010032	
44010033	
44010034	
44010035	
44010036	
44010037	
44010038	
44010039	
44010040	
44010041	
44010042	
44010043	
44010044	
44010045	
44010046	
44010047	
44010048	
44011001	
44011002	
44011003	
44011004	
44011005	
44011006	
44011007	
44011008	
44011009	
44011010	
44011011	
44011012	
44011013	
44011014	
44011015	
44011016	
44011017	
44011018	
44011019	
44011020	
44011021	
44011022	
44011023	
44011024	
44011025	
44011026	
44011027	
44011028	
44011029	
44011030	
44012001	
44012002	
44012003	
44012004	
44012005	
44012006	
44012007	
44012008	
44012009	
44012010	
44012011	
44012012	
44012013	
44012014	
44012015	
44012016	
44012017	
44012018	
44012019	
44012020	
44012021	
44012022	
44012023	
44012024	
44012025	
44013001	
44013002	
44013003	
44013004	
44013005	
44013006	
44013007	
44013008	
44013009	
44013010	
44013011	
44013012	
44013013	
44013014	
44013015	
44013016	
44013017	
44013018	
44013019	
44013020	
44013021	
44013022	
44013023	
44013024	
44013025	
44013026	
44013027	
44013028	
44013029	
44013030	
44013031	
44013032	
44013033	
44013034	
44013035	
44013036	
44013037	
44013038	
44013039	
44013040	
44013041	
44013042	
44013043	
44013044	
44013045	
44013046	
44013047	
44013048	
44013049	
44013050	
44013051	
44013052	
44014001	
44014002	
44014003	
44014004	
44014005	
44014006	
44014007	
44014008	
44014009	
44014010	
44014011	
44014012	
44014013	
44014014	
44014015	
44014016	
44014017	
44014018	
44014019	
44014020	
44014021	
44014022	
44014023	
44014024	
44014025	
44014026	
44014027	
44014028	
44015001	
44015002	
44015003	
44015004	
44015005	
44015006	
44015007	
44015008	
44015009	
44015010	
44015011	
44015012	
44015013	
44015014	
44015015	
44015016	
44015017	
44015018	
44015019	
44015020	
44015021	
44015022	
44015023	
44015024	
44015025	
44015026	
44015027	
44015028	
44015029	
44015030	
44015031	
44015032	
44015033	
44015034	
44015035	
44015036	
44015037	
44015038	
44015039	
44015040	
44015041	
44016001	
44016002	
44016003	
44016004	
44016005	
44016006	
44016007	
44016008	
44016009	
44016010	
44016011	
44016012	
44016013	
44016014	
44016015	
44016016	
44016017	
44016018	
44016019	
44016020	
44016021	
44016022	
44016023	
44016024	
44016025	
44016026	
44016027	
44016028	
44016029	
44016030	
44016031	
44016032	
44016033	
44016034	
44016035	
44016036	
44016037	
44016038	
44016039	
44016040	
44017001	
44017002	
44017003	
44017004	
44017005	
44017006	
44017007	
44017008	
44017009	
44017010	
44017011	
44017012	
44017013	
44017014	
44017015	
44017016	
44017017	
44017018	
44017019	
44017020	
44017021	
44017022	
44017023	
44017024	
44017025	
44017026	
44017027	
44017028	
44017029	
44017030	
44017031	
44017032	
44017033	
44017034	
44018001	
44018002	
44018003	
44018004	
44018005	
44018006	
44018007	
44018008	
44018009	
44018010	
44018011	
44018012	
44018013	
44018014	
44018015	
44018016	
44018017	
44018018	
44018019	
44018020	
44018021	
44018022	
44018023	
44018024	
44018025	
44018026	
44018027	
44018028	
44019001	
44019002	
44019003	
44019004	
44019005	
44019006	
44019007	
44019008	
44019009	
44019010	
44019011	
44019012	
44019013	
44019014	
44019015	
44019016	
44019017	
44019018	
44019019	
44019020	
44019021	
44019022	
44019023	
44019024	
44019025	
44019026	
44019027	
44019028	
44019029	
44019030	
44019031	
44019032	
44019033	
44019034	
44019035	
44019036	
44019037	
44019038	
44019039	
44019040	
44019041	
44020001	
44020002	
44020003	
44020004	
44020005	
44020006	
44020007	
44020008	
44020009	
44020010	
44020011	
44020012	
44020013	
44020014	
44020015	
44020016	
44020017	
44020018	
44020019	
44020020	
44020021	
44020022	
44020023	
44020024	
44020025	
44020026	
44020027	
44020028	
44020029	
44020030	
44020031	
44020032	
44020033	
44020034	
44020035	
44020036	
44020037	
44020038	
44021001	
44021002	
44021003	
44021004	
44021005	
44021006	
44021007	
44021008	
44021009	
44021010	
44021011	
44021012	
44021013	
44021014	
44021015	
44021016	
44021017	
44021018	
44021019	
44021020	
44021021	
44021022	
44021023	
44021024	
44021025	
44021026	
44021027	
44021028	
44021029	
44021030	
44021031	
44021032	
44021033	
44021034	
44021035	
44021036	
44021037	
44021038	
44021039	
44021040	
44022001	
44022002	
44022003	
44022004	
44022005	
44022006	
44022007	
44022008	
44022009	
44022010	
44022011	
44022012	
44022013	
44022014	
44022015	
44022016	
44022017	
44022018	
44022019	
44022020	
44022021	
44022022	
44022023	
44022024	
44022025	
44022026	
44022027	
44022028	
44022029	
44022030	
44023001	
44023002	
44023003	
44023004	
44023005	
44023006	
44023007	
44023008	
44023009	
44023010	
44023011	
44023012	
44023013	
44023014	
44023015	
44023016	
44023017	
44023018	
44023019	
44023020	
44023021	
44023022	
44023023	
44023024	
44023025	
44023026	
44023027	
44023028	
44023029	
44023030	
44023031	
44023032	
44023033	
44023034	
44023035	
44024001	
44024002	
44024003	
44024004	
44024005	
44024006	
44024007	
44024008	
44024009	
44024010	
44024011	
44024012	
44024013	
44024014	
44024015	
44024016	
44024017	
44024018	
44024019	
44024020	
44024021	
44024022	
44024023	
44024024	
44024025	
44024026	
44024027	
44025001	
44025002	
44025003	
44025004	
44025005	
44025006	
44025007	
44025008	
44025009	
44025010	
44025011	
44025012	
44025013	
44025014	
44025015	
44025016	
44025017	
44025018	
44025019	
44025020	
44025021	
44025022	
44025023	
44025024	
44025025	
44025026	
44025027	
44026001	
44026002	
44026003	
44026004	
44026005	
44026006	
44026007	
44026008	
44026009	
44026010	
44026011	
44026012	
44026013	
44026014	
44026015	
44026016	
44026017	
44026018	
44026019	
44026020	
44026021	
44026022	
44026023	
44026024	
44026025	
44026026	
44026027	
44026028	
44026029	
44026030	
44026031	
44026032	
44027001	
44027002	
44027003	
44027004	
44027005	
44027006	
44027007	
44027008	
44027009	
44027010	
44027011	
44027012	
44027013	
44027014	
44027015	
44027016	
44027017	
44027018	
44027019	
44027020	
44027021	
44027022	
44027023	
44027024	
44027025	
44027026	
44027027	
44027028	
44027029	
44027030	
44027031	
44027032	
44027033	
44027034	
44027035	
44027036	
44027037	
44027038	
44027039	
44027040	
44027041	
44027042	
44027043	
44027044	
44028001	
44028002	
44028003	
44028004	
44028005	
44028006	
44028007	
44028008	
44028009	
44028010	
44028011	
44028012	
44028013	
44028014	
44028015	
44028016	
44028017	
44028018	
44028019	
44028020	
44028021	
44028022	
44028023	
44028024	
44028025	
44028026	
44028027	
44028028	
44028029	
44028030	
44028031	
