01001001	
01001002	
01001003	
01001004	
01001005	
01001006	
01001007	
01001008	
01001009	
01001010	
01001011	
01001012	
01001013	
01001014	
01001015	
01001016	
01001017	
01001018	
01001019	
01001020	
01001021	
01001022	
01001023	
01001024	
01001025	
01001026	
01001027	
01001028	
01001029	
01001030	
01001031	
01002001	
01002002	
01002003	
01002004	
01002005	
01002006	
01002007	
01002008	
01002009	
01002010	
01002011	
01002012	
01002013	
01002014	
01002015	
01002016	
01002017	
01002018	
01002019	
01002020	
01002021	
01002022	
01002023	
01002024	
01002025	
01003001	
01003002	
01003003	
01003004	
01003005	
01003006	
01003007	
01003008	
01003009	
01003010	
01003011	
01003012	
01003013	
01003014	
01003015	
01003016	
01003017	
01003018	
01003019	
01003020	
01003021	
01003022	
01003023	
01003024	
01004001	
01004002	
01004003	
01004004	
01004005	
01004006	
01004007	
01004008	
01004009	
01004010	
01004011	
01004012	
01004013	
01004014	
01004015	
01004016	
01004017	
01004018	
01004019	
01004020	
01004021	
01004022	
01004023	
01004024	
01004025	
01004026	
01005001	
01005002	
01005003	
01005004	
01005005	
01005006	
01005007	
01005008	
01005009	
01005010	
01005011	
01005012	
01005013	
01005014	
01005015	
01005016	
01005017	
01005018	
01005019	
01005020	
01005021	
01005022	
01005023	
01005024	
01005025	
01005026	
01005027	
01005028	
01005029	
01005030	
01005031	
01005032	
01006001	
01006002	
01006003	
01006004	
01006005	
01006006	
01006007	
01006008	
01006009	
01006010	
01006011	
01006012	
01006013	
01006014	
01006015	
01006016	
01006017	
01006018	
01006019	
01006020	
01006021	
01006022	
01007001	
01007002	
01007003	
01007004	
01007005	
01007006	
01007007	
01007008	
01007009	
01007010	
01007011	
01007012	
01007013	
01007014	
01007015	
01007016	
01007017	
01007018	
01007019	
01007020	
01007021	
01007022	
01007023	
01007024	
01008001	
01008002	
01008003	
01008004	
01008005	
01008006	
01008007	
01008008	
01008009	
01008010	
01008011	
01008012	
01008013	
01008014	
01008015	
01008016	
01008017	
01008018	
01008019	
01008020	
01008021	
01008022	
01009001	
01009002	
01009003	
01009004	
01009005	
01009006	
01009007	
01009008	
01009009	
01009010	
01009011	
01009012	
01009013	
01009014	
01009015	
01009016	
01009017	
01009018	
01009019	
01009020	
01009021	
01009022	
01009023	
01009024	
01009025	
01009026	
01009027	
01009028	
01009029	
01010001	
01010002	
01010003	
01010004	
01010005	
01010006	
01010007	
01010008	
01010009	
01010010	
01010011	
01010012	
01010013	
01010014	
01010015	
01010016	
01010017	
01010018	
01010019	
01010020	
01010021	
01010022	
01010023	
01010024	
01010025	
01010026	
01010027	
01010028	
01010029	
01010030	
01010031	
01010032	
01011001	
01011002	
01011003	
01011004	
01011005	
01011006	
01011007	
01011008	
01011009	
01011010	
01011011	
01011012	
01011013	
01011014	
01011015	
01011016	
01011017	
01011018	
01011019	
01011020	
01011021	
01011022	
01011023	
01011024	
01011025	
01011026	
01011027	
01011028	
01011029	
01011030	
01011031	
01011032	
01012001	
01012002	
01012003	
01012004	
01012005	
01012006	
01012007	
01012008	
01012009	
01012010	
01012011	
01012012	
01012013	
01012014	
01012015	
01012016	
01012017	
01012018	
01012019	
01012020	
01013001	
01013002	
01013003	
01013004	
01013005	
01013006	
01013007	
01013008	
01013009	
01013010	
01013011	
01013012	
01013013	
01013014	
01013015	
01013016	
01013017	
01013018	
01014001	
01014002	
01014003	
01014004	
01014005	
01014006	
01014007	
01014008	
01014009	
01014010	
01014011	
01014012	
01014013	
01014014	
01014015	
01014016	
01014017	
01014018	
01014019	
01014020	
01014021	
01014022	
01014023	
01014024	
01015001	
01015002	
01015003	
01015004	
01015005	
01015006	
01015007	
01015008	
01015009	
01015010	
01015011	
01015012	
01015013	
01015014	
01015015	
01015016	
01015017	
01015018	
01015019	
01015020	
01015021	
01016001	
01016002	
01016003	
01016004	
01016005	
01016006	
01016007	
01016008	
01016009	
01016010	
01016011	
01016012	
01016013	
01016014	
01016015	
01016016	
01017001	
01017002	
01017003	
01017004	
01017005	
01017006	
01017007	
01017008	
01017009	
01017010	
01017011	
01017012	
01017013	
01017014	
01017015	
01017016	
01017017	
01017018	
01017019	
01017020	
01017021	
01017022	
01017023	
01017024	
01017025	
01017026	
01017027	
01018001	
01018002	
01018003	
01018004	
01018005	
01018006	
01018007	
01018008	
01018009	
01018010	
01018011	
01018012	
01018013	
01018014	
01018015	
01018016	
01018017	
01018018	
01018019	
01018020	
01018021	
01018022	
01018023	
01018024	
01018025	
01018026	
01018027	
01018028	
01018029	
01018030	
01018031	
01018032	
01018033	
01019001	
01019002	
01019003	
01019004	
01019005	
01019006	
01019007	
01019008	
01019009	
01019010	
01019011	
01019012	
01019013	
01019014	
01019015	
01019016	
01019017	
01019018	
01019019	
01019020	
01019021	
01019022	
01019023	
01019024	
01019025	
01019026	
01019027	
01019028	
01019029	
01019030	
01019031	
01019032	
01019033	
01019034	
01019035	
01019036	
01019037	
01019038	
01020001	
01020002	
01020003	
01020004	
01020005	
01020006	
01020007	
01020008	
01020009	
01020010	
01020011	
01020012	
01020013	
01020014	
01020015	
01020016	
01020017	
01020018	
01021001	
01021002	
01021003	
01021004	
01021005	
01021006	
01021007	
01021008	
01021009	
01021010	
01021011	
01021012	
01021013	
01021014	
01021015	
01021016	
01021017	
01021018	
01021019	
01021020	
01021021	
01021022	
01021023	
01021024	
01021025	
01021026	
01021027	
01021028	
01021029	
01021030	
01021031	
01021032	
01021033	
01021034	
01022001	
01022002	
01022003	
01022004	
01022005	
01022006	
01022007	
01022008	
01022009	
01022010	
01022011	
01022012	
01022013	
01022014	
01022015	
01022016	
01022017	
01022018	
01022019	
01022020	
01022021	
01022022	
01022023	
01022024	
01023001	
01023002	
01023003	
01023004	
01023005	
01023006	
01023007	
01023008	
01023009	
01023010	
01023011	
01023012	
01023013	
01023014	
01023015	
01023016	
01023017	
01023018	
01023019	
01023020	
01024001	
01024002	
01024003	
01024004	
01024005	
01024006	
01024007	
01024008	
01024009	
01024010	
01024011	
01024012	
01024013	
01024014	
01024015	
01024016	
01024017	
01024018	
01024019	
01024020	
01024021	
01024022	
01024023	
01024024	
01024025	
01024026	
01024027	
01024028	
01024029	
01024030	
01024031	
01024032	
01024033	
01024034	
01024035	
01024036	
01024037	
01024038	
01024039	
01024040	
01024041	
01024042	
01024043	
01024044	
01024045	
01024046	
01024047	
01024048	
01024049	
01024050	
01024051	
01024052	
01024053	
01024054	
01024055	
01024056	
01024057	
01024058	
01024059	
01024060	
01024061	
01024062	
01024063	
01024064	
01024065	
01024066	
01024067	
01025001	
01025002	
01025003	
01025004	
01025005	
01025006	
01025007	
01025008	
01025009	
01025010	
01025011	
01025012	
01025013	
01025014	
01025015	
01025016	
01025017	
01025018	
01025019	
01025020	
01025021	
01025022	
01025023	
01025024	
01025025	
01025026	
01025027	
01025028	
01025029	
01025030	
01025031	
01025032	
01025033	
01025034	
01026001	
01026002	
01026003	
01026004	
01026005	
01026006	
01026007	
01026008	
01026009	
01026010	
01026011	
01026012	
01026013	
01026014	
01026015	
01026016	
01026017	
01026018	
01026019	
01026020	
01026021	
01026022	
01026023	
01026024	
01026025	
01026026	
01026027	
01026028	
01026029	
01026030	
01026031	
01026032	
01026033	
01026034	
01026035	
01027001	
01027002	
01027003	
01027004	
01027005	
01027006	
01027007	
01027008	
01027009	
01027010	
01027011	
01027012	
01027013	
01027014	
01027015	
01027016	
01027017	
01027018	
01027019	
01027020	
01027021	
01027022	
01027023	
01027024	
01027025	
01027026	
01027027	
01027028	
01027029	
01027030	
01027031	
01027032	
01027033	
01027034	
01027035	
01027036	
01027037	
01027038	
01027039	
01027040	
01027041	
01027042	
01027043	
01027044	
01027045	
01027046	
01028001	
01028002	
01028003	
01028004	
01028005	
01028006	
01028007	
01028008	
01028009	
01028010	
01028011	
01028012	
01028013	
01028014	
01028015	
01028016	
01028017	
01028018	
01028019	
01028020	
01028021	
01028022	
01029001	
01029002	
01029003	
01029004	
01029005	
01029006	
01029007	
01029008	
01029009	
01029010	
01029011	
01029012	
01029013	
01029014	
01029015	
01029016	
01029017	
01029018	
01029019	
01029020	
01029021	
01029022	
01029023	
01029024	
01029025	
01029026	
01029027	
01029028	
01029029	
01029030	
01029031	
01029032	
01029033	
01029034	
01029035	
01030001	
01030002	
01030003	
01030004	
01030005	
01030006	
01030007	
01030008	
01030009	
01030010	
01030011	
01030012	
01030013	
01030014	
01030015	
01030016	
01030017	
01030018	
01030019	
01030020	
01030021	
01030022	
01030023	
01030024	
01030025	
01030026	
01030027	
01030028	
01030029	
01030030	
01030031	
01030032	
01030033	
01030034	
01030035	
01030036	
01030037	
01030038	
01030039	
01030040	
01030041	
01030042	
01030043	
01031001	
01031002	
01031003	
01031004	
01031005	
01031006	
01031007	
01031008	
01031009	
01031010	
01031011	
01031012	
01031013	
01031014	
01031015	
01031016	
01031017	
01031018	
01031019	
01031020	
01031021	
01031022	
01031023	
01031024	
01031025	
01031026	
01031027	
01031028	
01031029	
01031030	
01031031	
01031032	
01031033	
01031034	
01031035	
01031036	
01031037	
01031038	
01031039	
01031040	
01031041	
01031042	
01031043	
01031044	
01031045	
01031046	
01031047	
01031048	
01031049	
01031050	
01031051	
01031052	
01031053	
01031054	
01031055	
01032001	
01032002	
01032003	
01032004	
01032005	
01032006	
01032007	
01032008	
01032009	
01032010	
01032011	
01032012	
01032013	
01032014	
01032015	
01032016	
01032017	
01032018	
01032019	
01032020	
01032021	
01032022	
01032023	
01032024	
01032025	
01032026	
01032027	
01032028	
01032029	
01032030	
01032031	
01032032	
01033001	
01033002	
01033003	
01033004	
01033005	
01033006	
01033007	
01033008	
01033009	
01033010	
01033011	
01033012	
01033013	
01033014	
01033015	
01033016	
01033017	
01033018	
01033019	
01033020	
01034001	
01034002	
01034003	
01034004	
01034005	
01034006	
01034007	
01034008	
01034009	
01034010	
01034011	
01034012	
01034013	
01034014	
01034015	
01034016	
01034017	
01034018	
01034019	
01034020	
01034021	
01034022	
01034023	
01034024	
01034025	
01034026	
01034027	
01034028	
01034029	
01034030	
01034031	
01035001	
01035002	
01035003	
01035004	
01035005	
01035006	
01035007	
01035008	
01035009	
01035010	
01035011	
01035012	
01035013	
01035014	
01035015	
01035016	
01035017	
01035018	
01035019	
01035020	
01035021	
01035022	
01035023	
01035024	
01035025	
01035026	
01035027	
01035028	
01035029	
01036001	
01036002	
01036003	
01036004	
01036005	
01036006	
01036007	
01036008	
01036009	
01036010	
01036011	
01036012	
01036013	
01036014	
01036015	
01036016	
01036017	
01036018	
01036019	
01036020	
01036021	
01036022	
01036023	
01036024	
01036025	
01036026	
01036027	
01036028	
01036029	
01036030	
01036031	
01036032	
01036033	
01036034	
01036035	
01036036	
01036037	
01036038	
01036039	
01036040	
01036041	
01036042	
01036043	
01037001	
01037002	
01037003	
01037004	
01037005	
01037006	
01037007	
01037008	
01037009	
01037010	
01037011	
01037012	
01037013	
01037014	
01037015	
01037016	
01037017	
01037018	
01037019	
01037020	
01037021	
01037022	
01037023	
01037024	
01037025	
01037026	
01037027	
01037028	
01037029	
01037030	
01037031	
01037032	
01037033	
01037034	
01037035	
01037036	
01038001	
01038002	
01038003	
01038004	
01038005	
01038006	
01038007	
01038008	
01038009	
01038010	
01038011	
01038012	
01038013	
01038014	
01038015	
01038016	
01038017	
01038018	
01038019	
01038020	
01038021	
01038022	
01038023	
01038024	
01038025	
01038026	
01038027	
01038028	
01038029	
01038030	
01039001	
01039002	
01039003	
01039004	
01039005	
01039006	
01039007	
01039008	
01039009	
01039010	
01039011	
01039012	
01039013	
01039014	
01039015	
01039016	
01039017	
01039018	
01039019	
01039020	
01039021	
01039022	
01039023	
01040001	
01040002	
01040003	
01040004	
01040005	
01040006	
01040007	
01040008	
01040009	
01040010	
01040011	
01040012	
01040013	
01040014	
01040015	
01040016	
01040017	
01040018	
01040019	
01040020	
01040021	
01040022	
01040023	
01041001	
01041002	
01041003	
01041004	
01041005	
01041006	
01041007	
01041008	
01041009	
01041010	
01041011	
01041012	
01041013	
01041014	
01041015	
01041016	
01041017	
01041018	
01041019	
01041020	
01041021	
01041022	
01041023	
01041024	
01041025	
01041026	
01041027	
01041028	
01041029	
01041030	
01041031	
01041032	
01041033	
01041034	
01041035	
01041036	
01041037	
01041038	
01041039	
01041040	
01041041	
01041042	
01041043	
01041044	
01041045	
01041046	
01041047	
01041048	
01041049	
01041050	
01041051	
01041052	
01041053	
01041054	
01041055	
01041056	
01041057	
01042001	
01042002	
01042003	
01042004	
01042005	
01042006	
01042007	
01042008	
01042009	
01042010	
01042011	
01042012	
01042013	
01042014	
01042015	
01042016	
01042017	
01042018	
01042019	
01042020	
01042021	
01042022	
01042023	
01042024	
01042025	
01042026	
01042027	
01042028	
01042029	
01042030	
01042031	
01042032	
01042033	
01042034	
01042035	
01042036	
01042037	
01042038	
01043001	
01043002	
01043003	
01043004	
01043005	
01043006	
01043007	
01043008	
01043009	
01043010	
01043011	
01043012	
01043013	
01043014	
01043015	
01043016	
01043017	
01043018	
01043019	
01043020	
01043021	
01043022	
01043023	
01043024	
01043025	
01043026	
01043027	
01043028	
01043029	
01043030	
01043031	
01043032	
01043033	
01043034	
01044001	
01044002	
01044003	
01044004	
01044005	
01044006	
01044007	
01044008	
01044009	
01044010	
01044011	
01044012	
01044013	
01044014	
01044015	
01044016	
01044017	
01044018	
01044019	
01044020	
01044021	
01044022	
01044023	
01044024	
01044025	
01044026	
01044027	
01044028	
01044029	
01044030	
01044031	
01044032	
01044033	
01044034	
01045001	
01045002	
01045003	
01045004	
01045005	
01045006	
01045007	
01045008	
01045009	
01045010	
01045011	
01045012	
01045013	
01045014	
01045015	
01045016	
01045017	
01045018	
01045019	
01045020	
01045021	
01045022	
01045023	
01045024	
01045025	
01045026	
01045027	
01045028	
01046001	
01046002	
01046003	
01046004	
01046005	
01046006	
01046007	
01046008	
01046009	
01046010	
01046011	
01046012	
01046013	
01046014	
01046015	
01046016	
01046017	
01046018	
01046019	
01046020	
01046021	
01046022	
01046023	
01046024	
01046025	
01046026	
01046027	
01046028	
01046029	
01046030	
01046031	
01046032	
01046033	
01046034	
01047001	
01047002	
01047003	
01047004	
01047005	
01047006	
01047007	
01047008	
01047009	
01047010	
01047011	
01047012	
01047013	
01047014	
01047015	
01047016	
01047017	
01047018	
01047019	
01047020	
01047021	
01047022	
01047023	
01047024	
01047025	
01047026	
01047027	
01047028	
01047029	
01047030	
01047031	
01048001	
01048002	
01048003	
01048004	
01048005	
01048006	
01048007	
01048008	
01048009	
01048010	
01048011	
01048012	
01048013	
01048014	
01048015	
01048016	
01048017	
01048018	
01048019	
01048020	
01048021	
01048022	
01049001	
01049002	
01049003	
01049004	
01049005	
01049006	
01049007	
01049008	
01049009	
01049010	
01049011	
01049012	
01049013	
01049014	
01049015	
01049016	
01049017	
01049018	
01049019	
01049020	
01049021	
01049022	
01049023	
01049024	
01049025	
01049026	
01049027	
01049028	
01049029	
01049030	
01049031	
01049032	
01049033	
01050001	
01050002	
01050003	
01050004	
01050005	
01050006	
01050007	
01050008	
01050009	
01050010	
01050011	
01050012	
01050013	
01050014	
01050015	
01050016	
01050017	
01050018	
01050019	
01050020	
01050021	
01050022	
01050023	
01050024	
01050025	
01050026	
59001001	
59001002	
59001003	
59001004	
59001005	
59001006	
59001007	
59001008	
59001009	
59001010	
59001011	
59001012	
59001013	
59001014	
59001015	
59001016	
59001017	
59001018	
59001019	
59001020	
59001021	
59001022	
59001023	
59001024	
59001025	
59001026	
59001027	
59002001	
59002002	
59002003	
59002004	
59002005	
59002006	
59002007	
59002008	
59002009	
59002010	
59002011	
59002012	
59002013	
59002014	
59002015	
59002016	
59002017	
59002018	
59002019	
59002020	
59002021	
59002022	
59002023	
59002024	
59002025	
59002026	
59003001	
59003002	
59003003	
59003004	
59003005	
59003006	
59003007	
59003008	
59003009	
59003010	
59003011	
59003012	
59003013	
59003014	
59003015	
59003016	
59003017	
59003018	
59004001	
59004002	
59004003	
59004004	
59004005	
59004006	
59004007	
59004008	
59004009	
59004010	
59004011	
59004012	
59004013	
59004014	
59004015	
59004016	
59004017	
59005001	
59005002	
59005003	
59005004	
59005005	
59005006	
59005007	
59005008	
59005009	
59005010	
59005011	
59005012	
59005013	
59005014	
59005015	
59005016	
59005017	
59005018	
59005019	
59005020	
60001001	
60001002	
60001003	
60001004	
60001005	
60001006	
60001007	
60001008	
60001009	
60001010	
60001011	
60001012	
60001013	
60001014	
60001015	
60001016	
60001017	
60001018	
60001019	
60001020	
60001021	
60001022	
60001023	
60001024	
60001025	
60002001	
60002002	
60002003	
60002004	
60002005	
60002006	
60002007	
60002008	
60002009	
60002010	
60002011	
60002012	
60002013	
60002014	
60002015	
60002016	
60002017	
60002018	
60002019	
60002020	
60002021	
60002022	
60002023	
60002024	
60002025	
60003001	
60003002	
60003003	
60003004	
60003005	
60003006	
60003007	
60003008	
60003009	
60003010	
60003011	
60003012	
60003013	
60003014	
60003015	
60003016	
60003017	
60003018	
60003019	
60003020	
60003021	
60003022	
60004001	
60004002	
60004003	
60004004	
60004005	
60004006	
60004007	
60004008	
60004009	
60004010	
60004011	
60004012	
60004013	
60004014	
60004015	
60004016	
60004017	
60004018	
60004019	
60005001	
60005002	
60005003	
60005004	
60005005	
60005006	
60005007	
60005008	
60005009	
60005010	
60005011	
60005012	
60005013	
60005014	
61001001	
61001002	
61001003	
61001004	
61001005	
61001006	
61001007	
61001008	
61001009	
61001010	
61001011	
61001012	
61001013	
61001014	
61001015	
61001016	
61001017	
61001018	
61001019	
61001020	
61001021	
61002001	
61002002	
61002003	
61002004	
61002005	
61002006	
61002007	
61002008	
61002009	
61002010	
61002011	
61002012	
61002013	
61002014	
61002015	
61002016	
61002017	
61002018	
61002019	
61002020	
61002021	
61002022	
61003001	
61003002	
61003003	
61003004	
61003005	
61003006	
61003007	
61003008	
61003009	
61003010	
61003011	
61003012	
61003013	
61003014	
61003015	
61003016	
61003017	
61003018	
62001001	
62001002	
62001003	
62001004	
62001005	
62001006	
62001007	
62001008	
62001009	
62001010	
62002001	
62002002	
62002003	
62002004	
62002005	
62002006	
62002007	
62002008	
62002009	
62002010	
62002011	
62002012	
62002013	
62002014	
62002015	
62002016	
62002017	
62002018	
62002019	
62002020	
62002021	
62002022	
62002023	
62002024	
62002025	
62002026	
62002027	
62002028	
62002029	
62003001	
62003002	
62003003	
62003004	
62003005	
62003006	
62003007	
62003008	
62003009	
62003010	
62003011	
62003012	
62003013	
62003014	
62003015	
62003016	
62003017	
62003018	
62003019	
62003020	
62003021	
62003022	
62003023	
62003024	
62004001	
62004002	
62004003	
62004004	
62004005	
62004006	
62004007	
62004008	
62004009	
62004010	
62004011	
62004012	
62004013	
62004014	
62004015	
62004016	
62004017	
62004018	
62004019	
62004020	
62004021	
62005001	
62005002	
62005003	
62005004	
62005005	
62005006	
62005007	
62005008	
62005009	
62005010	
62005011	
62005012	
62005013	
62005014	
62005015	
62005016	
62005017	
62005018	
62005019	
62005020	
62005021	
63001001	
63001002	
63001003	
63001004	
63001005	
63001006	
63001007	
63001008	
63001009	
63001010	
63001011	
63001012	
63001013	
64001001	
64001002	
64001003	
64001004	
64001005	
64001006	
64001007	
64001008	
64001009	
64001010	
64001011	
64001012	
64001013	
64001014	
64001015	
65001001	
65001002	
65001003	
65001004	
65001005	
65001006	
65001007	
65001008	
65001009	
65001010	
65001011	
65001012	
65001013	
65001014	
65001015	
65001016	
65001017	
65001018	
65001019	
65001020	
65001021	
65001022	
65001023	
65001024	
65001025	
66001001	
66001002	
66001003	
66001004	
66001005	
66001006	
66001007	
66001008	
66001009	
66001010	
66001011	
66001012	
66001013	
66001014	
66001015	
66001016	
66001017	
66001018	
66001019	
66001020	
66002001	
66002002	
66002003	
66002004	
66002005	
66002006	
66002007	
66002008	
66002009	
66002010	
66002011	
66002012	
66002013	
66002014	
66002015	
66002016	
66002017	
66002018	
66002019	
66002020	
66002021	
66002022	
66002023	
66002024	
66002025	
66002026	
66002027	
66002028	
66002029	
66003001	
66003002	
66003003	
66003004	
66003005	
66003006	
66003007	
66003008	
66003009	
66003010	
66003011	
66003012	
66003013	
66003014	
66003015	
66003016	
66003017	
66003018	
66003019	
66003020	
66003021	
66003022	
66004001	
66004002	
66004003	
66004004	
66004005	
66004006	
66004007	
66004008	
66004009	
66004010	
66004011	
66005001	
66005002	
66005003	
66005004	
66005005	
66005006	
66005007	
66005008	
66005009	
66005010	
66005011	
66005012	
66005013	
66005014	
66006001	
66006002	
66006003	
66006004	
66006005	
66006006	
66006007	
66006008	
66006009	
66006010	
66006011	
66006012	
66006013	
66006014	
66006015	
66006016	
66006017	
66007001	
66007002	
66007003	
66007004	
66007005	
66007006	
66007007	
66007008	
66007009	
66007010	
66007011	
66007012	
66007013	
66007014	
66007015	
66007016	
66007017	
66008001	
66008002	
66008003	
66008004	
66008005	
66008006	
66008007	
66008008	
66008009	
66008010	
66008011	
66008012	
66008013	
66009001	
66009002	
66009003	
66009004	
66009005	
66009006	
66009007	
66009008	
66009009	
66009010	
66009011	
66009012	
66009013	
66009014	
66009015	
66009016	
66009017	
66009018	
66009019	
66009020	
66009021	
66010001	
66010002	
66010003	
66010004	
66010005	
66010006	
66010007	
66010008	
66010009	
66010010	
66010011	
66011001	
66011002	
66011003	
66011004	
66011005	
66011006	
66011007	
66011008	
66011009	
66011010	
66011011	
66011012	
66011013	
66011014	
66011015	
66011016	
66011017	
66011018	
66011019	
66012001	
66012002	
66012003	
66012004	
66012005	
66012006	
66012007	
66012008	
66012009	
66012010	
66012011	
66012012	
66012013	
66012014	
66012015	
66012016	
66012017	
66013001	
66013002	
66013003	
66013004	
66013005	
66013006	
66013007	
66013008	
66013009	
66013010	
66013011	
66013012	
66013013	
66013014	
66013015	
66013016	
66013017	
66013018	
66014001	
66014002	
66014003	
66014004	
66014005	
66014006	
66014007	
66014008	
66014009	
66014010	
66014011	
66014012	
66014013	
66014014	
66014015	
66014016	
66014017	
66014018	
66014019	
66014020	
66015001	
66015002	
66015003	
66015004	
66015005	
66015006	
66015007	
66015008	
66016001	
66016002	
66016003	
66016004	
66016005	
66016006	
66016007	
66016008	
66016009	
66016010	
66016011	
66016012	
66016013	
66016014	
66016015	
66016016	
66016017	
66016018	
66016019	
66016020	
66016021	
66017001	
66017002	
66017003	
66017004	
66017005	
66017006	
66017007	
66017008	
66017009	
66017010	
66017011	
66017012	
66017013	
66017014	
66017015	
66017016	
66017017	
66017018	
66018001	
66018002	
66018003	
66018004	
66018005	
66018006	
66018007	
66018008	
66018009	
66018010	
66018011	
66018012	
66018013	
66018014	
66018015	
66018016	
66018017	
66018018	
66018019	
66018020	
66018021	
66018022	
66018023	
66018024	
66019001	
66019002	
66019003	
66019004	
66019005	
66019006	
66019007	
66019008	
66019009	
66019010	
66019011	
66019012	
66019013	
66019014	
66019015	
66019016	
66019017	
66019018	
66019019	
66019020	
66019021	
66020001	
66020002	
66020003	
66020004	
66020005	
66020006	
66020007	
66020008	
66020009	
66020010	
66020011	
66020012	
66020013	
66020014	
66020015	
66021001	
66021002	
66021003	
66021004	
66021005	
66021006	
66021007	
66021008	
66021009	
66021010	
66021011	
66021012	
66021013	
66021014	
66021015	
66021016	
66021017	
66021018	
66021019	
66021020	
66021021	
66021022	
66021023	
66021024	
66021025	
66021026	
66021027	
66022001	
66022002	
66022003	
66022004	
66022005	
66022006	
66022007	
66022008	
66022009	
66022010	
66022011	
66022012	
66022013	
66022014	
66022015	
66022016	
66022017	
66022018	
66022019	
66022020	
66022021	
