40001001	
40001002	
40001003	
40001004	
40001005	
40001006	
40001007	
40001008	
40001009	
40001010	
40001011	
40001012	
40001013	
40001014	
40001015	
40001016	
40001017	
40001018	
40001019	
40001020	
40001021	
40001022	
40001023	
40001024	
40001025	
40002001	
40002002	
40002003	
40002004	
40002005	
40002006	
40002007	
40002008	
40002009	
40002010	
40002011	
40002012	
40002013	
40002014	
40002015	
40002016	
40002017	
40002018	
40002019	
40002020	
40002021	
40002022	
40002023	
40003001	
40003002	
40003003	
40003004	
40003005	
40003006	
40003007	
40003008	
40003009	
40003010	
40003011	
40003012	
40003013	
40003014	
40003015	
40003016	
40003017	
40004001	
40004002	
40004003	
40004004	
40004005	
40004006	
40004007	
40004008	
40004009	
40004010	
40004011	
40004012	
40004013	
40004014	
40004015	
40004016	
40004017	
40004018	
40004019	
40004020	
40004021	
40004022	
40004023	
40004024	
40004025	
40005001	
40005002	
40005003	
40005004	
40005005	
40005006	
40005007	
40005008	
40005009	
40005010	
40005011	
40005012	
40005013	
40005014	
40005015	
40005016	
40005017	
40005018	
40005019	
40005020	
40005021	
40005022	
40005023	
40005024	
40005025	
40005026	
40005027	
40005028	
40005029	
40005030	
40005031	
40005032	
40005033	
40005034	
40005035	
40005036	
40005037	
40005038	
40005039	
40005040	
40005041	
40005042	
40005043	
40005044	
40005045	
40005046	
40005047	
40005048	
40006001	
40006002	
40006003	
40006004	
40006005	
40006006	
40006007	
40006008	
40006009	
40006010	
40006011	
40006012	
40006013	
40006014	
40006015	
40006016	
40006017	
40006018	
40006019	
40006020	
40006021	
40006022	
40006023	
40006024	
40006025	
40006026	
40006027	
40006028	
40006029	
40006030	
40006031	
40006032	
40006033	
40006034	
40007001	
40007002	
40007003	
40007004	
40007005	
40007006	
40007007	
40007008	
40007009	
40007010	
40007011	
40007012	
40007013	
40007014	
40007015	
40007016	
40007017	
40007018	
40007019	
40007020	
40007021	
40007022	
40007023	
40007024	
40007025	
40007026	
40007027	
40007028	
40007029	
40008001	
40008002	
40008003	
40008004	
40008005	
40008006	
40008007	
40008008	
40008009	
40008010	
40008011	
40008012	
40008013	
40008014	
40008015	
40008016	
40008017	
40008018	
40008019	
40008020	
40008021	
40008022	
40008023	
40008024	
40008025	
40008026	
40008027	
40008028	
40008029	
40008030	
40008031	
40008032	
40008033	
40008034	
40009001	
40009002	
40009003	
40009004	
40009005	
40009006	
40009007	
40009008	
40009009	
40009010	
40009011	
40009012	
40009013	
40009014	
40009015	
40009016	
40009017	
40009018	
40009019	
40009020	
40009021	
40009022	
40009023	
40009024	
40009025	
40009026	
40009027	
40009028	
40009029	
40009030	
40009031	
40009032	
40009033	
40009034	
40009035	
40009036	
40009037	
40009038	
40010001	
40010002	
40010003	
40010004	
40010005	
40010006	
40010007	
40010008	
40010009	
40010010	
40010011	
40010012	
40010013	
40010014	
40010015	
40010016	
40010017	
40010018	
40010019	
40010020	
40010021	
40010022	
40010023	
40010024	
40010025	
40010026	
40010027	
40010028	
40010029	
40010030	
40010031	
40010032	
40010033	
40010034	
40010035	
40010036	
40010037	
40010038	
40010039	
40010040	
40010041	
40010042	
40011001	
40011002	
40011003	
40011004	
40011005	
40011006	
40011007	
40011008	
40011009	
40011010	
40011011	
40011012	
40011013	
40011014	
40011015	
40011016	
40011017	
40011018	
40011019	
40011020	
40011021	
40011022	
40011023	
40011024	
40011025	
40011026	
40011027	
40011028	
40011029	
40011030	
40012001	
40012002	
40012003	
40012004	
40012005	
40012006	
40012007	
40012008	
40012009	
40012010	
40012011	
40012012	
40012013	
40012014	
40012015	
40012016	
40012017	
40012018	
40012019	
40012020	
40012021	
40012022	
40012023	
40012024	
40012025	
40012026	
40012027	
40012028	
40012029	
40012030	
40012031	
40012032	
40012033	
40012034	
40012035	
40012036	
40012037	
40012038	
40012039	
40012040	
40012041	
40012042	
40012043	
40012044	
40012045	
40012046	
40012047	
40012048	
40012049	
40012050	
40013001	
40013002	
40013003	
40013004	
40013005	
40013006	
40013007	
40013008	
40013009	
40013010	
40013011	
40013012	
40013013	
40013014	
40013015	
40013016	
40013017	
40013018	
40013019	
40013020	
40013021	
40013022	
40013023	
40013024	
40013025	
40013026	
40013027	
40013028	
40013029	
40013030	
40013031	
40013032	
40013033	
40013034	
40013035	
40013036	
40013037	
40013038	
40013039	
40013040	
40013041	
40013042	
40013043	
40013044	
40013045	
40013046	
40013047	
40013048	
40013049	
40013050	
40013051	
40013052	
40013053	
40013054	
40013055	
40013056	
40013057	
40013058	
40014001	
40014002	
40014003	
40014004	
40014005	
40014006	
40014007	
40014008	
40014009	
40014010	
40014011	
40014012	
40014013	
40014014	
40014015	
40014016	
40014017	
40014018	
40014019	
40014020	
40014021	
40014022	
40014023	
40014024	
40014025	
40014026	
40014027	
40014028	
40014029	
40014030	
40014031	
40014032	
40014033	
40014034	
40014035	
40014036	
40015001	
40015002	
40015003	
40015004	
40015005	
40015006	
40015007	
40015008	
40015009	
40015010	
40015011	
40015012	
40015013	
40015014	
40015015	
40015016	
40015017	
40015018	
40015019	
40015020	
40015021	
40015022	
40015023	
40015024	
40015025	
40015026	
40015027	
40015028	
40015029	
40015030	
40015031	
40015032	
40015033	
40015034	
40015035	
40015036	
40015037	
40015038	
40015039	
40016001	
40016002	
40016003	
40016004	
40016005	
40016006	
40016007	
40016008	
40016009	
40016010	
40016011	
40016012	
40016013	
40016014	
40016015	
40016016	
40016017	
40016018	
40016019	
40016020	
40016021	
40016022	
40016023	
40016024	
40016025	
40016026	
40016027	
40016028	
40017001	
40017002	
40017003	
40017004	
40017005	
40017006	
40017007	
40017008	
40017009	
40017010	
40017011	
40017012	
40017013	
40017014	
40017015	
40017016	
40017017	
40017018	
40017019	
40017020	
40017021	
40017022	
40017023	
40017024	
40017025	
40017026	
40017027	
40018001	
40018002	
40018003	
40018004	
40018005	
40018006	
40018007	
40018008	
40018009	
40018010	
40018011	
40018012	
40018013	
40018014	
40018015	
40018016	
40018017	
40018018	
40018019	
40018020	
40018021	
40018022	
40018023	
40018024	
40018025	
40018026	
40018027	
40018028	
40018029	
40018030	
40018031	
40018032	
40018033	
40018034	
40018035	
40019001	
40019002	
40019003	
40019004	
40019005	
40019006	
40019007	
40019008	
40019009	
40019010	
40019011	
40019012	
40019013	
40019014	
40019015	
40019016	
40019017	
40019018	
40019019	
40019020	
40019021	
40019022	
40019023	
40019024	
40019025	
40019026	
40019027	
40019028	
40019029	
40019030	
40020001	
40020002	
40020003	
40020004	
40020005	
40020006	
40020007	
40020008	
40020009	
40020010	
40020011	
40020012	
40020013	
40020014	
40020015	
40020016	
40020017	
40020018	
40020019	
40020020	
40020021	
40020022	
40020023	
40020024	
40020025	
40020026	
40020027	
40020028	
40020029	
40020030	
40020031	
40020032	
40020033	
40020034	
40021001	
40021002	
40021003	
40021004	
40021005	
40021006	
40021007	
40021008	
40021009	
40021010	
40021011	
40021012	
40021013	
40021014	
40021015	
40021016	
40021017	
40021018	
40021019	
40021020	
40021021	
40021022	
40021023	
40021024	
40021025	
40021026	
40021027	
40021028	
40021029	
40021030	
40021031	
40021032	
40021033	
40021034	
40021035	
40021036	
40021037	
40021038	
40021039	
40021040	
40021041	
40021042	
40021043	
40021044	
40021045	
40021046	
40022001	
40022002	
40022003	
40022004	
40022005	
40022006	
40022007	
40022008	
40022009	
40022010	
40022011	
40022012	
40022013	
40022014	
40022015	
40022016	
40022017	
40022018	
40022019	
40022020	
40022021	
40022022	
40022023	
40022024	
40022025	
40022026	
40022027	
40022028	
40022029	
40022030	
40022031	
40022032	
40022033	
40022034	
40022035	
40022036	
40022037	
40022038	
40022039	
40022040	
40022041	
40022042	
40022043	
40022044	
40022045	
40022046	
40023001	
40023002	
40023003	
40023004	
40023005	
40023006	
40023007	
40023008	
40023009	
40023010	
40023011	
40023012	
40023013	
40023014	
40023015	
40023016	
40023017	
40023018	
40023019	
40023020	
40023021	
40023022	
40023023	
40023024	
40023025	
40023026	
40023027	
40023028	
40023029	
40023030	
40023031	
40023032	
40023033	
40023034	
40023035	
40023036	
40023037	
40023038	
40023039	
40024001	
40024002	
40024003	
40024004	
40024005	
40024006	
40024007	
40024008	
40024009	
40024010	
40024011	
40024012	
40024013	
40024014	
40024015	
40024016	
40024017	
40024018	
40024019	
40024020	
40024021	
40024022	
40024023	
40024024	
40024025	
40024026	
40024027	
40024028	
40024029	
40024030	
40024031	
40024032	
40024033	
40024034	
40024035	
40024036	
40024037	
40024038	
40024039	
40024040	
40024041	
40024042	
40024043	
40024044	
40024045	
40024046	
40024047	
40024048	
40024049	
40024050	
40024051	
40025001	
40025002	
40025003	
40025004	
40025005	
40025006	
40025007	
40025008	
40025009	
40025010	
40025011	
40025012	
40025013	
40025014	
40025015	
40025016	
40025017	
40025018	
40025019	
40025020	
40025021	
40025022	
40025023	
40025024	
40025025	
40025026	
40025027	
40025028	
40025029	
40025030	
40025031	
40025032	
40025033	
40025034	
40025035	
40025036	
40025037	
40025038	
40025039	
40025040	
40025041	
40025042	
40025043	
40025044	
40025045	
40025046	
40026001	
40026002	
40026003	
40026004	
40026005	
40026006	
40026007	
40026008	
40026009	
40026010	
40026011	
40026012	
40026013	
40026014	
40026015	
40026016	
40026017	
40026018	
40026019	
40026020	
40026021	
40026022	
40026023	
40026024	
40026025	
40026026	
40026027	
40026028	
40026029	
40026030	
40026031	
40026032	
40026033	
40026034	
40026035	
40026036	
40026037	
40026038	
40026039	
40026040	
40026041	
40026042	
40026043	
40026044	
40026045	
40026046	
40026047	
40026048	
40026049	
40026050	
40026051	
40026052	
40026053	
40026054	
40026055	
40026056	
40026057	
40026058	
40026059	
40026060	
40026061	
40026062	
40026063	
40026064	
40026065	
40026066	
40026067	
40026068	
40026069	
40026070	
40026071	
40026072	
40026073	
40026074	
40026075	
40027001	
40027002	
40027003	
40027004	
40027005	
40027006	
40027007	
40027008	
40027009	
40027010	
40027011	
40027012	
40027013	
40027014	
40027015	
40027016	
40027017	
40027018	
40027019	
40027020	
40027021	
40027022	
40027023	
40027024	
40027025	
40027026	
40027027	
40027028	
40027029	
40027030	
40027031	
40027032	
40027033	
40027034	
40027035	
40027036	
40027037	
40027038	
40027039	
40027040	
40027041	
40027042	
40027043	
40027044	
40027045	
40027046	
40027047	
40027048	
40027049	
40027050	
40027051	
40027052	
40027053	
40027054	
40027055	
40027056	
40027057	
40027058	
40027059	
40027060	
40027061	
40027062	
40027063	
40027064	
40027065	
40027066	
40028001	
40028002	
40028003	
40028004	
40028005	
40028006	
40028007	
40028008	
40028009	
40028010	
40028011	
40028012	
40028013	
40028014	
40028015	
40028016	
40028017	
40028018	
40028019	
40028020	
41001001	
41001002	
41001003	
41001004	
41001005	
41001006	
41001007	
41001008	
41001009	
41001010	
41001011	
41001012	
41001013	
41001014	
41001015	
41001016	
41001017	
41001018	
41001019	
41001020	
41001021	
41001022	
41001023	
41001024	
41001025	
41001026	
41001027	
41001028	
41001029	
41001030	
41001031	
41001032	
41001033	
41001034	
41001035	
41001036	
41001037	
41001038	
41001039	
41001040	
41001041	
41001042	
41001043	
41001044	
41001045	
41002001	
41002002	
41002003	
41002004	
41002005	
41002006	
41002007	
41002008	
41002009	
41002010	
41002011	
41002012	
41002013	
41002014	
41002015	
41002016	
41002017	
41002018	
41002019	
41002020	
41002021	
41002022	
41002023	
41002024	
41002025	
41002026	
41002027	
41002028	
41003001	
41003002	
41003003	
41003004	
41003005	
41003006	
41003007	
41003008	
41003009	
41003010	
41003011	
41003012	
41003013	
41003014	
41003015	
41003016	
41003017	
41003018	
41003019	
41003020	
41003021	
41003022	
41003023	
41003024	
41003025	
41003026	
41003027	
41003028	
41003029	
41003030	
41003031	
41003032	
41003033	
41003034	
41003035	
41004001	
41004002	
41004003	
41004004	
41004005	
41004006	
41004007	
41004008	
41004009	
41004010	
41004011	
41004012	
41004013	
41004014	
41004015	
41004016	
41004017	
41004018	
41004019	
41004020	
41004021	
41004022	
41004023	
41004024	
41004025	
41004026	
41004027	
41004028	
41004029	
41004030	
41004031	
41004032	
41004033	
41004034	
41004035	
41004036	
41004037	
41004038	
41004039	
41004040	
41004041	
41005001	
41005002	
41005003	
41005004	
41005005	
41005006	
41005007	
41005008	
41005009	
41005010	
41005011	
41005012	
41005013	
41005014	
41005015	
41005016	
41005017	
41005018	
41005019	
41005020	
41005021	
41005022	
41005023	
41005024	
41005025	
41005026	
41005027	
41005028	
41005029	
41005030	
41005031	
41005032	
41005033	
41005034	
41005035	
41005036	
41005037	
41005038	
41005039	
41005040	
41005041	
41005042	
41005043	
41006001	
41006002	
41006003	
41006004	
41006005	
41006006	
41006007	
41006008	
41006009	
41006010	
41006011	
41006012	
41006013	
41006014	
41006015	
41006016	
41006017	
41006018	
41006019	
41006020	
41006021	
41006022	
41006023	
41006024	
41006025	
41006026	
41006027	
41006028	
41006029	
41006030	
41006031	
41006032	
41006033	
41006034	
41006035	
41006036	
41006037	
41006038	
41006039	
41006040	
41006041	
41006042	
41006043	
41006044	
41006045	
41006046	
41006047	
41006048	
41006049	
41006050	
41006051	
41006052	
41006053	
41006054	
41006055	
41006056	
41007001	
41007002	
41007003	
41007004	
41007005	
41007006	
41007007	
41007008	
41007009	
41007010	
41007011	
41007012	
41007013	
41007014	
41007015	
41007016	
41007017	
41007018	
41007019	
41007020	
41007021	
41007022	
41007023	
41007024	
41007025	
41007026	
41007027	
41007028	
41007029	
41007030	
41007031	
41007032	
41007033	
41007034	
41007035	
41007036	
41007037	
41008001	
41008002	
41008003	
41008004	
41008005	
41008006	
41008007	
41008008	
41008009	
41008010	
41008011	
41008012	
41008013	
41008014	
41008015	
41008016	
41008017	
41008018	
41008019	
41008020	
41008021	
41008022	
41008023	
41008024	
41008025	
41008026	
41008027	
41008028	
41008029	
41008030	
41008031	
41008032	
41008033	
41008034	
41008035	
41008036	
41008037	
41008038	
41009001	
41009002	
41009003	
41009004	
41009005	
41009006	
41009007	
41009008	
41009009	
41009010	
41009011	
41009012	
41009013	
41009014	
41009015	
41009016	
41009017	
41009018	
41009019	
41009020	
41009021	
41009022	
41009023	
41009024	
41009025	
41009026	
41009027	
41009028	
41009029	
41009030	
41009031	
41009032	
41009033	
41009034	
41009035	
41009036	
41009037	
41009038	
41009039	
41009040	
41009041	
41009042	
41009043	
41009044	
41009045	
41009046	
41009047	
41009048	
41009049	
41009050	
41010001	
41010002	
41010003	
41010004	
41010005	
41010006	
41010007	
41010008	
41010009	
41010010	
41010011	
41010012	
41010013	
41010014	
41010015	
41010016	
41010017	
41010018	
41010019	
41010020	
41010021	
41010022	
41010023	
41010024	
41010025	
41010026	
41010027	
41010028	
41010029	
41010030	
41010031	
41010032	
41010033	
41010034	
41010035	
41010036	
41010037	
41010038	
41010039	
41010040	
41010041	
41010042	
41010043	
41010044	
41010045	
41010046	
41010047	
41010048	
41010049	
41010050	
41010051	
41010052	
41011001	
41011002	
41011003	
41011004	
41011005	
41011006	
41011007	
41011008	
41011009	
41011010	
41011011	
41011012	
41011013	
41011014	
41011015	
41011016	
41011017	
41011018	
41011019	
41011020	
41011021	
41011022	
41011023	
41011024	
41011025	
41011026	
41011027	
41011028	
41011029	
41011030	
41011031	
41011032	
41011033	
41012001	
41012002	
41012003	
41012004	
41012005	
41012006	
41012007	
41012008	
41012009	
41012010	
41012011	
41012012	
41012013	
41012014	
41012015	
41012016	
41012017	
41012018	
41012019	
41012020	
41012021	
41012022	
41012023	
41012024	
41012025	
41012026	
41012027	
41012028	
41012029	
41012030	
41012031	
41012032	
41012033	
41012034	
41012035	
41012036	
41012037	
41012038	
41012039	
41012040	
41012041	
41012042	
41012043	
41012044	
41013001	
41013002	
41013003	
41013004	
41013005	
41013006	
41013007	
41013008	
41013009	
41013010	
41013011	
41013012	
41013013	
41013014	
41013015	
41013016	
41013017	
41013018	
41013019	
41013020	
41013021	
41013022	
41013023	
41013024	
41013025	
41013026	
41013027	
41013028	
41013029	
41013030	
41013031	
41013032	
41013033	
41013034	
41013035	
41013036	
41013037	
41014001	
41014002	
41014003	
41014004	
41014005	
41014006	
41014007	
41014008	
41014009	
41014010	
41014011	
41014012	
41014013	
41014014	
41014015	
41014016	
41014017	
41014018	
41014019	
41014020	
41014021	
41014022	
41014023	
41014024	
41014025	
41014026	
41014027	
41014028	
41014029	
41014030	
41014031	
41014032	
41014033	
41014034	
41014035	
41014036	
41014037	
41014038	
41014039	
41014040	
41014041	
41014042	
41014043	
41014044	
41014045	
41014046	
41014047	
41014048	
41014049	
41014050	
41014051	
41014052	
41014053	
41014054	
41014055	
41014056	
41014057	
41014058	
41014059	
41014060	
41014061	
41014062	
41014063	
41014064	
41014065	
41014066	
41014067	
41014068	
41014069	
41014070	
41014071	
41014072	
41015001	
41015002	
41015003	
41015004	
41015005	
41015006	
41015007	
41015008	
41015009	
41015010	
41015011	
41015012	
41015013	
41015014	
41015015	
41015016	
41015017	
41015018	
41015019	
41015020	
41015021	
41015022	
41015023	
41015024	
41015025	
41015026	
41015027	
41015028	
41015029	
41015030	
41015031	
41015032	
41015033	
41015034	
41015035	
41015036	
41015037	
41015038	
41015039	
41015040	
41015041	
41015042	
41015043	
41015044	
41015045	
41015046	
41015047	
41016001	
41016002	
41016003	
41016004	
41016005	
41016006	
41016007	
41016008	
41016009	
41016010	
41016011	
41016012	
41016013	
41016014	
41016015	
41016016	
41016017	
41016018	
41016019	
41016020	
42001001	
42001002	
42001003	
42001004	
42001005	
42001006	
42001007	
42001008	
42001009	
42001010	
42001011	
42001012	
42001013	
42001014	
42001015	
42001016	
42001017	
42001018	
42001019	
42001020	
42001021	
42001022	
42001023	
42001024	
42001025	
42001026	
42001027	
42001028	
42001029	
42001030	
42001031	
42001032	
42001033	
42001034	
42001035	
42001036	
42001037	
42001038	
42001039	
42001040	
42001041	
42001042	
42001043	
42001044	
42001045	
42001046	
42001047	
42001048	
42001049	
42001050	
42001051	
42001052	
42001053	
42001054	
42001055	
42001056	
42001057	
42001058	
42001059	
42001060	
42001061	
42001062	
42001063	
42001064	
42001065	
42001066	
42001067	
42001068	
42001069	
42001070	
42001071	
42001072	
42001073	
42001074	
42001075	
42001076	
42001077	
42001078	
42001079	
42001080	
42002001	
42002002	
42002003	
42002004	
42002005	
42002006	
42002007	
42002008	
42002009	
42002010	
42002011	
42002012	
42002013	
42002014	
42002015	
42002016	
42002017	
42002018	
42002019	
42002020	
42002021	
42002022	
42002023	
42002024	
42002025	
42002026	
42002027	
42002028	
42002029	
42002030	
42002031	
42002032	
42002033	
42002034	
42002035	
42002036	
42002037	
42002038	
42002039	
42002040	
42002041	
42002042	
42002043	
42002044	
42002045	
42002046	
42002047	
42002048	
42002049	
42002050	
42002051	
42002052	
42003001	
42003002	
42003003	
42003004	
42003005	
42003006	
42003007	
42003008	
42003009	
42003010	
42003011	
42003012	
42003013	
42003014	
42003015	
42003016	
42003017	
42003018	
42003019	
42003020	
42003021	
42003022	
42003023	
42003024	
42003025	
42003026	
42003027	
42003028	
42003029	
42003030	
42003031	
42003032	
42003033	
42003034	
42003035	
42003036	
42003037	
42003038	
42004001	
42004002	
42004003	
42004004	
42004005	
42004006	
42004007	
42004008	
42004009	
42004010	
42004011	
42004012	
42004013	
42004014	
42004015	
42004016	
42004017	
42004018	
42004019	
42004020	
42004021	
42004022	
42004023	
42004024	
42004025	
42004026	
42004027	
42004028	
42004029	
42004030	
42004031	
42004032	
42004033	
42004034	
42004035	
42004036	
42004037	
42004038	
42004039	
42004040	
42004041	
42004042	
42004043	
42004044	
42005001	
42005002	
42005003	
42005004	
42005005	
42005006	
42005007	
42005008	
42005009	
42005010	
42005011	
42005012	
42005013	
42005014	
42005015	
42005016	
42005017	
42005018	
42005019	
42005020	
42005021	
42005022	
42005023	
42005024	
42005025	
42005026	
42005027	
42005028	
42005029	
42005030	
42005031	
42005032	
42005033	
42005034	
42005035	
42005036	
42005037	
42005038	
42005039	
42006001	
42006002	
42006003	
42006004	
42006005	
42006006	
42006007	
42006008	
42006009	
42006010	
42006011	
42006012	
42006013	
42006014	
42006015	
42006016	
42006017	
42006018	
42006019	
42006020	
42006021	
42006022	
42006023	
42006024	
42006025	
42006026	
42006027	
42006028	
42006029	
42006030	
42006031	
42006032	
42006033	
42006034	
42006035	
42006036	
42006037	
42006038	
42006039	
42006040	
42006041	
42006042	
42006043	
42006044	
42006045	
42006046	
42006047	
42006048	
42006049	
42007001	
42007002	
42007003	
42007004	
42007005	
42007006	
42007007	
42007008	
42007009	
42007010	
42007011	
42007012	
42007013	
42007014	
42007015	
42007016	
42007017	
42007018	
42007019	
42007020	
42007021	
42007022	
42007023	
42007024	
42007025	
42007026	
42007027	
42007028	
42007029	
42007030	
42007031	
42007032	
42007033	
42007034	
42007035	
42007036	
42007037	
42007038	
42007039	
42007040	
42007041	
42007042	
42007043	
42007044	
42007045	
42007046	
42007047	
42007048	
42007049	
42007050	
42008001	
42008002	
42008003	
42008004	
42008005	
42008006	
42008007	
42008008	
42008009	
42008010	
42008011	
42008012	
42008013	
42008014	
42008015	
42008016	
42008017	
42008018	
42008019	
42008020	
42008021	
42008022	
42008023	
42008024	
42008025	
42008026	
42008027	
42008028	
42008029	
42008030	
42008031	
42008032	
42008033	
42008034	
42008035	
42008036	
42008037	
42008038	
42008039	
42008040	
42008041	
42008042	
42008043	
42008044	
42008045	
42008046	
42008047	
42008048	
42008049	
42008050	
42008051	
42008052	
42008053	
42008054	
42008055	
42008056	
42009001	
42009002	
42009003	
42009004	
42009005	
42009006	
42009007	
42009008	
42009009	
42009010	
42009011	
42009012	
42009013	
42009014	
42009015	
42009016	
42009017	
42009018	
42009019	
42009020	
42009021	
42009022	
42009023	
42009024	
42009025	
42009026	
42009027	
42009028	
42009029	
42009030	
42009031	
42009032	
42009033	
42009034	
42009035	
42009036	
42009037	
42009038	
42009039	
42009040	
42009041	
42009042	
42009043	
42009044	
42009045	
42009046	
42009047	
42009048	
42009049	
42009050	
42009051	
42009052	
42009053	
42009054	
42009055	
42009056	
42009057	
42009058	
42009059	
42009060	
42009061	
42009062	
42010001	
42010002	
42010003	
42010004	
42010005	
42010006	
42010007	
42010008	
42010009	
42010010	
42010011	
42010012	
42010013	
42010014	
42010015	
42010016	
42010017	
42010018	
42010019	
42010020	
42010021	
42010022	
42010023	
42010024	
42010025	
42010026	
42010027	
42010028	
42010029	
42010030	
42010031	
42010032	
42010033	
42010034	
42010035	
42010036	
42010037	
42010038	
42010039	
42010040	
42010041	
42010042	
42011001	
42011002	
42011003	
42011004	
42011005	
42011006	
42011007	
42011008	
42011009	
42011010	
42011011	
42011012	
42011013	
42011014	
42011015	
42011016	
42011017	
42011018	
42011019	
42011020	
42011021	
42011022	
42011023	
42011024	
42011025	
42011026	
42011027	
42011028	
42011029	
42011030	
42011031	
42011032	
42011033	
42011034	
42011035	
42011036	
42011037	
42011038	
42011039	
42011040	
42011041	
42011042	
42011043	
42011044	
42011045	
42011046	
42011047	
42011048	
42011049	
42011050	
42011051	
42011052	
42011053	
42011054	
42012001	
42012002	
42012003	
42012004	
42012005	
42012006	
42012007	
42012008	
42012009	
42012010	
42012011	
42012012	
42012013	
42012014	
42012015	
42012016	
42012017	
42012018	
42012019	
42012020	
42012021	
42012022	
42012023	
42012024	
42012025	
42012026	
42012027	
42012028	
42012029	
42012030	
42012031	
42012032	
42012033	
42012034	
42012035	
42012036	
42012037	
42012038	
42012039	
42012040	
42012041	
42012042	
42012043	
42012044	
42012045	
42012046	
42012047	
42012048	
42012049	
42012050	
42012051	
42012052	
42012053	
42012054	
42012055	
42012056	
42012057	
42012058	
42012059	
42013001	
42013002	
42013003	
42013004	
42013005	
42013006	
42013007	
42013008	
42013009	
42013010	
42013011	
42013012	
42013013	
42013014	
42013015	
42013016	
42013017	
42013018	
42013019	
42013020	
42013021	
42013022	
42013023	
42013024	
42013025	
42013026	
42013027	
42013028	
42013029	
42013030	
42013031	
42013032	
42013033	
42013034	
42013035	
42014001	
42014002	
42014003	
42014004	
42014005	
42014006	
42014007	
42014008	
42014009	
42014010	
42014011	
42014012	
42014013	
42014014	
42014015	
42014016	
42014017	
42014018	
42014019	
42014020	
42014021	
42014022	
42014023	
42014024	
42014025	
42014026	
42014027	
42014028	
42014029	
42014030	
42014031	
42014032	
42014033	
42014034	
42014035	
42015001	
42015002	
42015003	
42015004	
42015005	
42015006	
42015007	
42015008	
42015009	
42015010	
42015011	
42015012	
42015013	
42015014	
42015015	
42015016	
42015017	
42015018	
42015019	
42015020	
42015021	
42015022	
42015023	
42015024	
42015025	
42015026	
42015027	
42015028	
42015029	
42015030	
42015031	
42015032	
42016001	
42016002	
42016003	
42016004	
42016005	
42016006	
42016007	
42016008	
42016009	
42016010	
42016011	
42016012	
42016013	
42016014	
42016015	
42016016	
42016017	
42016018	
42016019	
42016020	
42016021	
42016022	
42016023	
42016024	
42016025	
42016026	
42016027	
42016028	
42016029	
42016030	
42016031	
42017001	
42017002	
42017003	
42017004	
42017005	
42017006	
42017007	
42017008	
42017009	
42017010	
42017011	
42017012	
42017013	
42017014	
42017015	
42017016	
42017017	
42017018	
42017019	
42017020	
42017021	
42017022	
42017023	
42017024	
42017025	
42017026	
42017027	
42017028	
42017029	
42017030	
42017031	
42017032	
42017033	
42017034	
42017035	
42017036	
42017037	
42018001	
42018002	
42018003	
42018004	
42018005	
42018006	
42018007	
42018008	
42018009	
42018010	
42018011	
42018012	
42018013	
42018014	
42018015	
42018016	
42018017	
42018018	
42018019	
42018020	
42018021	
42018022	
42018023	
42018024	
42018025	
42018026	
42018027	
42018028	
42018029	
42018030	
42018031	
42018032	
42018033	
42018034	
42018035	
42018036	
42018037	
42018038	
42018039	
42018040	
42018041	
42018042	
42018043	
42019001	
42019002	
42019003	
42019004	
42019005	
42019006	
42019007	
42019008	
42019009	
42019010	
42019011	
42019012	
42019013	
42019014	
42019015	
42019016	
42019017	
42019018	
42019019	
42019020	
42019021	
42019022	
42019023	
42019024	
42019025	
42019026	
42019027	
42019028	
42019029	
42019030	
42019031	
42019032	
42019033	
42019034	
42019035	
42019036	
42019037	
42019038	
42019039	
42019040	
42019041	
42019042	
42019043	
42019044	
42019045	
42019046	
42019047	
42019048	
42020001	
42020002	
42020003	
42020004	
42020005	
42020006	
42020007	
42020008	
42020009	
42020010	
42020011	
42020012	
42020013	
42020014	
42020015	
42020016	
42020017	
42020018	
42020019	
42020020	
42020021	
42020022	
42020023	
42020024	
42020025	
42020026	
42020027	
42020028	
42020029	
42020030	
42020031	
42020032	
42020033	
42020034	
42020035	
42020036	
42020037	
42020038	
42020039	
42020040	
42020041	
42020042	
42020043	
42020044	
42020045	
42020046	
42020047	
42021001	
42021002	
42021003	
42021004	
42021005	
42021006	
42021007	
42021008	
42021009	
42021010	
42021011	
42021012	
42021013	
42021014	
42021015	
42021016	
42021017	
42021018	
42021019	
42021020	
42021021	
42021022	
42021023	
42021024	
42021025	
42021026	
42021027	
42021028	
42021029	
42021030	
42021031	
42021032	
42021033	
42021034	
42021035	
42021036	
42021037	
42021038	
42022001	
42022002	
42022003	
42022004	
42022005	
42022006	
42022007	
42022008	
42022009	
42022010	
42022011	
42022012	
42022013	
42022014	
42022015	
42022016	
42022017	
42022018	
42022019	
42022020	
42022021	
42022022	
42022023	
42022024	
42022025	
42022026	
42022027	
42022028	
42022029	
42022030	
42022031	
42022032	
42022033	
42022034	
42022035	
42022036	
42022037	
42022038	
42022039	
42022040	
42022041	
42022042	
42022043	
42022044	
42022045	
42022046	
42022047	
42022048	
42022049	
42022050	
42022051	
42022052	
42022053	
42022054	
42022055	
42022056	
42022057	
42022058	
42022059	
42022060	
42022061	
42022062	
42022063	
42022064	
42022065	
42022066	
42022067	
42022068	
42022069	
42022070	
42022071	
42023001	
42023002	
42023003	
42023004	
42023005	
42023006	
42023007	
42023008	
42023009	
42023010	
42023011	
42023012	
42023013	
42023014	
42023015	
42023016	
42023017	
42023018	
42023019	
42023020	
42023021	
42023022	
42023023	
42023024	
42023025	
42023026	
42023027	
42023028	
42023029	
42023030	
42023031	
42023032	
42023033	
42023034	
42023035	
42023036	
42023037	
42023038	
42023039	
42023040	
42023041	
42023042	
42023043	
42023044	
42023045	
42023046	
42023047	
42023048	
42023049	
42023050	
42023051	
42023052	
42023053	
42023054	
42023055	
42023056	
42024001	
42024002	
42024003	
42024004	
42024005	
42024006	
42024007	
42024008	
42024009	
42024010	
42024011	
42024012	
42024013	
42024014	
42024015	
42024016	
42024017	
42024018	
42024019	
42024020	
42024021	
42024022	
42024023	
42024024	
42024025	
42024026	
42024027	
42024028	
42024029	
42024030	
42024031	
42024032	
42024033	
42024034	
42024035	
42024036	
42024037	
42024038	
42024039	
42024040	
42024041	
42024042	
42024043	
42024044	
42024045	
42024046	
42024047	
42024048	
42024049	
42024050	
42024051	
42024052	
42024053	
43001001	
43001002	
43001003	
43001004	
43001005	
43001006	
43001007	
43001008	
43001009	
43001010	
43001011	
43001012	
43001013	
43001014	
43001015	
43001016	
43001017	
43001018	
43001019	
43001020	
43001021	
43001022	
43001023	
43001024	
43001025	
43001026	
43001027	
43001028	
43001029	
43001030	
43001031	
43001032	
43001033	
43001034	
43001035	
43001036	
43001037	
43001038	
43001039	
43001040	
43001041	
43001042	
43001043	
43001044	
43001045	
43001046	
43001047	
43001048	
43001049	
43001050	
43001051	
43002001	
43002002	
43002003	
43002004	
43002005	
43002006	
43002007	
43002008	
43002009	
43002010	
43002011	
43002012	
43002013	
43002014	
43002015	
43002016	
43002017	
43002018	
43002019	
43002020	
43002021	
43002022	
43002023	
43002024	
43002025	
43003001	
43003002	
43003003	
43003004	
43003005	
43003006	
43003007	
43003008	
43003009	
43003010	
43003011	
43003012	
43003013	
43003014	
43003015	
43003016	
43003017	
43003018	
43003019	
43003020	
43003021	
43003022	
43003023	
43003024	
43003025	
43003026	
43003027	
43003028	
43003029	
43003030	
43003031	
43003032	
43003033	
43003034	
43003035	
43003036	
43004001	
43004002	
43004003	
43004004	
43004005	
43004006	
43004007	
43004008	
43004009	
43004010	
43004011	
43004012	
43004013	
43004014	
43004015	
43004016	
43004017	
43004018	
43004019	
43004020	
43004021	
43004022	
43004023	
43004024	
43004025	
43004026	
43004027	
43004028	
43004029	
43004030	
43004031	
43004032	
43004033	
43004034	
43004035	
43004036	
43004037	
43004038	
43004039	
43004040	
43004041	
43004042	
43004043	
43004044	
43004045	
43004046	
43004047	
43004048	
43004049	
43004050	
43004051	
43004052	
43004053	
43004054	
43005001	
43005002	
43005003	
43005005	
43005006	
43005007	
43005008	
43005009	
43005010	
43005011	
43005012	
43005013	
43005014	
43005015	
43005016	
43005017	
43005018	
43005019	
43005020	
43005021	
43005022	
43005023	
43005024	
43005025	
43005026	
43005027	
43005028	
43005029	
43005030	
43005031	
43005032	
43005033	
43005034	
43005035	
43005036	
43005037	
43005038	
43005039	
43005040	
43005041	
43005042	
43005043	
43005044	
43005045	
43005046	
43005047	
43006001	
43006002	
43006003	
43006004	
43006005	
43006006	
43006007	
43006008	
43006009	
43006010	
43006011	
43006012	
43006013	
43006014	
43006015	
43006016	
43006017	
43006018	
43006019	
43006020	
43006021	
43006022	
43006023	
43006024	
43006025	
43006026	
43006027	
43006028	
43006029	
43006030	
43006031	
43006032	
43006033	
43006034	
43006035	
43006036	
43006037	
43006038	
43006039	
43006040	
43006041	
43006042	
43006043	
43006044	
43006045	
43006046	
43006047	
43006048	
43006049	
43006050	
43006051	
43006052	
43006053	
43006054	
43006055	
43006056	
43006057	
43006058	
43006059	
43006060	
43006061	
43006062	
43006063	
43006064	
43006065	
43006066	
43006067	
43006068	
43006069	
43006070	
43006071	
43007001	
43007002	
43007003	
43007004	
43007005	
43007006	
43007007	
43007008	
43007009	
43007010	
43007011	
43007012	
43007013	
43007014	
43007015	
43007016	
43007017	
43007018	
43007019	
43007020	
43007021	
43007022	
43007023	
43007024	
43007025	
43007026	
43007027	
43007028	
43007029	
43007030	
43007031	
43007032	
43007033	
43007034	
43007035	
43007036	
43007037	
43007038	
43007039	
43007040	
43007041	
43007042	
43007043	
43007044	
43007045	
43007046	
43007047	
43007048	
43007049	
43007050	
43007051	
43007052	
43008001	
43008002	
43008003	
43008004	
43008005	
43008006	
43008007	
43008008	
43008009	
43008010	
43008011	
43008012	
43008013	
43008014	
43008015	
43008016	
43008017	
43008018	
43008019	
43008020	
43008021	
43008022	
43008023	
43008024	
43008025	
43008026	
43008027	
43008028	
43008029	
43008030	
43008031	
43008032	
43008033	
43008034	
43008035	
43008036	
43008037	
43008038	
43008039	
43008040	
43008041	
43008042	
43008043	
43008044	
43008045	
43008046	
43008047	
43008048	
43008049	
43008050	
43008051	
43008052	
43008053	
43008054	
43008055	
43008056	
43008057	
43008058	
43008059	
43009001	
43009002	
43009003	
43009004	
43009005	
43009006	
43009007	
43009008	
43009009	
43009010	
43009011	
43009012	
43009013	
43009014	
43009015	
43009016	
43009017	
43009018	
43009019	
43009020	
43009021	
43009022	
43009023	
43009024	
43009025	
43009026	
43009027	
43009028	
43009029	
43009030	
43009031	
43009032	
43009033	
43009034	
43009035	
43009036	
43009037	
43009038	
43009039	
43009040	
43009041	
43010001	
43010002	
43010003	
43010004	
43010005	
43010006	
43010007	
43010008	
43010009	
43010010	
43010011	
43010012	
43010013	
43010014	
43010015	
43010016	
43010017	
43010018	
43010019	
43010020	
43010021	
43010022	
43010023	
43010024	
43010025	
43010026	
43010027	
43010028	
43010029	
43010030	
43010031	
43010032	
43010033	
43010034	
43010035	
43010036	
43010037	
43010038	
43010039	
43010040	
43010041	
43010042	
43011001	
43011002	
43011003	
43011004	
43011005	
43011006	
43011007	
43011008	
43011009	
43011010	
43011011	
43011012	
43011013	
43011014	
43011015	
43011016	
43011017	
43011018	
43011019	
43011020	
43011021	
43011022	
43011023	
43011024	
43011025	
43011026	
43011027	
43011028	
43011029	
43011030	
43011031	
43011032	
43011033	
43011034	
43011035	
43011036	
43011037	
43011038	
43011039	
43011040	
43011041	
43011042	
43011043	
43011044	
43011045	
43011046	
43011047	
43011048	
43011049	
43011050	
43011051	
43011052	
43011053	
43011054	
43011055	
43011056	
43011057	
43012001	
43012002	
43012003	
43012004	
43012005	
43012006	
43012007	
43012008	
43012009	
43012010	
43012011	
43012012	
43012013	
43012014	
43012015	
43012016	
43012017	
43012018	
43012019	
43012020	
43012021	
43012022	
43012023	
43012024	
43012025	
43012026	
43012027	
43012028	
43012029	
43012030	
43012031	
43012032	
43012033	
43012034	
43012035	
43012036	
43012037	
43012038	
43012039	
43012040	
43012041	
43012042	
43012043	
43012044	
43012045	
43012046	
43012047	
43012048	
43012049	
43012050	
43013001	
43013002	
43013003	
43013004	
43013005	
43013006	
43013007	
43013008	
43013009	
43013010	
43013011	
43013012	
43013013	
43013014	
43013015	
43013016	
43013017	
43013018	
43013019	
43013020	
43013021	
43013022	
43013023	
43013024	
43013025	
43013026	
43013027	
43013028	
43013029	
43013030	
43013031	
43013032	
43013033	
43013034	
43013035	
43013036	
43013037	
43013038	
43014001	
43014002	
43014003	
43014004	
43014005	
43014006	
43014007	
43014008	
43014009	
43014010	
43014011	
43014012	
43014013	
43014014	
43014015	
43014016	
43014017	
43014018	
43014019	
43014020	
43014021	
43014022	
43014023	
43014024	
43014025	
43014026	
43014027	
43014028	
43014029	
43014030	
43014031	
43015001	
43015002	
43015003	
43015004	
43015005	
43015006	
43015007	
43015008	
43015009	
43015010	
43015011	
43015012	
43015013	
43015014	
43015015	
43015016	
43015017	
43015018	
43015019	
43015020	
43015021	
43015022	
43015023	
43015024	
43015025	
43015026	
43015027	
43016001	
43016002	
43016003	
43016004	
43016005	
43016006	
43016007	
43016008	
43016009	
43016010	
43016011	
43016012	
43016013	
43016014	
43016015	
43016016	
43016017	
43016018	
43016019	
43016020	
43016021	
43016022	
43016023	
43016024	
43016025	
43016026	
43016027	
43016028	
43016029	
43016030	
43016031	
43016032	
43016033	
43017001	
43017002	
43017003	
43017004	
43017005	
43017006	
43017007	
43017008	
43017009	
43017010	
43017011	
43017012	
43017013	
43017014	
43017015	
43017016	
43017017	
43017018	
43017019	
43017020	
43017021	
43017022	
43017023	
43017024	
43017025	
43017026	
43018001	
43018002	
43018003	
43018004	
43018005	
43018006	
43018007	
43018008	
43018009	
43018010	
43018011	
43018012	
43018013	
43018014	
43018015	
43018016	
43018017	
43018018	
43018019	
43018020	
43018021	
43018022	
43018023	
43018024	
43018025	
43018026	
43018027	
43018028	
43018029	
43018030	
43018031	
43018032	
43018033	
43018034	
43018035	
43018036	
43018037	
43018038	
43018039	
43018040	
43019001	
43019002	
43019003	
43019004	
43019005	
43019006	
43019007	
43019008	
43019009	
43019010	
43019011	
43019012	
43019013	
43019014	
43019015	
43019016	
43019017	
43019018	
43019019	
43019020	
43019021	
43019022	
43019023	
43019024	
43019025	
43019026	
43019027	
43019028	
43019029	
43019030	
43019031	
43019032	
43019033	
43019034	
43019035	
43019036	
43019037	
43019038	
43019039	
43019040	
43019041	
43019042	
43020001	
43020002	
43020003	
43020004	
43020005	
43020006	
43020007	
43020008	
43020009	
43020010	
43020011	
43020012	
43020013	
43020014	
43020015	
43020016	
43020017	
43020018	
43020019	
43020020	
43020021	
43020022	
43020023	
43020024	
43020025	
43020026	
43020027	
43020028	
43020029	
43020030	
43020031	
43021001	
43021002	
43021003	
43021004	
43021005	
43021006	
43021007	
43021008	
43021009	
43021010	
43021011	
43021012	
43021013	
43021014	
43021015	
43021016	
43021017	
43021018	
43021019	
43021020	
43021021	
43021022	
43021023	
43021024	
43021025	
