19001001	
19001002	
19001003	
19001004	
19001005	
19001006	
19002001	
19002002	
19002003	
19002004	
19002005	
19002006	
19002007	
19002008	
19002009	
19002010	
19002011	
19002012	
19003001	
19003002	
19003003	
19003004	
19003005	
19003006	
19003007	
19003008	
19003009	
19004001	
19004002	
19004003	
19004004	
19004005	
19004006	
19004007	
19004008	
19004009	
19005001	
19005002	
19005003	
19005004	
19005005	
19005006	
19005007	
19005008	
19005009	
19005010	
19005011	
19005012	
19005013	
19005014	
19006001	
19006002	
19006003	
19006004	
19006005	
19006006	
19006007	
19006008	
19006009	
19006010	
19006011	
19007001	
19007002	
19007003	
19007004	
19007005	
19007006	
19007007	
19007008	
19007009	
19007010	
19007011	
19007012	
19007013	
19007014	
19007015	
19007016	
19007017	
19007018	
19008001	
19008002	
19008003	
19008004	
19008005	
19008006	
19008007	
19008008	
19008009	
19008010	
19009001	
19009002	
19009003	
19009004	
19009005	
19009006	
19009007	
19009008	
19009009	
19009010	
19009011	
19009012	
19009013	
19009014	
19009015	
19009016	
19009017	
19009018	
19009019	
19009020	
19009021	
19010001	
19010002	
19010003	
19010004	
19010005	
19010006	
19010007	
19010008	
19010009	
19010010	
19010011	
19010012	
19010013	
19010014	
19010015	
19010016	
19010017	
19010018	
19011001	
19011002	
19011003	
19011004	
19011005	
19011006	
19011007	
19012001	
19012002	
19012003	
19012004	
19012005	
19012006	
19012007	
19012008	
19012009	
19013001	
19013002	
19013003	
19013004	
19013005	
19013006	
19013007	
19014001	
19014002	
19014003	
19014004	
19014005	
19014006	
19014007	
19015001	
19015002	
19015003	
19015004	
19015005	
19015006	
19016001	
19016002	
19016003	
19016004	
19016005	
19016006	
19016007	
19016008	
19016009	
19016010	
19016011	
19017001	
19017002	
19017003	
19017004	
19017005	
19017006	
19017007	
19017008	
19017009	
19017010	
19017011	
19017012	
19017013	
19017014	
19017015	
19017016	
19018001	
19018002	
19018003	
19018004	
19018005	
19018006	
19018007	
19018008	
19018009	
19018010	
19018011	
19018012	
19018013	
19018014	
19018015	
19018016	
19018017	
19018018	
19018019	
19018020	
19018021	
19018022	
19018023	
19018024	
19018025	
19018026	
19018027	
19018028	
19018029	
19018030	
19018031	
19018032	
19018033	
19018034	
19018035	
19018036	
19018037	
19018038	
19018039	
19018040	
19018041	
19018042	
19018043	
19018044	
19018045	
19018046	
19018047	
19018048	
19018049	
19018050	
19018051	
19019001	
19019002	
19019003	
19019004	
19019005	
19019006	
19019007	
19019008	
19019009	
19019010	
19019011	
19019012	
19019013	
19019014	
19019015	
19020001	
19020002	
19020003	
19020004	
19020005	
19020006	
19020007	
19020008	
19020009	
19020010	
19021001	
19021002	
19021003	
19021004	
19021005	
19021006	
19021007	
19021008	
19021009	
19021010	
19021011	
19021012	
19021013	
19021014	
19022001	
19022002	
19022003	
19022004	
19022005	
19022006	
19022007	
19022008	
19022009	
19022010	
19022011	
19022012	
19022013	
19022014	
19022015	
19022016	
19022017	
19022018	
19022019	
19022020	
19022021	
19022022	
19022023	
19022024	
19022025	
19022026	
19022027	
19022028	
19022029	
19022030	
19022031	
19022032	
19023001	
19023002	
19023003	
19023004	
19023005	
19023006	
19024001	
19024002	
19024003	
19024004	
19024005	
19024006	
19024007	
19024008	
19024009	
19024010	
19025001	
19025002	
19025003	
19025004	
19025005	
19025006	
19025007	
19025008	
19025009	
19025010	
19025011	
19025012	
19025013	
19025014	
19025015	
19025016	
19025017	
19025018	
19025019	
19025020	
19025021	
19025022	
19026001	
19026002	
19026003	
19026004	
19026005	
19026006	
19026007	
19026008	
19026009	
19026010	
19026011	
19026012	
19027001	
19027002	
19027003	
19027004	
19027005	
19027006	
19027007	
19027008	
19027009	
19027010	
19027011	
19027012	
19027013	
19027014	
19028001	
19028002	
19028003	
19028004	
19028005	
19028006	
19028007	
19028008	
19028009	
19029001	
19029002	
19029003	
19029004	
19029005	
19029006	
19029007	
19029008	
19029009	
19029010	
19029011	
19030001	
19030002	
19030003	
19030004	
19030005	
19030006	
19030007	
19030008	
19030009	
19030010	
19030011	
19030012	
19030013	
19031001	
19031002	
19031003	
19031004	
19031005	
19031006	
19031007	
19031008	
19031009	
19031010	
19031011	
19031012	
19031013	
19031014	
19031015	
19031016	
19031017	
19031018	
19031019	
19031020	
19031021	
19031022	
19031023	
19031024	
19031025	
19032001	
19032002	
19032003	
19032004	
19032005	
19032006	
19032007	
19032008	
19032009	
19032010	
19032011	
19033001	
19033002	
19033003	
19033004	
19033005	
19033006	
19033007	
19033008	
19033009	
19033010	
19033011	
19033012	
19033013	
19033014	
19033015	
19033016	
19033017	
19033018	
19033019	
19033020	
19033021	
19033022	
19034001	
19034002	
19034003	
19034004	
19034005	
19034006	
19034007	
19034008	
19034009	
19034010	
19034011	
19034012	
19034013	
19034014	
19034015	
19034016	
19034017	
19034018	
19034019	
19034020	
19034021	
19034022	
19034023	
19035001	
19035002	
19035003	
19035004	
19035005	
19035006	
19035007	
19035008	
19035009	
19035010	
19035011	
19035012	
19035013	
19035014	
19035015	
19035016	
19035017	
19035018	
19035019	
19035020	
19035021	
19035022	
19035023	
19035024	
19035025	
19035026	
19035027	
19035028	
19036001	
19036002	
19036003	
19036004	
19036005	
19036006	
19036007	
19036008	
19036009	
19036010	
19036011	
19036012	
19036013	
19037001	
19037002	
19037003	
19037004	
19037005	
19037006	
19037007	
19037008	
19037009	
19037010	
19037011	
19037012	
19037013	
19037014	
19037015	
19037016	
19037017	
19037018	
19037019	
19037020	
19037021	
19037022	
19037023	
19037024	
19037025	
19037026	
19037027	
19037028	
19037029	
19037030	
19037031	
19037032	
19037033	
19037034	
19037035	
19037036	
19037037	
19037038	
19037039	
19037040	
19038001	
19038002	
19038003	
19038004	
19038005	
19038006	
19038007	
19038008	
19038009	
19038010	
19038011	
19038012	
19038013	
19038014	
19038015	
19038016	
19038017	
19038018	
19038019	
19038020	
19038021	
19038022	
19038023	
19039001	
19039002	
19039003	
19039004	
19039005	
19039006	
19039007	
19039008	
19039009	
19039010	
19039011	
19039012	
19039013	
19039014	
19039015	
19040001	
19040002	
19040003	
19040004	
19040005	
19040006	
19040007	
19040008	
19040009	
19040010	
19040011	
19040012	
19040013	
19040014	
19040015	
19040016	
19040017	
19040018	
19041001	
19041002	
19041003	
19041004	
19041005	
19041006	
19041007	
19041008	
19041009	
19041010	
19041011	
19041012	
19041013	
19041014	
19042001	
19042002	
19042003	
19042004	
19042005	
19042006	
19042007	
19042008	
19042009	
19042010	
19042011	
19042012	
19042013	
19043001	
19043002	
19043003	
19043004	
19043005	
19043006	
19044001	
19044002	
19044003	
19044004	
19044005	
19044006	
19044007	
19044008	
19044009	
19044010	
19044011	
19044012	
19044013	
19044014	
19044015	
19044016	
19044017	
19044018	
19044019	
19044020	
19044021	
19044022	
19044023	
19044024	
19044025	
19044026	
19044027	
19045001	
19045002	
19045003	
19045004	
19045005	
19045006	
19045007	
19045008	
19045009	
19045010	
19045011	
19045012	
19045013	
19045014	
19045015	
19045016	
19045017	
19045018	
19046001	
19046002	
19046003	
19046004	
19046005	
19046006	
19046007	
19046008	
19046009	
19046010	
19046011	
19046012	
19047001	
19047002	
19047003	
19047004	
19047005	
19047006	
19047007	
19047008	
19047009	
19047010	
19048001	
19048002	
19048003	
19048004	
19048005	
19048006	
19048007	
19048008	
19048009	
19048010	
19048011	
19048012	
19048013	
19048014	
19048015	
19049001	
19049002	
19049003	
19049004	
19049005	
19049006	
19049007	
19049008	
19049009	
19049010	
19049011	
19049012	
19049013	
19049014	
19049015	
19049016	
19049017	
19049018	
19049019	
19049020	
19049021	
19050001	
19050002	
19050003	
19050004	
19050005	
19050006	
19050007	
19050008	
19050009	
19050010	
19050011	
19050012	
19050013	
19050014	
19050015	
19050016	
19050017	
19050018	
19050019	
19050020	
19050021	
19050022	
19050023	
19051001	
19051002	
19051003	
19051004	
19051005	
19051006	
19051007	
19051008	
19051009	
19051010	
19051011	
19051012	
19051013	
19051014	
19051015	
19051016	
19051017	
19051018	
19051019	
19051020	
19051021	
19052001	
19052002	
19052003	
19052004	
19052005	
19052006	
19052007	
19052008	
19052009	
19052010	
19052011	
19053001	
19053002	
19053003	
19053004	
19053005	
19053006	
19053007	
19054001	
19054002	
19054003	
19054004	
19054005	
19054006	
19054007	
19054008	
19054009	
19055001	
19055002	
19055003	
19055004	
19055005	
19055006	
19055007	
19055008	
19055009	
19055010	
19055011	
19055012	
19055013	
19055014	
19055015	
19055016	
19055017	
19055018	
19055019	
19055020	
19055021	
19055022	
19055023	
19055024	
19056001	
19056002	
19056003	
19056004	
19056005	
19056006	
19056007	
19056008	
19056009	
19056010	
19056011	
19056012	
19056013	
19056014	
19057001	
19057002	
19057003	
19057004	
19057005	
19057006	
19057007	
19057008	
19057009	
19057010	
19057011	
19057012	
19058001	
19058002	
19058003	
19058004	
19058005	
19058006	
19058007	
19058008	
19058009	
19058010	
19058011	
19058012	
19059001	
19059002	
19059003	
19059004	
19059005	
19059006	
19059007	
19059008	
19059009	
19059010	
19059011	
19059012	
19059013	
19059014	
19059015	
19059016	
19059017	
19059018	
19060001	
19060002	
19060003	
19060004	
19060005	
19060006	
19060007	
19060008	
19060009	
19060010	
19060011	
19060012	
19060013	
19060014	
19061001	
19061002	
19061003	
19061004	
19061005	
19061006	
19061007	
19061008	
19061009	
19062001	
19062002	
19062003	
19062004	
19062005	
19062006	
19062007	
19062008	
19062009	
19062010	
19062011	
19062012	
19062013	
19063001	
19063002	
19063003	
19063004	
19063005	
19063006	
19063007	
19063008	
19063009	
19063010	
19063011	
19063012	
19064001	
19064002	
19064003	
19064004	
19064005	
19064006	
19064007	
19064008	
19064009	
19064010	
19064011	
19065001	
19065002	
19065003	
19065004	
19065005	
19065006	
19065007	
19065008	
19065009	
19065010	
19065011	
19065012	
19065013	
19065014	
19066001	
19066002	
19066003	
19066004	
19066005	
19066006	
19066007	
19066008	
19066009	
19066010	
19066011	
19066012	
19066013	
19066014	
19066015	
19066016	
19066017	
19066018	
19066019	
19066020	
19067001	
19067002	
19067003	
19067004	
19067005	
19067006	
19067007	
19067008	
19068001	
19068002	
19068003	
19068004	
19068005	
19068006	
19068007	
19068008	
19068009	
19068010	
19068011	
19068012	
19068013	
19068014	
19068015	
19068016	
19068017	
19068018	
19068019	
19068020	
19068021	
19068022	
19068023	
19068024	
19068025	
19068026	
19068027	
19068028	
19068029	
19068030	
19068031	
19068032	
19068033	
19068034	
19068035	
19068036	
19069001	
19069002	
19069003	
19069004	
19069005	
19069006	
19069007	
19069008	
19069009	
19069010	
19069011	
19069012	
19069013	
19069014	
19069015	
19069016	
19069017	
19069018	
19069019	
19069020	
19069021	
19069022	
19069023	
19069024	
19069025	
19069026	
19069027	
19069028	
19069029	
19069030	
19069031	
19069032	
19069033	
19069034	
19069035	
19069036	
19069037	
19070001	
19070002	
19070003	
19070004	
19070005	
19070006	
19071001	
19071002	
19071003	
19071004	
19071005	
19071006	
19071007	
19071008	
19071009	
19071010	
19071011	
19071012	
19071013	
19071014	
19071015	
19071016	
19071017	
19071018	
19071019	
19071020	
19071021	
19071022	
19071023	
19071024	
19072001	
19072002	
19072003	
19072004	
19072005	
19072006	
19072007	
19072008	
19072009	
19072010	
19072011	
19072012	
19072013	
19072014	
19072015	
19072016	
19072017	
19072018	
19072019	
19073001	
19073002	
19073003	
19073004	
19073005	
19073006	
19073007	
19073008	
19073009	
19073010	
19073011	
19073012	
19073013	
19073014	
19073015	
19073016	
19073017	
19073018	
19073019	
19073020	
19073021	
19073022	
19073023	
19073024	
19073025	
19073026	
19073027	
19074001	
19074002	
19074003	
19074004	
19074005	
19074006	
19074007	
19074008	
19074009	
19074010	
19074011	
19074012	
19074013	
19074014	
19074015	
19074016	
19074017	
19074018	
19074019	
19074020	
19074021	
19074022	
19074023	
19075001	
19075002	
19075003	
19075004	
19075005	
19075006	
19075007	
19075008	
19075009	
19075010	
19075011	
19076001	
19076002	
19076003	
19076004	
19076005	
19076006	
19076007	
19076008	
19076009	
19076010	
19076011	
19076012	
19076013	
19077001	
19077002	
19077003	
19077004	
19077005	
19077006	
19077007	
19077008	
19077009	
19077010	
19077011	
19077012	
19077013	
19077014	
19077015	
19077016	
19077017	
19077018	
19077019	
19077020	
19077021	
19078001	
19078002	
19078003	
19078004	
19078005	
19078006	
19078007	
19078008	
19078009	
19078010	
19078011	
19078012	
19078013	
19078014	
19078015	
19078016	
19078017	
19078018	
19078019	
19078020	
19078021	
19078022	
19078023	
19078024	
19078025	
19078026	
19078027	
19078028	
19078029	
19078030	
19078031	
19078032	
19078033	
19078034	
19078035	
19078036	
19078037	
19078038	
19078039	
19078040	
19078041	
19078042	
19078043	
19078044	
19078045	
19078046	
19078047	
19078048	
19078049	
19078050	
19078051	
19078052	
19078053	
19078054	
19078055	
19078056	
19078057	
19078058	
19078059	
19078060	
19078061	
19078062	
19078063	
19078064	
19078065	
19078066	
19078067	
19078068	
19078069	
19078070	
19078071	
19078072	
19079001	
19079002	
19079003	
19079004	
19079005	
19079006	
19079007	
19079008	
19079009	
19079010	
19079011	
19079012	
19079013	
19080001	
19080002	
19080003	
19080004	
19080005	
19080006	
19080007	
19080008	
19080009	
19080010	
19080011	
19080012	
19080013	
19080014	
19080015	
19080016	
19080017	
19080018	
19080019	
19080020	
19081001	
19081002	
19081003	
19081004	
19081005	
19081006	
19081007	
19081008	
19081009	
19081010	
19081011	
19081012	
19081013	
19081014	
19081015	
19081016	
19081017	
19082001	
19082002	
19082003	
19082004	
19082005	
19082006	
19082007	
19082008	
19083001	
19083002	
19083003	
19083004	
19083005	
19083006	
19083007	
19083008	
19083009	
19083010	
19083011	
19083012	
19083013	
19083014	
19083015	
19083016	
19083017	
19083018	
19083019	
19084001	
19084002	
19084003	
19084004	
19084005	
19084006	
19084007	
19084008	
19084009	
19084010	
19084011	
19084012	
19084013	
19085001	
19085002	
19085003	
19085004	
19085005	
19085006	
19085007	
19085008	
19085009	
19085010	
19085011	
19085012	
19085013	
19085014	
19086001	
19086002	
19086003	
19086004	
19086005	
19086006	
19086007	
19086008	
19086009	
19086010	
19086011	
19086012	
19086013	
19086014	
19086015	
19086016	
19086017	
19087001	
19087002	
19087003	
19087004	
19087005	
19087006	
19087007	
19088001	
19088002	
19088003	
19088004	
19088005	
19088006	
19088007	
19088008	
19088009	
19088010	
19088011	
19088012	
19088013	
19088014	
19088015	
19088016	
19088017	
19088018	
19088019	
19089001	
19089002	
19089003	
19089004	
19089005	
19089006	
19089007	
19089008	
19089009	
19089010	
19089011	
19089012	
19089013	
19089014	
19089015	
19089016	
19089017	
19089018	
19089019	
19089020	
19089021	
19089022	
19089023	
19089024	
19089025	
19089026	
19089027	
19089028	
19089029	
19089030	
19089031	
19089032	
19089033	
19089034	
19089035	
19089036	
19089037	
19089038	
19089039	
19089040	
19089041	
19089042	
19089043	
19089044	
19089045	
19089046	
19089047	
19089048	
19089049	
19089050	
19089051	
19089052	
19089053	
19090001	
19090002	
19090003	
19090004	
19090005	
19090006	
19090007	
19090008	
19090009	
19090010	
19090011	
19090012	
19090013	
19090014	
19090015	
19090016	
19090017	
19091001	
19091002	
19091003	
19091004	
19091005	
19091006	
19091007	
19091008	
19091009	
19091010	
19091011	
19091012	
19091013	
19091014	
19091015	
19091016	
19092001	
19092002	
19092003	
19092004	
19092005	
19092006	
19092007	
19092008	
19092009	
19092010	
19092011	
19092012	
19092013	
19092014	
19092015	
19092016	
19093001	
19093002	
19093003	
19093004	
19093005	
19094001	
19094002	
19094003	
19094004	
19094005	
19094006	
19094007	
19094008	
19094009	
19094010	
19094011	
19094012	
19094013	
19094014	
19094015	
19094016	
19094017	
19094018	
19094019	
19094020	
19094021	
19094022	
19094023	
19095001	
19095002	
19095003	
19095004	
19095005	
19095006	
19095007	
19095008	
19095009	
19095010	
19095011	
19096001	
19096002	
19096003	
19096004	
19096005	
19096006	
19096007	
19096008	
19096009	
19096010	
19096011	
19096012	
19096013	
19097001	
19097002	
19097003	
19097004	
19097005	
19097006	
19097007	
19097008	
19097009	
19097010	
19097011	
19097012	
19098001	
19098002	
19098003	
19098004	
19098005	
19098006	
19098007	
19098008	
19098009	
19098010	
19099001	
19099002	
19099003	
19099004	
19099005	
19099006	
19099007	
19099008	
19099009	
19100001	
19100002	
19100003	
19100004	
19101001	
19101002	
19101003	
19101004	
19101005	
19101006	
19101007	
19101008	
19102001	
19102002	
19102003	
19102004	
19102005	
19102006	
19102007	
19102008	
19102009	
19102010	
19102011	
19102012	
19102013	
19102014	
19102015	
19102016	
19102017	
19102018	
19102019	
19102020	
19102021	
19102022	
19102023	
19102024	
19102025	
19102026	
19102027	
19102028	
19102029	
19103001	
19103002	
19103003	
19103004	
19103005	
19103006	
19103007	
19103008	
19103009	
19103010	
19103011	
19103012	
19103013	
19103014	
19103015	
19103016	
19103017	
19103018	
19103019	
19103020	
19103021	
19103022	
19104001	
19104002	
19104003	
19104004	
19104005	
19104006	
19104007	
19104008	
19104009	
19104010	
19104011	
19104012	
19104013	
19104014	
19104015	
19104016	
19104017	
19104018	
19104019	
19104020	
19104021	
19104022	
19104023	
19104024	
19104025	
19104026	
19104027	
19104028	
19104029	
19104030	
19104031	
19104032	
19104033	
19104034	
19104035	
19105001	
19105002	
19105003	
19105004	
19105005	
19105006	
19105007	
19105008	
19105009	
19105010	
19105011	
19105012	
19105013	
19105014	
19105015	
19105016	
19105017	
19105018	
19105019	
19105020	
19105021	
19105022	
19105023	
19105024	
19105025	
19105026	
19105027	
19105028	
19105029	
19105030	
19105031	
19105032	
19105033	
19105034	
19105035	
19105036	
19105037	
19105038	
19105039	
19105040	
19105041	
19105042	
19105043	
19105044	
19105045	
19106001	
19106002	
19106003	
19106004	
19106005	
19106006	
19106007	
19106008	
19106009	
19106010	
19106011	
19106012	
19106013	
19106014	
19106015	
19106016	
19106017	
19106018	
19106019	
19106020	
19106021	
19106022	
19106023	
19106024	
19106025	
19106026	
19106027	
19106028	
19106029	
19106030	
19106031	
19106032	
19106033	
19106034	
19106035	
19106036	
19106037	
19106038	
19106039	
19106040	
19106041	
19106042	
19106043	
19106044	
19106045	
19106046	
19106047	
19106048	
19107001	
19107002	
19107003	
19107004	
19107005	
19107006	
19107007	
19107008	
19107009	
19107010	
19107011	
19107012	
19107013	
19107014	
19107015	
19107016	
19107017	
19107018	
19107019	
19107020	
19107021	
19107022	
19107023	
19107024	
19107025	
19107026	
19107027	
19107028	
19107029	
19107030	
19107031	
19107032	
19107033	
19107034	
19107035	
19107036	
19107037	
19107038	
19107039	
19107040	
19107041	
19107042	
19107043	
19108001	
19108002	
19108003	
19108004	
19108005	
19108006	
19108007	
19108008	
19108009	
19108010	
19108011	
19108012	
19108013	
19108014	
19109001	
19109002	
19109003	
19109004	
19109005	
19109006	
19109007	
19109008	
19109009	
19109010	
19109011	
19109012	
19109013	
19109014	
19109015	
19109016	
19109017	
19109018	
19109019	
19109020	
19109021	
19109022	
19109023	
19109024	
19109025	
19109026	
19109027	
19109028	
19109029	
19109030	
19109031	
19110001	
19110002	
19110003	
19110004	
19110005	
19110006	
19110007	
19111001	
19111002	
19111003	
19111004	
19111005	
19111006	
19111007	
19111008	
19111009	
19111010	
19112001	
19112002	
19112003	
19112004	
19112005	
19112006	
19112007	
19112008	
19112009	
19112010	
19113001	
19113002	
19113003	
19113004	
19113005	
19113006	
19113007	
19113008	
19113009	
19114001	
19114002	
19114003	
19114004	
19114005	
19114006	
19114007	
19114008	
19115001	
19115002	
19115003	
19115004	
19115005	
19115006	
19115007	
19115008	
19115009	
19115010	
19115011	
19115012	
19115013	
19115014	
19115015	
19115016	
19115017	
19115018	
19116001	
19116002	
19116003	
19116004	
19116005	
19116006	
19116007	
19116008	
19116009	
19116010	
19116011	
19116012	
19116013	
19116014	
19116015	
19116016	
19117001	
19117002	
19118001	
19118002	
19118003	
19118004	
19118005	
19118006	
19118007	
19118008	
19118009	
19118010	
19118011	
19118012	
19118013	
19118014	
19118015	
19118016	
19118017	
19118018	
19118019	
19118020	
19118021	
19118022	
19118023	
19118024	
19118025	
19118026	
19118027	
19118028	
19118029	
19119001	
19119002	
19119003	
19119004	
19119005	
19119006	
19119007	
19119008	
19119009	
19119010	
19119011	
19119012	
19119013	
19119014	
19119015	
19119016	
19119017	
19119018	
19119019	
19119020	
19119021	
19119022	
19119023	
19119024	
19119025	
19119026	
19119027	
19119028	
19119029	
19119030	
19119031	
19119032	
19119033	
19119034	
19119035	
19119036	
19119037	
19119038	
19119039	
19119040	
19119041	
19119042	
19119043	
19119044	
19119045	
19119046	
19119047	
19119048	
19119049	
19119050	
19119051	
19119052	
19119053	
19119054	
19119055	
19119056	
19119057	
19119058	
19119059	
19119060	
19119061	
19119062	
19119063	
19119064	
19119065	
19119066	
19119067	
19119068	
19119069	
19119070	
19119071	
19119072	
19119073	
19119074	
19119075	
19119076	
19119077	
19119078	
19119079	
19119080	
19119081	
19119082	
19119083	
19119084	
19119085	
19119086	
19119087	
19119088	
19119089	
19119090	
19119091	
19119092	
19119093	
19119094	
19119095	
19119096	
19119097	
19119098	
19119099	
19119100	
19119101	
19119102	
19119103	
19119104	
19119105	
19119106	
19119107	
19119108	
19119109	
19119110	
19119111	
19119112	
19119113	
19119114	
19119115	
19119116	
19119117	
19119118	
19119119	
19119120	
19119121	
19119122	
19119123	
19119124	
19119125	
19119126	
19119127	
19119128	
19119129	
19119130	
19119131	
19119132	
19119133	
19119134	
19119135	
19119136	
19119137	
19119138	
19119139	
19119140	
19119141	
19119142	
19119143	
19119144	
19119145	
19119146	
19119147	
19119148	
19119149	
19119150	
19119151	
19119152	
19119153	
19119154	
19119155	
19119156	
19119157	
19119158	
19119159	
19119160	
19119161	
19119162	
19119163	
19119164	
19119165	
19119166	
19119167	
19119168	
19119169	
19119170	
19119171	
19119172	
19119173	
19119174	
19119175	
19119176	
19120001	
19120002	
19120003	
19120004	
19120005	
19120006	
19120007	
19121001	
19121002	
19121003	
19121004	
19121005	
19121006	
19121007	
19121008	
19122001	
19122002	
19122003	
19122004	
19122005	
19122006	
19122007	
19122008	
19122009	
19123001	
19123002	
19123003	
19123004	
19124001	
19124002	
19124003	
19124004	
19124005	
19124006	
19124007	
19124008	
19125001	
19125002	
19125003	
19125004	
19125005	
19126001	
19126002	
19126003	
19126004	
19126005	
19126006	
19127001	
19127002	
19127003	
19127004	
19127005	
19127006	
19128001	
19128002	
19128003	
19128004	
19128005	
19128006	
19128007	
19129001	
19129002	
19129003	
19129004	
19129005	
19129006	
19129007	
19129008	
19130001	
19130002	
19130003	
19130004	
19130005	
19130006	
19130007	
19130008	
19131001	
19131002	
19131003	
19132001	
19132002	
19132003	
19132004	
19132005	
19132006	
19132007	
19132008	
19132009	
19132010	
19132011	
19132012	
19132013	
19132014	
19132015	
19132016	
19132017	
19132018	
19133001	
19133002	
19133003	
19134001	
19134002	
19134003	
19135001	
19135002	
19135003	
19135004	
19135005	
19135006	
19135007	
19135008	
19135009	
19135010	
19135011	
19135012	
19135013	
19135014	
19135015	
19135016	
19135017	
19135018	
19135019	
19135020	
19135021	
19136001	
19136002	
19136003	
19136004	
19136005	
19136006	
19136007	
19136008	
19136009	
19136010	
19136011	
19136012	
19136013	
19136014	
19136015	
19136016	
19136017	
19136018	
19136019	
19136020	
19136021	
19136022	
19136023	
19136024	
19136025	
19136026	
19137001	
19137002	
19137003	
19137004	
19137005	
19137006	
19137007	
19137008	
19137009	
19138001	
19138002	
19138003	
19138004	
19138005	
19138006	
19138007	
19138008	
19139001	
19139002	
19139003	
19139004	
19139005	
19139006	
19139007	
19139008	
19139009	
19139010	
19139011	
19139012	
19139013	
19139014	
19139015	
19139016	
19139017	
19139018	
19139019	
19139020	
19139021	
19139022	
19139023	
19139024	
19140001	
19140002	
19140003	
19140004	
19140005	
19140006	
19140007	
19140008	
19140009	
19140010	
19140011	
19140012	
19140013	
19140014	
19141001	
19141002	
19141003	
19141004	
19141005	
19141006	
19141007	
19141008	
19141009	
19141010	
19142001	
19142002	
19142003	
19142004	
19142005	
19142006	
19142007	
19142008	
19143001	
19143002	
19143003	
19143004	
19143005	
19143006	
19143007	
19143008	
19143009	
19143010	
19143011	
19143012	
19144001	
19144002	
19144003	
19144004	
19144005	
19144006	
19144007	
19144008	
19144009	
19144010	
19144011	
19144012	
19144013	
19144014	
19144015	
19145001	
19145002	
19145003	
19145004	
19145005	
19145006	
19145007	
19145008	
19145009	
19145010	
19145011	
19145012	
19145013	
19145014	
19145015	
19145016	
19145017	
19145018	
19145019	
19145020	
19145021	
19146001	
19146002	
19146003	
19146004	
19146005	
19146006	
19146007	
19146008	
19146009	
19146010	
19147001	
19147002	
19147003	
19147004	
19147005	
19147006	
19147007	
19147008	
19147009	
19147010	
19147011	
19147012	
19147013	
19147014	
19147015	
19147016	
19147017	
19147018	
19147019	
19147020	
19148001	
19148002	
19148003	
19148004	
19148005	
19148006	
19148007	
19148008	
19148009	
19148010	
19148011	
19148012	
19148013	
19148014	
19149001	
19149002	
19149003	
19149004	
19149005	
19149006	
19149007	
19149008	
19149009	
19150001	
19150002	
19150003	
19150004	
19150005	
19150006	
