08001001	
08001002	
08001003	
08001004	
08001005	
08001006	
08001007	
08001008	
08001009	
08001010	
08001011	
08001012	
08001013	
08001014	
08001015	
08001016	
08001017	
08001018	
08001019	
08001020	
08001021	
08001022	
08002001	
08002002	
08002003	
08002004	
08002005	
08002006	
08002007	
08002008	
08002009	
08002010	
08002011	
08002012	
08002013	
08002014	
08002015	
08002016	
08002017	
08002018	
08002019	
08002020	
08002021	
08002022	
08002023	
08003001	
08003002	
08003003	
08003004	
08003005	
08003006	
08003007	
08003008	
08003009	
08003010	
08003011	
08003012	
08003013	
08003014	
08003015	
08003016	
08003017	
08003018	
08004001	
08004002	
08004003	
08004004	
08004005	
08004006	
08004007	
08004008	
08004009	
08004010	
08004011	
08004012	
08004013	
08004014	
08004015	
08004016	
08004017	
08004018	
08004019	
08004020	
08004021	
08004022	
32001001	
32001002	
32001003	
32001004	
32001005	
32001006	
32001007	
32001008	
32001009	
32001010	
32001011	
32001012	
32001013	
32001014	
32001015	
32001016	
32002001	
32002002	
32002003	
32002004	
32002005	
32002006	
32002007	
32002008	
32002009	
32002010	
32002011	
32003001	
32003002	
32003003	
32003004	
32003005	
32003006	
32003007	
32003008	
32003009	
32003010	
32004001	
32004002	
32004003	
32004004	
32004005	
32004006	
32004007	
32004008	
32004009	
32004010	
32004011	
41001001	
41001002	
41001003	
41001004	
41001005	
41001006	
41001007	
41001008	
41001009	
41001010	
41001011	
41001012	
41001013	
41001014	
41001015	
41001016	
41001017	
41001018	
41001019	
41001020	
41001021	
41001022	
41001023	
41001024	
41001025	
41001026	
41001027	
41001028	
41001029	
41001030	
41001031	
41001032	
41001033	
41001034	
41001035	
41001036	
41001037	
41001038	
41001039	
41001040	
41001041	
41001042	
41001043	
41001044	
41001045	
41002001	
41002002	
41002003	
41002004	
41002005	
41002006	
41002007	
41002008	
41002009	
41002010	
41002011	
41002012	
41002013	
41002014	
41002015	
41002016	
41002017	
41002018	
41002019	
41002020	
41002021	
41002022	
41002023	
41002024	
41002025	
41002026	
41002027	
41002028	
41003001	
41003002	
41003003	
41003004	
41003005	
41003006	
41003007	
41003008	
41003009	
41003010	
41003011	
41003012	
41003013	
41003014	
41003015	
41003016	
41003017	
41003018	
41003019	
41003020	
41003021	
41003022	
41003023	
41003024	
41003025	
41003026	
41003027	
41003028	
41003029	
41003030	
41003031	
41003032	
41003033	
41003034	
41003035	
41004001	
41004002	
41004003	
41004004	
41004005	
41004006	
41004007	
41004008	
41004009	
41004010	
41004011	
41004012	
41004013	
41004014	
41004015	
41004016	
41004017	
41004018	
41004019	
41004020	
41004021	
41004022	
41004023	
41004024	
41004025	
41004026	
41004027	
41004028	
41004029	
41004030	
41004031	
41004032	
41004033	
41004034	
41004035	
41004036	
41004037	
41004038	
41004039	
41004040	
41004041	
41005001	
41005002	
41005003	
41005004	
41005005	
41005006	
41005007	
41005008	
41005009	
41005010	
41005011	
41005012	
41005013	
41005014	
41005015	
41005016	
41005017	
41005018	
41005019	
41005020	
41005021	
41005022	
41005023	
41005024	
41005025	
41005026	
41005027	
41005028	
41005029	
41005030	
41005031	
41005032	
41005033	
41005034	
41005035	
41005036	
41005037	
41005038	
41005039	
41005040	
41005041	
41005042	
41005043	
41006001	
41006002	
41006003	
41006004	
41006005	
41006006	
41006007	
41006008	
41006009	
41006010	
41006011	
41006012	
41006013	
41006014	
41006015	
41006016	
41006017	
41006018	
41006019	
41006020	
41006021	
41006022	
41006023	
41006024	
41006025	
41006026	
41006027	
41006028	
41006029	
41006030	
41006031	
41006032	
41006033	
41006034	
41006035	
41006036	
41006037	
41006038	
41006039	
41006040	
41006041	
41006042	
41006043	
41006044	
41006045	
41006046	
41006047	
41006048	
41006049	
41006050	
41006051	
41006052	
41006053	
41006054	
41006055	
41006056	
41007001	
41007002	
41007003	
41007004	
41007005	
41007006	
41007007	
41007008	
41007009	
41007010	
41007011	
41007012	
41007013	
41007014	
41007015	
41007017	
41007018	
41007019	
41007020	
41007021	
41007022	
41007023	
41007024	
41007025	
41007026	
41007027	
41007028	
41007029	
41007030	
41007031	
41007032	
41007033	
41007034	
41007035	
41007036	
41007037	
41008001	
41008002	
41008003	
41008004	
41008005	
41008006	
41008007	
41008008	
41008009	
41008010	
41008011	
41008012	
41008013	
41008014	
41008015	
41008016	
41008017	
41008018	
41008019	
41008020	
41008021	
41008022	
41008023	
41008024	
41008025	
41008026	
41008027	
41008028	
41008029	
41008030	
41008031	
41008032	
41008033	
41008034	
41008035	
41008036	
41008037	
41008038	
41009001	
41009002	
41009003	
41009004	
41009005	
41009006	
41009007	
41009008	
41009009	
41009010	
41009011	
41009012	
41009013	
41009014	
41009015	
41009016	
41009017	
41009018	
41009019	
41009020	
41009021	
41009022	
41009023	
41009024	
41009025	
41009026	
41009027	
41009028	
41009029	
41009030	
41009031	
41009032	
41009033	
41009034	
41009035	
41009036	
41009037	
41009038	
41009039	
41009040	
41009041	
41009042	
41009043	
41009045	
41009047	
41009048	
41009049	
41009050	
41010001	
41010002	
41010003	
41010004	
41010005	
41010006	
41010007	
41010008	
41010009	
41010010	
41010011	
41010012	
41010013	
41010014	
41010015	
41010016	
41010017	
41010018	
41010019	
41010020	
41010021	
41010022	
41010023	
41010024	
41010025	
41010026	
41010027	
41010028	
41010029	
41010030	
41010031	
41010032	
41010033	
41010034	
41010035	
41010036	
41010037	
41010038	
41010039	
41010040	
41010041	
41010042	
41010043	
41010044	
41010045	
41010046	
41010047	
41010048	
41010049	
41010050	
41010051	
41010052	
41011001	
41011002	
41011003	
41011004	
41011005	
41011006	
41011007	
41011008	
41011009	
41011010	
41011011	
41011012	
41011013	
41011014	
41011015	
41011016	
41011017	
41011018	
41011019	
41011020	
41011021	
41011022	
41011023	
41011024	
41011025	
41011027	
41011028	
41011029	
41011030	
41011031	
41011032	
41011033	
41012001	
41012002	
41012003	
41012004	
41012005	
41012006	
41012007	
41012008	
41012009	
41012010	
41012011	
41012012	
41012013	
41012014	
41012015	
41012016	
41012017	
41012018	
41012019	
41012020	
41012021	
41012022	
41012023	
41012024	
41012025	
41012026	
41012027	
41012028	
41012029	
41012030	
41012031	
41012032	
41012033	
41012034	
41012035	
41012036	
41012037	
41012038	
41012039	
41012040	
41012041	
41012042	
41012043	
41012044	
41013001	
41013002	
41013003	
41013004	
41013005	
41013006	
41013007	
41013008	
41013009	
41013010	
41013011	
41013012	
41013013	
41013014	
41013015	
41013016	
41013017	
41013018	
41013019	
41013020	
41013021	
41013022	
41013023	
41013024	
41013025	
41013026	
41013027	
41013028	
41013029	
41013030	
41013031	
41013032	
41013033	
41013034	
41013035	
41013036	
41013037	
41014001	
41014002	
41014003	
41014004	
41014005	
41014006	
41014007	
41014008	
41014009	
41014010	
41014011	
41014012	
41014013	
41014014	
41014015	
41014016	
41014017	
41014018	
41014019	
41014020	
41014021	
41014022	
41014023	
41014024	
41014025	
41014026	
41014027	
41014028	
41014029	
41014030	
41014031	
41014032	
41014033	
41014034	
41014035	
41014036	
41014037	
41014038	
41014039	
41014040	
41014041	
41014042	
41014043	
41014044	
41014045	
41014046	
41014047	
41014048	
41014049	
41014050	
41014051	
41014052	
41014053	
41014054	
41014055	
41014056	
41014057	
41014058	
41014059	
41014060	
41014061	
41014062	
41014063	
41014064	
41014065	
41014066	
41014067	
41014068	
41014069	
41014070	
41014071	
41014072	
41015001	
41015002	
41015003	
41015004	
41015005	
41015006	
41015007	
41015008	
41015009	
41015010	
41015011	
41015012	
41015013	
41015014	
41015015	
41015016	
41015017	
41015018	
41015019	
41015020	
41015021	
41015022	
41015023	
41015024	
41015025	
41015026	
41015027	
41015029	
41015030	
41015031	
41015032	
41015033	
41015034	
41015035	
41015036	
41015037	
41015038	
41015039	
41015040	
41015041	
41015042	
41015043	
41015044	
41015045	
41015046	
41015047	
41016001	
41016002	
41016003	
41016004	
41016005	
41016006	
41016007	
41016008	
41016009	
41016010	
41016011	
41016012	
41016013	
41016014	
41016015	
41016016	
41016017	
41016018	
41016019	
41016020	
42001001	
42001002	
42001003	
42001004	
42001005	
42001006	
42001007	
42001008	
42001009	
42001010	
42001011	
42001012	
42001013	
42001014	
42001015	
42001016	
42001017	
42001018	
42001019	
42001020	
42001021	
42001022	
42001023	
42001024	
42001025	
42001026	
42001027	
42001028	
42001029	
42001030	
42001031	
42001032	
42001033	
42001034	
42001035	
42001036	
42001037	
42001038	
42001039	
42001040	
42001041	
42001042	
42001043	
42001044	
42001045	
42001046	
42001047	
42001048	
42001049	
42001050	
42001051	
42001052	
42001053	
42001054	
42001055	
42001056	
42001057	
42001058	
42001059	
42001060	
42001061	
42001062	
42001063	
42001064	
42001065	
42001066	
42001067	
42001068	
42001069	
42001070	
42001071	
42001072	
42001073	
42001074	
42001075	
42001076	
42001077	
42001078	
42001079	
42001080	
42002001	
42002002	
42002003	
42002004	
42002005	
42002006	
42002007	
42002008	
42002009	
42002010	
42002011	
42002012	
42002013	
42002014	
42002015	
42002016	
42002017	
42002018	
42002019	
42002020	
42002021	
42002022	
42002023	
42002024	
42002025	
42002026	
42002027	
42002028	
42002029	
42002030	
42002031	
42002032	
42002033	
42002034	
42002035	
42002036	
42002037	
42002038	
42002039	
42002040	
42002041	
42002042	
42002043	
42002044	
42002045	
42002046	
42002047	
42002048	
42002049	
42002050	
42002051	
42002052	
42003001	
42003002	
42003003	
42003004	
42003005	
42003006	
42003007	
42003008	
42003009	
42003010	
42003011	
42003012	
42003013	
42003014	
42003015	
42003016	
42003017	
42003018	
42003019	
42003020	
42003021	
42003022	
42003023	
42003024	
42003025	
42003026	
42003027	
42003028	
42003029	
42003030	
42003031	
42003032	
42003033	
42003034	
42003035	
42003036	
42003037	
42003038	
42004001	
42004002	
42004003	
42004004	
42004005	
42004006	
42004007	
42004008	
42004009	
42004010	
42004011	
42004012	
42004013	
42004014	
42004015	
42004016	
42004017	
42004018	
42004019	
42004020	
42004021	
42004022	
42004023	
42004024	
42004025	
42004026	
42004027	
42004028	
42004029	
42004030	
42004031	
42004032	
42004033	
42004034	
42004035	
42004036	
42004037	
42004038	
42004039	
42004040	
42004041	
42004042	
42004043	
42004044	
42005001	
42005002	
42005003	
42005004	
42005005	
42005006	
42005007	
42005008	
42005009	
42005010	
42005011	
42005012	
42005013	
42005014	
42005015	
42005016	
42005017	
42005018	
42005019	
42005020	
42005021	
42005022	
42005023	
42005024	
42005025	
42005026	
42005027	
42005028	
42005029	
42005030	
42005031	
42005032	
42005033	
42005034	
42005035	
42005036	
42005037	
42005038	
42005039	
42006001	
42006002	
42006003	
42006004	
42006005	
42006006	
42006007	
42006008	
42006009	
42006010	
42006011	
42006012	
42006013	
42006014	
42006015	
42006016	
42006017	
42006018	
42006019	
42006020	
42006021	
42006022	
42006023	
42006024	
42006025	
42006026	
42006027	
42006028	
42006029	
42006030	
42006031	
42006032	
42006033	
42006034	
42006035	
42006036	
42006037	
42006038	
42006039	
42006040	
42006041	
42006042	
42006043	
42006044	
42006045	
42006046	
42006047	
42006048	
42006049	
42007001	
42007002	
42007003	
42007004	
42007005	
42007006	
42007007	
42007008	
42007009	
42007010	
42007011	
42007012	
42007013	
42007014	
42007015	
42007016	
42007017	
42007018	
42007019	
42007020	
42007021	
42007022	
42007023	
42007024	
42007025	
42007026	
42007027	
42007028	
42007029	
42007030	
42007031	
42007032	
42007033	
42007034	
42007035	
42007036	
42007037	
42007038	
42007039	
42007040	
42007041	
42007042	
42007043	
42007044	
42007045	
42007046	
42007047	
42007048	
42007049	
42007050	
42008001	
42008002	
42008003	
42008004	
42008005	
42008006	
42008007	
42008008	
42008009	
42008010	
42008011	
42008012	
42008013	
42008014	
42008015	
42008016	
42008017	
42008018	
42008019	
42008020	
42008021	
42008022	
42008023	
42008024	
42008025	
42008026	
42008027	
42008028	
42008029	
42008030	
42008031	
42008032	
42008033	
42008034	
42008035	
42008036	
42008037	
42008038	
42008039	
42008040	
42008041	
42008042	
42008043	
42008044	
42008045	
42008046	
42008047	
42008048	
42008049	
42008050	
42008051	
42008052	
42008053	
42008054	
42008055	
42008056	
42009001	
42009002	
42009003	
42009004	
42009005	
42009006	
42009007	
42009008	
42009009	
42009010	
42009011	
42009012	
42009013	
42009014	
42009015	
42009016	
42009017	
42009018	
42009019	
42009020	
42009021	
42009022	
42009023	
42009024	
42009025	
42009026	
42009027	
42009028	
42009029	
42009030	
42009031	
42009032	
42009033	
42009034	
42009035	
42009036	
42009037	
42009038	
42009039	
42009040	
42009041	
42009042	
42009043	
42009044	
42009045	
42009046	
42009047	
42009048	
42009049	
42009050	
42009051	
42009052	
42009053	
42009054	
42009055	
42009056	
42009057	
42009058	
42009059	
42009060	
42009061	
42009062	
42010001	
42010002	
42010003	
42010004	
42010005	
42010006	
42010007	
42010008	
42010009	
42010010	
42010011	
42010012	
42010013	
42010014	
42010015	
42010016	
42010017	
42010018	
42010019	
42010020	
42010021	
42010022	
42010023	
42010024	
42010025	
42010026	
42010027	
42010028	
42010029	
42010030	
42010031	
42010032	
42010033	
42010034	
42010035	
42010036	
42010037	
42010038	
42010039	
42010040	
42010041	
42010042	
42011001	
42011002	
42011003	
42011004	
42011005	
42011006	
42011007	
42011008	
42011009	
42011010	
42011011	
42011012	
42011013	
42011014	
42011015	
42011016	
42011017	
42011018	
42011019	
42011020	
42011021	
42011022	
42011023	
42011024	
42011025	
42011026	
42011027	
42011028	
42011029	
42011030	
42011031	
42011032	
42011033	
42011034	
42011035	
42011036	
42011037	
42011038	
42011039	
42011040	
42011041	
42011042	
42011043	
42011044	
42011045	
42011046	
42011047	
42011048	
42011049	
42011050	
42011051	
42011052	
42011053	
42011054	
42012001	
42012002	
42012003	
42012004	
42012005	
42012006	
42012007	
42012008	
42012009	
42012010	
42012011	
42012012	
42012013	
42012014	
42012015	
42012016	
42012017	
42012018	
42012019	
42012020	
42012021	
42012022	
42012023	
42012024	
42012025	
42012026	
42012027	
42012028	
42012029	
42012030	
42012031	
42012032	
42012033	
42012034	
42012035	
42012036	
42012037	
42012038	
42012039	
42012040	
42012041	
42012042	
42012043	
42012044	
42012045	
42012046	
42012047	
42012048	
42012049	
42012050	
42012051	
42012052	
42012053	
42012054	
42012055	
42012056	
42012057	
42012058	
42012059	
42013001	
42013002	
42013003	
42013004	
42013005	
42013006	
42013007	
42013008	
42013009	
42013010	
42013011	
42013012	
42013013	
42013014	
42013015	
42013016	
42013017	
42013018	
42013019	
42013020	
42013021	
42013022	
42013023	
42013024	
42013025	
42013026	
42013027	
42013028	
42013029	
42013030	
42013031	
42013032	
42013033	
42013034	
42013035	
42014001	
42014002	
42014003	
42014004	
42014005	
42014006	
42014007	
42014008	
42014009	
42014010	
42014011	
42014012	
42014013	
42014014	
42014015	
42014016	
42014017	
42014018	
42014019	
42014020	
42014021	
42014022	
42014023	
42014024	
42014025	
42014026	
42014027	
42014028	
42014029	
42014030	
42014031	
42014032	
42014033	
42014034	
42014035	
42015001	
42015002	
42015003	
42015004	
42015005	
42015006	
42015007	
42015008	
42015009	
42015010	
42015011	
42015012	
42015013	
42015014	
42015015	
42015016	
42015017	
42015018	
42015019	
42015020	
42015021	
42015022	
42015023	
42015024	
42015025	
42015026	
42015027	
42015028	
42015029	
42015030	
42015031	
42015032	
42016001	
42016002	
42016003	
42016004	
42016005	
42016006	
42016007	
42016008	
42016009	
42016010	
42016011	
42016012	
42016013	
42016014	
42016015	
42016016	
42016017	
42016018	
42016019	
42016020	
42016021	
42016022	
42016023	
42016024	
42016025	
42016026	
42016027	
42016028	
42016029	
42016030	
42016031	
42017001	
42017002	
42017003	
42017004	
42017005	
42017006	
42017007	
42017008	
42017009	
42017010	
42017011	
42017012	
42017013	
42017014	
42017015	
42017016	
42017017	
42017018	
42017019	
42017020	
42017021	
42017022	
42017023	
42017024	
42017025	
42017026	
42017027	
42017028	
42017029	
42017030	
42017031	
42017032	
42017033	
42017034	
42017035	
42017037	
42018001	
42018002	
42018003	
42018004	
42018005	
42018006	
42018007	
42018008	
42018009	
42018010	
42018011	
42018012	
42018013	
42018014	
42018015	
42018016	
42018017	
42018018	
42018019	
42018020	
42018021	
42018022	
42018023	
42018024	
42018025	
42018026	
42018027	
42018028	
42018029	
42018030	
42018031	
42018032	
42018033	
42018034	
42018035	
42018036	
42018037	
42018038	
42018039	
42018040	
42018041	
42018042	
42018043	
42019001	
42019002	
42019003	
42019004	
42019005	
42019006	
42019007	
42019008	
42019009	
42019010	
42019011	
42019012	
42019013	
42019014	
42019015	
42019016	
42019017	
42019018	
42019019	
42019020	
42019021	
42019022	
42019023	
42019024	
42019025	
42019026	
42019027	
42019028	
42019029	
42019030	
42019031	
42019032	
42019033	
42019034	
42019035	
42019036	
42019037	
42019038	
42019039	
42019040	
42019041	
42019042	
42019043	
42019044	
42019045	
42019046	
42019047	
42019048	
42020001	
42020002	
42020003	
42020004	
42020005	
42020006	
42020007	
42020008	
42020009	
42020010	
42020011	
42020012	
42020013	
42020014	
42020015	
42020016	
42020017	
42020018	
42020019	
42020020	
42020021	
42020022	
42020023	
42020024	
42020025	
42020026	
42020027	
42020028	
42020029	
42020030	
42020031	
42020032	
42020033	
42020034	
42020035	
42020036	
42020037	
42020038	
42020039	
42020040	
42020041	
42020042	
42020043	
42020044	
42020045	
42020046	
42020047	
42021001	
42021002	
42021003	
42021004	
42021005	
42021006	
42021007	
42021008	
42021009	
42021010	
42021011	
42021012	
42021013	
42021014	
42021015	
42021016	
42021017	
42021018	
42021019	
42021020	
42021021	
42021022	
42021023	
42021024	
42021025	
42021026	
42021027	
42021028	
42021029	
42021030	
42021031	
42021032	
42021033	
42021034	
42021035	
42021036	
42021037	
42021038	
42022001	
42022002	
42022003	
42022004	
42022005	
42022006	
42022007	
42022008	
42022009	
42022010	
42022011	
42022012	
42022013	
42022014	
42022015	
42022016	
42022017	
42022018	
42022019	
42022020	
42022021	
42022022	
42022023	
42022024	
42022025	
42022026	
42022027	
42022028	
42022029	
42022030	
42022031	
42022032	
42022033	
42022034	
42022035	
42022036	
42022037	
42022038	
42022039	
42022040	
42022041	
42022042	
42022043	
42022044	
42022045	
42022046	
42022047	
42022048	
42022049	
42022050	
42022051	
42022052	
42022053	
42022054	
42022055	
42022056	
42022057	
42022058	
42022059	
42022060	
42022061	
42022062	
42022063	
42022064	
42022065	
42022066	
42022067	
42022068	
42022069	
42022070	
42022071	
42023001	
42023002	
42023003	
42023004	
42023005	
42023006	
42023007	
42023008	
42023009	
42023010	
42023011	
42023012	
42023013	
42023014	
42023015	
42023016	
42023018	
42023019	
42023020	
42023021	
42023022	
42023023	
42023024	
42023025	
42023026	
42023027	
42023028	
42023029	
42023030	
42023031	
42023032	
42023033	
42023034	
42023035	
42023036	
42023037	
42023038	
42023039	
42023040	
42023041	
42023042	
42023043	
42023044	
42023045	
42023046	
42023047	
42023048	
42023049	
42023050	
42023051	
42023052	
42023053	
42023054	
42023055	
42023056	
42024001	
42024002	
42024003	
42024004	
42024005	
42024006	
42024007	
42024008	
42024009	
42024010	
42024011	
42024012	
42024013	
42024014	
42024015	
42024016	
42024017	
42024018	
42024019	
42024020	
42024021	
42024022	
42024023	
42024024	
42024025	
42024026	
42024027	
42024028	
42024029	
42024030	
42024031	
42024032	
42024033	
42024034	
42024035	
42024036	
42024037	
42024038	
42024039	
42024040	
42024041	
42024042	
42024043	
42024044	
42024045	
42024046	
42024047	
42024048	
42024049	
42024050	
42024051	
42024052	
42024053	
43001001	
43001002	
43001003	
43001004	
43001005	
43001006	
43001007	
43001008	
43001009	
43001010	
43001011	
43001012	
43001013	
43001014	
43001015	
43001016	
43001017	
43001018	
43001019	
43001020	
43001021	
43001022	
43001023	
43001024	
43001025	
43001026	
43001027	
43001028	
43001029	
43001030	
43001031	
43001032	
43001033	
43001034	
43001035	
43001036	
43001037	
43001038	
43001039	
43001040	
43001041	
43001042	
43001043	
43001044	
43001045	
43001046	
43001047	
43001048	
43001049	
43001050	
43001051	
43002001	
43002002	
43002003	
43002004	
43002005	
43002006	
43002007	
43002008	
43002009	
43002010	
43002011	
43002012	
43002013	
43002014	
43002015	
43002016	
43002017	
43002018	
43002019	
43002020	
43002021	
43002022	
43002023	
43002024	
43002025	
43003001	
43003002	
43003003	
43003004	
43003005	
43003006	
43003007	
43003008	
43003009	
43003010	
43003011	
43003012	
43003013	
43003014	
43003015	
43003016	
43003017	
43003018	
43003019	
43003020	
43003021	
43003022	
43003023	
43003024	
43003025	
43003026	
43003027	
43003028	
43003029	
43003030	
43003031	
43003032	
43003033	
43003034	
43003035	
43003036	
43004001	
43004002	
43004003	
43004004	
43004005	
43004006	
43004007	
43004008	
43004009	
43004010	
43004011	
43004012	
43004013	
43004014	
43004015	
43004016	
43004017	
43004018	
43004019	
43004020	
43004021	
43004022	
43004023	
43004024	
43004025	
43004026	
43004027	
43004028	
43004029	
43004030	
43004031	
43004032	
43004033	
43004034	
43004035	
43004036	
43004037	
43004038	
43004039	
43004040	
43004041	
43004042	
43004043	
43004044	
43004045	
43004046	
43004047	
43004048	
43004049	
43004050	
43004051	
43004052	
43004053	
43004054	
43005001	
43005002	
43005003	
43005005	
43005006	
43005007	
43005008	
43005009	
43005010	
43005011	
43005012	
43005013	
43005014	
43005015	
43005016	
43005017	
43005018	
43005019	
43005020	
43005021	
43005022	
43005023	
43005024	
43005025	
43005026	
43005027	
43005028	
43005029	
43005030	
43005031	
43005032	
43005033	
43005034	
43005035	
43005036	
43005037	
43005038	
43005039	
43005040	
43005041	
43005042	
43005043	
43005044	
43005045	
43005046	
43005047	
43006001	
43006002	
43006003	
43006004	
43006005	
43006006	
43006007	
43006008	
43006009	
43006010	
43006011	
43006012	
43006013	
43006014	
43006015	
43006016	
43006017	
43006018	
43006019	
43006020	
43006021	
43006022	
43006023	
43006024	
43006025	
43006026	
43006027	
43006028	
43006029	
43006030	
43006031	
43006032	
43006033	
43006034	
43006035	
43006036	
43006037	
43006038	
43006039	
43006040	
43006041	
43006042	
43006043	
43006044	
43006045	
43006046	
43006047	
43006048	
43006049	
43006050	
43006051	
43006052	
43006053	
43006054	
43006055	
43006056	
43006057	
43006058	
43006059	
43006060	
43006061	
43006062	
43006063	
43006064	
43006065	
43006066	
43006067	
43006068	
43006069	
43006070	
43006071	
43007001	
43007002	
43007003	
43007004	
43007005	
43007006	
43007007	
43007008	
43007009	
43007010	
43007011	
43007012	
43007013	
43007014	
43007015	
43007016	
43007017	
43007018	
43007019	
43007020	
43007021	
43007022	
43007023	
43007024	
43007025	
43007026	
43007027	
43007028	
43007029	
43007030	
43007031	
43007032	
43007033	
43007034	
43007035	
43007036	
43007037	
43007038	
43007039	
43007040	
43007041	
43007042	
43007043	
43007044	
43007045	
43007046	
43007047	
43007048	
43007049	
43007050	
43007051	
43007052	
43007053	
43008001	
43008002	
43008003	
43008004	
43008005	
43008006	
43008007	
43008008	
43008009	
43008010	
43008011	
43008012	
43008013	
43008014	
43008015	
43008016	
43008017	
43008018	
43008019	
43008020	
43008021	
43008022	
43008023	
43008024	
43008025	
43008026	
43008027	
43008028	
43008029	
43008030	
43008031	
43008032	
43008033	
43008034	
43008035	
43008036	
43008037	
43008038	
43008039	
43008040	
43008041	
43008042	
43008043	
43008044	
43008045	
43008046	
43008047	
43008048	
43008049	
43008050	
43008051	
43008052	
43008053	
43008054	
43008055	
43008056	
43008057	
43008058	
43008059	
43009001	
43009002	
43009003	
43009004	
43009005	
43009006	
43009007	
43009008	
43009009	
43009010	
43009011	
43009012	
43009013	
43009014	
43009015	
43009016	
43009017	
43009018	
43009019	
43009020	
43009021	
43009022	
43009023	
43009024	
43009025	
43009026	
43009027	
43009028	
43009029	
43009030	
43009031	
43009032	
43009033	
43009034	
43009035	
43009036	
43009037	
43009038	
43009039	
43009040	
43009041	
43010001	
43010002	
43010003	
43010004	
43010005	
43010006	
43010007	
43010008	
43010009	
43010010	
43010011	
43010012	
43010013	
43010014	
43010015	
43010016	
43010017	
43010018	
43010019	
43010020	
43010021	
43010022	
43010023	
43010024	
43010025	
43010026	
43010027	
43010028	
43010029	
43010030	
43010031	
43010032	
43010033	
43010034	
43010035	
43010036	
43010037	
43010038	
43010039	
43010040	
43010041	
43010042	
43011001	
43011002	
43011003	
43011004	
43011005	
43011006	
43011007	
43011008	
43011009	
43011010	
43011011	
43011012	
43011013	
43011014	
43011015	
43011016	
43011017	
43011018	
43011019	
43011020	
43011021	
43011022	
43011023	
43011024	
43011025	
43011026	
43011027	
43011028	
43011029	
43011030	
43011031	
43011032	
43011033	
43011034	
43011035	
43011036	
43011037	
43011038	
43011039	
43011040	
43011041	
43011042	
43011043	
43011044	
43011045	
43011046	
43011047	
43011048	
43011049	
43011050	
43011051	
43011052	
43011053	
43011054	
43011055	
43011056	
43011057	
43012001	
43012002	
43012003	
43012004	
43012005	
43012006	
43012007	
43012008	
43012009	
43012010	
43012011	
43012012	
43012013	
43012014	
43012015	
43012016	
43012017	
43012018	
43012019	
43012020	
43012021	
43012022	
43012023	
43012024	
43012025	
43012026	
43012027	
43012028	
43012029	
43012030	
43012031	
43012032	
43012033	
43012034	
43012035	
43012036	
43012037	
43012038	
43012039	
43012040	
43012041	
43012042	
43012043	
43012044	
43012045	
43012046	
43012047	
43012048	
43012049	
43012050	
43013001	
43013002	
43013003	
43013004	
43013005	
43013006	
43013007	
43013008	
43013009	
43013010	
43013011	
43013012	
43013013	
43013014	
43013015	
43013016	
43013017	
43013018	
43013019	
43013020	
43013021	
43013022	
43013023	
43013024	
43013025	
43013026	
43013027	
43013028	
43013029	
43013030	
43013031	
43013032	
43013033	
43013034	
43013035	
43013036	
43013037	
43013038	
43014001	
43014002	
43014003	
43014004	
43014005	
43014006	
43014007	
43014008	
43014009	
43014010	
43014011	
43014012	
43014013	
43014014	
43014015	
43014016	
43014017	
43014018	
43014019	
43014020	
43014021	
43014022	
43014023	
43014024	
43014025	
43014026	
43014027	
43014028	
43014029	
43014030	
43014031	
43015001	
43015002	
43015003	
43015004	
43015005	
43015006	
43015007	
43015008	
43015009	
43015010	
43015011	
43015012	
43015013	
43015014	
43015015	
43015016	
43015017	
43015018	
43015019	
43015020	
43015021	
43015022	
43015023	
43015024	
43015025	
43015026	
43015027	
43016001	
43016002	
43016003	
43016004	
43016005	
43016006	
43016007	
43016008	
43016009	
43016010	
43016011	
43016012	
43016013	
43016014	
43016015	
43016016	
43016017	
43016018	
43016019	
43016020	
43016021	
43016022	
43016023	
43016024	
43016025	
43016026	
43016027	
43016028	
43016029	
43016030	
43016031	
43016032	
43016033	
43017001	
43017002	
43017003	
43017004	
43017005	
43017006	
43017007	
43017008	
43017009	
43017010	
43017011	
43017012	
43017013	
43017014	
43017015	
43017016	
43017017	
43017018	
43017019	
43017020	
43017021	
43017022	
43017023	
43017024	
43017025	
43017026	
43018001	
43018002	
43018003	
43018004	
43018005	
43018006	
43018007	
43018008	
43018009	
43018010	
43018011	
43018012	
43018013	
43018014	
43018015	
43018016	
43018017	
43018018	
43018019	
43018020	
43018021	
43018022	
43018023	
43018024	
43018025	
43018026	
43018027	
43018028	
43018029	
43018030	
43018031	
43018032	
43018033	
43018034	
43018035	
43018036	
43018037	
43018038	
43018039	
43018040	
43019001	
43019002	
43019003	
43019004	
43019005	
43019006	
43019007	
43019008	
43019009	
43019010	
43019011	
43019012	
43019013	
43019014	
43019015	
43019016	
43019017	
43019018	
43019019	
43019020	
43019021	
43019022	
43019023	
43019024	
43019025	
43019026	
43019027	
43019028	
43019029	
43019030	
43019031	
43019032	
43019033	
43019034	
43019035	
43019036	
43019037	
43019038	
43019039	
43019040	
43019041	
43019042	
43020001	
43020002	
43020003	
43020004	
43020005	
43020006	
43020007	
43020008	
43020009	
43020010	
43020011	
43020012	
43020013	
43020014	
43020015	
43020016	
43020017	
43020018	
43020019	
43020020	
43020021	
43020022	
43020023	
43020024	
43020025	
43020026	
43020027	
43020028	
43020029	
43020030	
43020031	
43021001	
43021002	
43021003	
43021004	
43021005	
43021006	
43021007	
43021008	
43021009	
43021010	
43021011	
43021012	
43021013	
43021014	
43021015	
43021016	
43021017	
43021018	
43021019	
43021020	
43021021	
43021022	
43021023	
43021024	
43021025	
46001001	
46001002	
46001003	
46001004	
46001005	
46001006	
46001007	
46001008	
46001009	
46001010	
46001011	
46001012	
46001013	
46001014	
46001015	
46001016	
46001017	
46001018	
46001019	
46001020	
46001021	
46001022	
46001023	
46001024	
46001025	
46001026	
46001027	
46001028	
46001029	
46001030	
46001031	
46002001	
46002002	
46002003	
46002004	
46002005	
46002006	
46002007	
46002008	
46002009	
46002010	
46002011	
46002012	
46002013	
46002014	
46002015	
46002016	
46003001	
46003002	
46003003	
46003004	
46003005	
46003006	
46003007	
46003008	
46003009	
46003010	
46003011	
46003012	
46003013	
46003014	
46003015	
46003016	
46003017	
46003018	
46003019	
46003020	
46003021	
46003022	
46003023	
46004001	
46004002	
46004003	
46004004	
46004005	
46004006	
46004007	
46004008	
46004009	
46004010	
46004011	
46004012	
46004013	
46004014	
46004015	
46004016	
46004017	
46004018	
46004019	
46004020	
46004021	
46005001	
46005002	
46005003	
46005004	
46005005	
46005006	
46005007	
46005008	
46005009	
46005010	
46005011	
46005012	
46005013	
46006001	
46006002	
46006003	
46006004	
46006005	
46006006	
46006007	
46006008	
46006009	
46006010	
46006011	
46006012	
46006013	
46006014	
46006015	
46006016	
46006017	
46006018	
46006019	
46006020	
46007001	
46007002	
46007003	
46007004	
46007005	
46007006	
46007007	
46007008	
46007009	
46007010	
46007011	
46007012	
46007013	
46007014	
46007015	
46007016	
46007017	
46007018	
46007019	
46007020	
46007021	
46007022	
46007023	
46007024	
46007025	
46007026	
46007027	
46007028	
46007029	
46007030	
46007031	
46007032	
46007033	
46007034	
46007035	
46007036	
46007037	
46007038	
46007039	
46007040	
46008001	
46008002	
46008003	
46008004	
46008005	
46008006	
46008007	
46008008	
46008009	
46008010	
46008011	
46008012	
46008013	
46009001	
46009002	
46009003	
46009004	
46009005	
46009006	
46009007	
46009008	
46009009	
46009010	
46009011	
46009012	
46009013	
46009014	
46009015	
46009016	
46009017	
46009018	
46009019	
46009020	
46009021	
46009022	
46009023	
46009024	
46009025	
46009026	
46009027	
46010001	
46010002	
46010003	
46010004	
46010005	
46010006	
46010007	
46010008	
46010009	
46010010	
46010011	
46010012	
46010013	
46010014	
46010015	
46010016	
46010017	
46010018	
46010019	
46010020	
46010021	
46010022	
46010023	
46010024	
46010025	
46010026	
46010027	
46010028	
46010029	
46010030	
46010031	
46010032	
46010033	
46011001	
46011002	
46011003	
46011004	
46011005	
46011006	
46011007	
46011008	
46011009	
46011010	
46011011	
46011012	
46011013	
46011014	
46011015	
46011016	
46011017	
46011018	
46011019	
46011020	
46011021	
46011022	
46011023	
46011024	
46011025	
46011026	
46011027	
46011028	
46011029	
46011030	
46011031	
46011032	
46011033	
46011034	
46012001	
46012002	
46012003	
46012004	
46012005	
46012006	
46012007	
46012008	
46012009	
46012010	
46012011	
46012012	
46012013	
46012014	
46012015	
46012016	
46012017	
46012018	
46012019	
46012020	
46012021	
46012022	
46012023	
46012024	
46012025	
46012026	
46012027	
46012028	
46012029	
46012030	
46012031	
46013001	
46013002	
46013003	
46013004	
46013005	
46013006	
46013007	
46013008	
46013009	
46013010	
46013011	
46013012	
46013013	
46014001	
46014002	
46014003	
46014004	
46014005	
46014006	
46014007	
46014008	
46014009	
46014010	
46014011	
46014012	
46014013	
46014014	
46014015	
46014016	
46014017	
46014018	
46014019	
46014020	
46014021	
46014022	
46014023	
46014024	
46014025	
46014026	
46014027	
46014028	
46014029	
46014030	
46014031	
46014032	
46014033	
46014034	
46014035	
46014036	
46014037	
46014038	
46014039	
46014040	
46015001	
46015002	
46015003	
46015004	
46015005	
46015006	
46015007	
46015008	
46015009	
46015010	
46015011	
46015012	
46015013	
46015014	
46015015	
46015016	
46015017	
46015018	
46015019	
46015020	
46015021	
46015022	
46015023	
46015024	
46015025	
46015026	
46015027	
46015028	
46015029	
46015030	
46015031	
46015032	
46015033	
46015034	
46015035	
46015036	
46015037	
46015038	
46015039	
46015040	
46015041	
46015042	
46015043	
46015044	
46015045	
46015046	
46015047	
46015048	
46015049	
46015050	
46015051	
46015052	
46015053	
46015054	
46015055	
46015056	
46015057	
46015058	
46016001	
46016002	
46016003	
46016004	
46016005	
46016006	
46016007	
46016008	
46016009	
46016010	
46016011	
46016012	
46016013	
46016014	
46016015	
46016016	
46016017	
46016018	
46016019	
46016020	
46016021	
46016022	
46016023	
46016024	
48001001	
48001002	
48001003	
48001004	
48001005	
48001006	
48001007	
48001008	
48001009	
48001010	
48001011	
48001012	
48001013	
48001014	
48001015	
48001016	
48001017	
48001018	
48001019	
48001020	
48001021	
48001022	
48001023	
48001024	
48002001	
48002002	
48002003	
48002004	
48002005	
48002006	
48002007	
48002008	
48002009	
48002010	
48002011	
48002012	
48002013	
48002014	
48002015	
48002016	
48002017	
48002018	
48002019	
48002020	
48002021	
48003001	
48003002	
48003003	
48003004	
48003005	
48003006	
48003007	
48003008	
48003009	
48003010	
48003011	
48003012	
48003013	
48003014	
48003015	
48003016	
48003017	
48003018	
48003019	
48003020	
48003021	
48003022	
48003023	
48003024	
48003025	
48003026	
48003027	
48003028	
48003029	
48004001	
48004002	
48004003	
48004004	
48004005	
48004006	
48004007	
48004008	
48004009	
48004010	
48004011	
48004012	
48004013	
48004014	
48004015	
48004016	
48004017	
48004018	
48004019	
48004020	
48004021	
48004022	
48004023	
48004024	
48004025	
48004026	
48004027	
48004028	
48004029	
48004030	
48004031	
48005001	
48005002	
48005003	
48005004	
48005005	
48005006	
48005007	
48005008	
48005009	
48005010	
48005011	
48005012	
48005013	
48005014	
48005015	
48005016	
48005017	
48005018	
48005019	
48005020	
48005021	
48005022	
48005023	
48005024	
48005025	
48005026	
48006001	
48006002	
48006003	
48006004	
48006005	
48006006	
48006007	
48006008	
48006009	
48006010	
48006011	
48006012	
48006013	
48006014	
48006015	
48006016	
48006017	
48006018	
49001001	
49001002	
49001003	
49001004	
49001005	
49001006	
49001007	
49001008	
49001009	
49001010	
49001011	
49001012	
49001013	
49001014	
49001015	
49001016	
49001017	
49001018	
49001019	
49001020	
49001021	
49001022	
49001023	
49002001	
49002002	
49002003	
49002004	
49002005	
49002006	
49002007	
49002008	
49002009	
49002010	
49002011	
49002012	
49002013	
49002014	
49002015	
49002016	
49002017	
49002018	
49002019	
49002020	
49002021	
49002022	
49003001	
49003002	
49003003	
49003004	
49003005	
49003006	
49003007	
49003008	
49003009	
49003010	
49003011	
49003012	
49003013	
49003014	
49003015	
49003016	
49003017	
49003018	
49003019	
49003020	
49003021	
49004001	
49004002	
49004003	
49004004	
49004005	
49004006	
49004007	
49004008	
49004009	
49004010	
49004011	
49004012	
49004013	
49004014	
49004015	
49004016	
49004017	
49004018	
49004019	
49004020	
49004021	
49004022	
49004023	
49004024	
49004025	
49004026	
49004027	
49004028	
49004029	
49004030	
49004031	
49004032	
49005001	
49005002	
49005003	
49005004	
49005005	
49005006	
49005007	
49005008	
49005009	
49005010	
49005011	
49005012	
49005013	
49005014	
49005015	
49005016	
49005017	
49005018	
49005019	
49005020	
49005021	
49005022	
49005023	
49005024	
49005025	
49005026	
49005027	
49005028	
49005029	
49005030	
49005031	
49005032	
49005033	
49006001	
49006002	
49006003	
49006004	
49006005	
49006006	
49006007	
49006008	
49006009	
49006010	
49006011	
49006012	
49006013	
49006014	
49006015	
49006016	
49006017	
49006018	
49006019	
49006020	
49006021	
49006022	
49006023	
49006024	
50001001	
50001002	
50001003	
50001004	
50001005	
50001006	
50001007	
50001008	
50001009	
50001010	
50001011	
50001012	
50001013	
50001014	
50001015	
50001016	
50001017	
50001018	
50001019	
50001020	
50001021	
50001022	
50001023	
50001024	
50001025	
50001026	
50001027	
50001028	
50001029	
50001030	
50002001	
50002002	
50002003	
50002004	
50002005	
50002006	
50002007	
50002008	
50002009	
50002010	
50002011	
50002012	
50002013	
50002014	
50002015	
50002016	
50002017	
50002018	
50002019	
50002020	
50002021	
50002022	
50002023	
50002024	
50002025	
50002026	
50002027	
50002028	
50002029	
50002030	
50003001	
50003002	
50003003	
50003004	
50003005	
50003006	
50003007	
50003008	
50003009	
50003010	
50003011	
50003012	
50003013	
50003014	
50003015	
50003016	
50003017	
50003018	
50003019	
50003020	
50003021	
50004001	
50004002	
50004003	
50004004	
50004005	
50004006	
50004007	
50004008	
50004009	
50004010	
50004011	
50004012	
50004013	
50004014	
50004015	
50004016	
50004017	
50004018	
50004019	
50004020	
50004021	
50004022	
50004023	
51001001	
51001002	
51001003	
51001004	
51001005	
51001006	
51001007	
51001008	
51001009	
51001010	
51001011	
51001012	
51001013	
51001014	
51001015	
51001016	
51001017	
51001018	
51001019	
51001020	
51001021	
51001022	
51001023	
51001024	
51001025	
51001026	
51001027	
51001028	
51001029	
51002001	
51002002	
51002003	
51002004	
51002005	
51002006	
51002007	
51002008	
51002009	
51002010	
51002011	
51002012	
51002013	
51002014	
51002015	
51002016	
51002017	
51002018	
51002019	
51002020	
51002021	
51002022	
51002023	
51003001	
51003002	
51003003	
51003004	
51003005	
51003006	
51003007	
51003008	
51003009	
51003010	
51003011	
51003012	
51003013	
51003014	
51003015	
51003016	
51003017	
51003018	
51003019	
51003020	
51003021	
51003022	
51003023	
51003024	
51003025	
51004001	
51004002	
51004003	
51004004	
51004005	
51004006	
51004007	
51004008	
51004009	
51004010	
51004011	
51004012	
51004013	
51004014	
51004015	
51004016	
51004017	
51004018	
52001001	
52001002	
52001003	
52001004	
52001005	
52001006	
52001007	
52001008	
52001009	
52001010	
52002001	
52002002	
52002003	
52002004	
52002005	
52002006	
52002007	
52002008	
52002009	
52002010	
52002011	
52002012	
52002013	
52002014	
52002015	
52002016	
52002017	
52002018	
52002019	
52002020	
52003001	
52003002	
52003003	
52003004	
52003005	
52003006	
52003007	
52003008	
52003009	
52003010	
52003011	
52003012	
52003013	
52004001	
52004002	
52004003	
52004004	
52004005	
52004006	
52004007	
52004008	
52004009	
52004010	
52004011	
52004012	
52004013	
52004014	
52004015	
52004016	
52004017	
52004018	
52005001	
52005002	
52005003	
52005004	
52005005	
52005006	
52005007	
52005008	
52005009	
52005010	
52005011	
52005012	
52005013	
52005014	
52005015	
52005016	
52005017	
52005018	
52005019	
52005020	
52005021	
52005022	
52005023	
52005024	
52005025	
52005026	
52005027	
52005028	
53001001	
53001002	
53001003	
53001004	
53001005	
53001006	
53001007	
53001008	
53001009	
53001010	
53001011	
53001012	
53002001	
53002002	
53002003	
53002004	
53002005	
53002006	
53002007	
53002008	
53002009	
53002010	
53002011	
53002012	
53002013	
53002014	
53002015	
53002016	
53002017	
53003001	
53003002	
53003003	
53003004	
53003005	
53003006	
53003007	
53003008	
53003009	
53003010	
53003011	
53003012	
53003013	
53003014	
53003015	
53003016	
53003017	
53003018	
54001001	
54001002	
54001003	
54001004	
54001005	
54001006	
54001007	
54001008	
54001009	
54001010	
54001011	
54001012	
54001013	
54001014	
54001015	
54001016	
54001017	
54001018	
54001019	
54001020	
54002001	
54002002	
54002003	
54002004	
54002005	
54002006	
54002007	
54002008	
54002009	
54002010	
54002011	
54002012	
54002013	
54002014	
54002015	
54003001	
54003002	
54003003	
54003004	
54003005	
54003006	
54003007	
54003008	
54003009	
54003010	
54003011	
54003012	
54003013	
54003014	
54003015	
54003016	
54004001	
54004002	
54004003	
54004004	
54004005	
54004006	
54004007	
54004008	
54004009	
54004010	
54004011	
54004012	
54004013	
54004014	
54004015	
54004016	
54005001	
54005002	
54005003	
54005004	
54005005	
54005006	
54005007	
54005008	
54005009	
54005010	
54005011	
54005012	
54005013	
54005014	
54005015	
54005016	
54005017	
54005018	
54005019	
54005020	
54005021	
54005022	
54005023	
54005024	
54005025	
54006001	
54006002	
54006003	
54006004	
54006005	
54006006	
54006007	
54006008	
54006009	
54006010	
54006011	
54006012	
54006013	
54006014	
54006015	
54006016	
54006017	
54006018	
54006019	
54006020	
54006021	
56001001	
56001002	
56001003	
56001004	
56001005	
56001006	
56001007	
56001008	
56001009	
56001010	
56001011	
56001012	
56001013	
56001014	
56001015	
56001016	
56002001	
56002002	
56002003	
56002004	
56002005	
56002006	
56002007	
56002008	
56002009	
56002010	
56002011	
56002012	
56002013	
56002014	
56002015	
56003001	
56003002	
56003003	
56003004	
56003005	
56003006	
56003007	
56003008	
56003009	
56003010	
56003011	
56003012	
56003013	
56003014	
56003015	
57001001	
57001002	
57001003	
57001004	
57001005	
57001006	
57001007	
57001008	
57001009	
57001010	
57001011	
57001012	
57001013	
57001014	
57001015	
57001016	
57001017	
57001018	
57001019	
57001020	
57001021	
57001022	
57001023	
57001024	
57001025	
59001001	
59001002	
59001003	
59001004	
59001005	
59001006	
59001007	
59001008	
59001009	
59001010	
59001011	
59001012	
59001013	
59001014	
59001015	
59001016	
59001017	
59001018	
59001019	
59001020	
59001021	
59001022	
59001023	
59001024	
59001025	
59001026	
59001027	
59002001	
59002002	
59002003	
59002004	
59002005	
59002006	
59002007	
59002008	
59002009	
59002010	
59002011	
59002012	
59002013	
59002014	
59002015	
59002016	
59002017	
59002018	
59002019	
59002020	
59002021	
59002022	
59002023	
59002024	
59002025	
59002026	
59003001	
59003002	
59003003	
59003004	
59003005	
59003006	
59003007	
59003008	
59003009	
59003010	
59003011	
59003012	
59003013	
59003014	
59003015	
59003016	
59003017	
59003018	
59004001	
59004002	
59004003	
59004004	
59004005	
59004006	
59004007	
59004008	
59004009	
59004010	
59004011	
59004012	
59004013	
59004014	
59004015	
59004016	
59004017	
59005001	
59005002	
59005003	
59005004	
59005005	
59005006	
59005007	
59005008	
59005009	
59005010	
59005011	
59005012	
59005013	
59005014	
59005015	
59005016	
59005017	
59005018	
59005019	
59005020	
62001001	
62001002	
62001003	
62001004	
62001005	
62001006	
62001007	
62001008	
62001009	
62001010	
62002001	
62002002	
62002003	
62002004	
62002005	
62002006	
62002007	
62002008	
62002009	
62002010	
62002011	
62002012	
62002013	
62002014	
62002015	
62002016	
62002017	
62002018	
62002019	
62002020	
62002021	
62002022	
62002023	
62002024	
62002025	
62002026	
62002027	
62002028	
62002029	
62003001	
62003002	
62003003	
62003004	
62003005	
62003006	
62003007	
62003008	
62003009	
62003010	
62003011	
62003012	
62003013	
62003014	
62003015	
62003016	
62003017	
62003018	
62003019	
62003020	
62003021	
62003022	
62003023	
62003024	
62004001	
62004002	
62004003	
62004004	
62004005	
62004006	
62004007	
62004008	
62004009	
62004010	
62004011	
62004012	
62004013	
62004014	
62004015	
62004016	
62004017	
62004018	
62004019	
62004020	
62004021	
62005001	
62005002	
62005003	
62005004	
62005005	
62005006	
62005007	
62005008	
62005009	
62005010	
62005011	
62005012	
62005013	
62005014	
62005015	
62005016	
62005017	
62005018	
62005019	
62005020	
62005021	
63001001	
63001002	
63001003	
63001004	
63001005	
63001006	
63001007	
63001008	
63001009	
63001010	
63001011	
63001012	
63001013	
64001001	
64001002	
64001003	
64001004	
64001005	
64001006	
64001007	
64001008	
64001009	
64001010	
64001011	
64001012	
64001013	
64001014	
64001015	
65001001	
65001002	
65001003	
65001004	
65001005	
65001006	
65001007	
65001008	
65001009	
65001010	
65001011	
65001012	
65001013	
65001014	
65001015	
65001016	
65001017	
65001018	
65001019	
65001020	
65001021	
65001022	
65001023	
65001024	
65001025	
