# notes: 
67001001	
67001002	
67001003	
67001004	
67001005	
67001006	
67001007	
67001008	
67001009	
67001010	
67001011	
67001012	
67001013	
67001014	
67001015	
67001016	
67001017	
67001018	
67001019	
67001020	
67001021	
67001022	
67002001	
67002002	
67002003	
67002004	
67002005	
67002006	
67002007	
67002008	
67002009	
67002010	
67002011	
67002012	
67002013	
67002014	
67003001	
67003002	
67003003	
67003004	
67003005	
67003006	
67003007	
67003008	
67003009	
67003010	
67003011	
67003012	
67003013	
67003014	
67003015	
67003016	
67003017	
67004001	
67004002	
67004003	
67004004	
67004005	
67004006	
67004007	
67004008	
67004009	
67004010	
67004011	
67004012	
67004013	
67004014	
67004015	
67004016	
67004017	
67004018	
67004019	
67004020	
67004021	
67005001	
67005002	
67005003	
67005004	
67005005	
67005006	
67005007	
67005008	
67005009	
67005010	
67005011	
67005012	
67005013	
67005014	
67005015	
67005016	
67005017	
67005018	
67005019	
67005020	
67005021	
67005022	
67006001	
67006002	
67006003	
67006004	
67006005	
67006006	
67006007	
67006008	
67006009	
67006010	
67006011	
67006012	
67006013	
67006014	
67006015	
67006016	
67006017	
67007001	
67007002	
67007003	
67007004	
67007005	
67007006	
67007007	
67007008	
67007009	
67007010	
67007011	
67007012	
67007013	
67007014	
67007015	
67007016	
67007017	
67007018	
67008001	
67008002	
67008003	
67008004	
67008005	
67008006	
67008007	
67008008	
67008009	
67008010	
67008011	
67008012	
67008013	
67008014	
67008015	
67008016	
67008017	
67008018	
67008019	
67008020	
67008021	
67009001	
67009002	
67009003	
67009004	
67009005	
67009006	
67010001	
67010002	
67010003	
67010004	
67010005	
67010006	
67010007	
67010008	
67010009	
67010010	
67010011	
67010012	
67011001	
67011002	
67011003	
67011004	
67011005	
67011006	
67011007	
67011008	
67011009	
67011010	
67011011	
67011012	
67011013	
67011014	
67011015	
67011016	
67011017	
67011018	
67011019	
67012001	
67012002	
67012003	
67012004	
67012005	
67012006	
67012007	
67012008	
67012009	
67012010	
67012011	
67012012	
67012013	
67012014	
67012015	
67012016	
67012017	
67012018	
67012019	
67012020	
67012021	
67012022	
67013001	
67013002	
67013003	
67013004	
67013005	
67013006	
67013007	
67013008	
67013009	
67013010	
67013011	
67013012	
67013013	
67013014	
67013015	
67013016	
67013017	
67013018	
67014001	
67014002	
67014003	
67014004	
67014005	
67014006	
67014007	
67014008	
67014009	
67014010	
67014011	
67014012	
67014013	
67014014	
67014015	
68001001	
68001002	
68001003	
68001004	
68001005	
68001006	
68001007	
68001008	
68001009	
68001010	
68001011	
68001012	
68001013	
68001014	
68001015	
68001016	
68002001	
68002002	
68002003	
68002004	
68002005	
68002006	
68002007	
68002008	
68002009	
68002010	
68002011	
68002012	
68002013	
68002014	
68002015	
68002016	
68002017	
68002018	
68002019	
68002020	
68002021	
68002022	
68002023	
68002024	
68002025	
68002026	
68002027	
68002028	
68003001	
68003002	
68003003	
68003004	
68003005	
68003006	
68003007	
68003008	
68003009	
68003010	
68004001	
68004002	
68004003	
68004004	
68004005	
68004006	
68004007	
68004008	
68004009	
68004010	
68004011	
68004012	
68004013	
68004014	
68004015	
68005001	
68005002	
68005003	
68005004	
68005005	
68005006	
68005007	
68005008	
68005009	
68005010	
68005011	
68005012	
68005013	
68005014	
68005015	
68005016	
68005017	
68005018	
68005019	
68005020	
68005021	
68005022	
68005023	
68005024	
68006001	
68006002	
68006003	
68006004	
68006005	
68006006	
68006007	
68006008	
68006009	
68006010	
68006011	
68006012	
68006013	
68006014	
68006015	
68006016	
68006017	
68006018	
68006019	
68006020	
68006021	
68007001	
68007002	
68007003	
68007004	
68007005	
68007006	
68007007	
68007008	
68007009	
68007010	
68007011	
68007012	
68007013	
68007014	
68007015	
68007016	
68007017	
68007018	
68007019	
68007020	
68007021	
68007022	
68007023	
68007024	
68007025	
68007026	
68007027	
68007028	
68007029	
68007030	
68007031	
68007032	
68008001	
68008002	
68008003	
68008004	
68008005	
68008006	
68008007	
68008008	
68008009	
68008010	
68008011	
68008012	
68008013	
68008014	
68008015	
68008016	
68008017	
68008018	
68008019	
68008020	
68008021	
68008022	
68008023	
68008024	
68008025	
68008026	
68008027	
68008028	
68008029	
68008030	
68008031	
68008032	
68008033	
68008034	
68008035	
68008036	
68009001	
68009002	
68009003	
68009004	
68009005	
68009006	
68009007	
68009008	
68009009	
68009010	
68009011	
68009012	
68009013	
68009014	
68010001	
68010002	
68010003	
68010004	
68010005	
68010006	
68010007	
68010008	
68010009	
68010010	
68010011	
68010012	
68010013	
68010014	
68010015	
68010016	
68010017	
68010018	
68010019	
68010020	
68010021	
68010022	
68010023	
68011001	
68011002	
68011003	
68011004	
68011005	
68011006	
68011007	
68011008	
68011009	
68011010	
68011011	
68011012	
68011013	
68011014	
68011015	
68011016	
68011017	
68011018	
68011019	
68011020	
68011021	
68011022	
68011023	
68012001	
68012002	
68012003	
68012004	
68012005	
68012006	
68012007	
68012008	
68012009	
68012010	
68012011	
68012012	
68012013	
68012014	
68012015	
68012016	
68012017	
68012018	
68012019	
68012020	
68013001	
68013002	
68013003	
68013004	
68013005	
68013006	
68013007	
68013008	
68013009	
68013010	
68013011	
68013012	
68013013	
68013014	
68013015	
68013016	
68013017	
68013018	
68013019	
68013020	
68014001	
68014002	
68014003	
68014004	
68014005	
68014006	
68014007	
68014008	
68014009	
68014010	
68014011	
68014012	
68014013	
68014014	
68014015	
68014016	
68014017	
68014018	
68014019	
68015001	
68015002	
68015003	
68015004	
68015005	
68015006	
68015007	
68015008	
68015009	
68015010	
68015011	
68015012	
68015013	
68016001	
68016002	
68016003	
68016004	
68016005	
68016006	
68016007	
68016008	
68016009	
68016010	
68016011	
68016012	
68016013	
68016014	
68016015	
68016016	
68016017	
68016018	
68016019	
68016020	
68016021	
68016022	
68016023	
68016024	
68016025	
69001004	
69001005	
69001006	
69001007	
69001008	
69001009	
69001010	
69001011	
69001012	
69001013	
69002001	
69002002	
69002003	
69002004	
69002005	
69002006	
69002007	
69002008	
69002009	
69002010	
69002011	
69002012	
69003001	
69003002	
69003003	
69003004	
69003005	
69003006	
69004001	
69004002	
69004003	
69004004	
69004005	
69004006	
69004007	
69004008	
69004009	
69004010	
69004011	
69004012	
69004013	
69004014	
69004015	
69004016	
69004017	
69004018	
69005001	
69005002	
69005003	
69005004	
69005005	
69005006	
69005007	
69005008	
69005009	
69005010	
69005011	
69005012	
69005013	
69005014	
69005015	
69005016	
69005017	
69005018	
69005019	
69006001	
69006002	
69006003	
69006004	
69006005	
69006006	
69006007	
69006008	
69006009	
69006010	
69006011	
69006012	
69006013	
69006014	
69006015	
69006016	
69007001	
69007002	
69007003	
69007004	
69007005	
69007006	
69007007	
69007008	
69007009	
69007010	
69007011	
69007012	
69007013	
69007014	
69007015	
69007016	
69007017	
69007018	
69007019	
69007020	
69007021	
69007022	
69007023	
69007024	
70001001	
70001002	
70001003	
70001004	
70001005	
70001006	
70001007	
70001008	
70001009	
70001010	
70001011	
70001012	
70001013	
70001014	
70001015	
70001016	
70002001	
70002002	
70002003	
70002004	
70002005	
70002006	
70002007	
70002008	
70002009	
70002010	
70002011	
70002012	
70002013	
70002014	
70002015	
70002016	
70002017	
70002018	
70002019	
70002020	
70002021	
70002022	
70002023	
70002024	
70003001	
70003002	
70003003	
70003004	
70003005	
70003006	
70003007	
70003008	
70003009	
70003010	
70003011	
70003012	
70003013	
70003014	
70003015	
70003016	
70003017	
70003018	
70003019	
70004001	
70004002	
70004003	
70004004	
70004005	
70004006	
70004007	
70004008	
70004009	
70004010	
70004011	
70004012	
70004013	
70004014	
70004015	
70004016	
70004017	
70004018	
70004019	
70004020	
70005001	
70005002	
70005003	
70005004	
70005005	
70005006	
70005007	
70005008	
70005009	
70005010	
70005011	
70005012	
70005013	
70005014	
70005015	
70005016	
70005017	
70005018	
70005019	
70005020	
70005021	
70005022	
70005023	
70006001	
70006002	
70006003	
70006004	
70006005	
70006006	
70006007	
70006008	
70006009	
70006010	
70006011	
70006012	
70006013	
70006014	
70006015	
70006016	
70006017	
70006018	
70006019	
70006020	
70006021	
70006022	
70006023	
70006024	
70006025	
70007001	
70007002	
70007003	
70007004	
70007005	
70007006	
70007007	
70007008	
70007009	
70007010	
70007011	
70007012	
70007013	
70007014	
70007015	
70007016	
70007017	
70007018	
70007019	
70007020	
70007021	
70007022	
70007023	
70007024	
70007025	
70007026	
70007027	
70007028	
70007029	
70007030	
70008001	
70008002	
70008003	
70008004	
70008005	
70008006	
70008007	
70008008	
70008009	
70008010	
70008011	
70008012	
70008013	
70008014	
70008015	
70008016	
70008017	
70008018	
70008019	
70008020	
70008021	
70009001	
70009002	
70009003	
70009004	
70009005	
70009006	
70009007	
70009008	
70009009	
70009010	
70009011	
70009012	
70009013	
70009014	
70009015	
70009016	
70009017	
70009018	
70010001	
70010002	
70010003	
70010004	
70010005	
70010006	
70010007	
70010008	
70010009	
70010010	
70010011	
70010012	
70010013	
70010014	
70010015	
70010016	
70010017	
70010018	
70010019	
70010020	
70010021	
70011001	
70011002	
70011003	
70011004	
70011005	
70011006	
70011007	
70011008	
70011009	
70011010	
70011011	
70011012	
70011013	
70011014	
70011015	
70011016	
70011017	
70011018	
70011019	
70011020	
70011021	
70011022	
70011023	
70011024	
70011025	
70011026	
70012001	
70012002	
70012003	
70012004	
70012005	
70012006	
70012007	
70012008	
70012009	
70012010	
70012011	
70012012	
70012013	
70012014	
70012015	
70012016	
70012017	
70012018	
70012019	
70012020	
70012021	
70012022	
70012023	
70012024	
70012025	
70012026	
70012027	
70013001	
70013002	
70013003	
70013004	
70013005	
70013006	
70013007	
70013008	
70013009	
70013010	
70013011	
70013012	
70013013	
70013014	
70013015	
70013016	
70013017	
70013018	
70013019	
70014001	
70014002	
70014003	
70014004	
70014005	
70014006	
70014007	
70014008	
70014009	
70014010	
70014011	
70014012	
70014013	
70014014	
70014015	
70014016	
70014017	
70014018	
70014019	
70014020	
70014021	
70014022	
70014023	
70014024	
70014025	
70014026	
70014027	
70014028	
70014029	
70014030	
70014031	
70015001	
70015002	
70015003	
70015004	
70015005	
70015006	
70015007	
70015008	
70015009	
70015010	
70015011	
70015012	
70015013	
70015014	
70015015	
70015016	
70015017	
70015018	
70015019	
70016001	
70016002	
70016003	
70016004	
70016005	
70016006	
70016007	
70016008	
70016009	
70016010	
70016011	
70016012	
70016013	
70016014	
70016015	
70016016	
70016017	
70016018	
70016019	
70016020	
70016021	
70016022	
70016023	
70016024	
70016025	
70016026	
70016027	
70016028	
70016029	
70017001	
70017002	
70017003	
70017004	
70017005	
70017006	
70017007	
70017008	
70017009	
70017010	
70017011	
70017012	
70017013	
70017014	
70017015	
70017016	
70017017	
70017018	
70017019	
70017020	
70017021	
70018001	
70018002	
70018003	
70018004	
70018005	
70018006	
70018007	
70018008	
70018009	
70018010	
70018011	
70018012	
70018013	
70018014	
70018015	
70018016	
70018017	
70018018	
70018019	
70018020	
70018021	
70018022	
70018023	
70018024	
70018025	
70019001	
70019002	
70019003	
70019004	
70019005	
70019006	
70019007	
70019008	
70019009	
70019010	
70019011	
70019012	
70019013	
70019014	
70019015	
70019016	
70019017	
70019018	
70019019	
70019020	
70019021	
70019022	
71001001	
71001002	
71001003	
71001004	
71001005	
71001006	
71001007	
71001008	
71001009	
71001010	
71001011	
71001012	
71001013	
71001014	
71001015	
71001016	
71001017	
71001018	
71001019	
71001020	
71001021	
71001022	
71001023	
71001024	
71001025	
71001026	
71001027	
71001028	
71001029	
71001030	
71002001	
71002002	
71002003	
71002004	
71002005	
71002006	
71002007	
71002008	
71002009	
71002010	
71002011	
71002012	
71002013	
71002014	
71002015	
71002016	
71002017	
71002018	
71003001	
71003002	
71003003	
71003004	
71003005	
71003006	
71003007	
71003008	
71003009	
71003010	
71003011	
71003012	
71003013	
71003014	
71003015	
71003016	
71003017	
71003018	
71003019	
71003020	
71003021	
71003022	
71003023	
71003024	
71003025	
71003026	
71003027	
71003028	
71003029	
71003030	
71003031	
71004001	
71004002	
71004003	
71004004	
71004005	
71004006	
71004007	
71004008	
71004009	
71004010	
71004011	
71004012	
71004013	
71004014	
71004015	
71004016	
71004017	
71004018	
71004019	
71004020	
71004021	
71004022	
71004023	
71004024	
71004025	
71004026	
71004027	
71004028	
71004029	
71004030	
71004031	
71005001	
71005002	
71005003	
71005004	
71005005	
71005006	
71005007	
71005008	
71005009	
71005010	
71005011	
71005012	
71005013	
71005014	
71005015	
71006001	
71006002	
71006003	
71006004	
71006005	
71006006	
71006007	
71006008	
71006009	
71006010	
71006011	
71006012	
71006013	
71006014	
71006015	
71006016	
71006017	
71006018	
71006019	
71006020	
71006021	
71006022	
71006023	
71006024	
71006025	
71006026	
71006027	
71006028	
71006029	
71006030	
71006031	
71006032	
71006033	
71006034	
71006035	
71006036	
71006037	
71007001	
71007002	
71007003	
71007004	
71007005	
71007006	
71007007	
71007008	
71007009	
71007010	
71007011	
71007012	
71007013	
71007014	
71007015	
71007016	
71007017	
71007018	
71007019	
71007020	
71007021	
71007022	
71007023	
71007024	
71007025	
71007026	
71007027	
71007028	
71007029	
71007030	
71007031	
71007032	
71007033	
71007034	
71007035	
71007036	
71008001	
71008002	
71008003	
71008004	
71008005	
71008006	
71008007	
71008008	
71008009	
71008010	
71008011	
71008012	
71008013	
71008014	
71008015	
71008016	
71008017	
71008018	
71008019	
71009001	
71009002	
71009003	
71009004	
71009005	
71009006	
71009007	
71009008	
71009009	
71009010	
71009011	
71009012	
71009013	
71009014	
71009015	
71009016	
71009017	
71009018	
71010001	
71010002	
71010003	
71010004	
71010005	
71010006	
71010007	
71010008	
71010009	
71010010	
71010011	
71010012	
71010013	
71010014	
71010015	
71010016	
71010017	
71010018	
71010019	
71010020	
71010021	
71010022	
71010023	
71010024	
71010025	
71010026	
71010027	
71010028	
71010029	
71010030	
71010031	
71011001	
71011002	
71011003	
71011004	
71011005	
71011006	
71011007	
71011008	
71011009	
71011010	
71011011	
71011012	
71011013	
71011014	
71011015	
71011016	
71011017	
71011018	
71011019	
71011020	
71011021	
71011022	
71011023	
71011024	
71011025	
71011026	
71011027	
71011028	
71011029	
71011030	
71011031	
71011032	
71011033	
71011034	
71012001	
71012002	
71012003	
71012004	
71012005	
71012006	
71012007	
71012008	
71012009	
71012010	
71012011	
71012012	
71012013	
71012014	
71012015	
71012016	
71012017	
71012018	
71013001	
71013002	
71013003	
71013004	
71013005	
71013006	
71013007	
71013008	
71013009	
71013010	
71013011	
71013012	
71013013	
71013014	
71013015	
71013016	
71013017	
71013018	
71013019	
71013020	
71013021	
71013022	
71013023	
71013024	
71013025	
71013026	
71014001	
71014002	
71014003	
71014004	
71014005	
71014006	
71014007	
71014008	
71014009	
71014010	
71014011	
71014012	
71014013	
71014014	
71014015	
71014016	
71014017	
71014018	
71014019	
71014020	
71014021	
71014022	
71014023	
71014024	
71014025	
71014026	
71014027	
71015001	
71015002	
71015003	
71015004	
71015005	
71015006	
71015007	
71015008	
71015009	
71015010	
71015011	
71015012	
71015013	
71015014	
71015015	
71015016	
71015017	
71015018	
71015019	
71015020	
71016001	
71016002	
71016003	
71016004	
71016005	
71016006	
71016007	
71016008	
71016009	
71016010	
71016011	
71016012	
71016013	
71016014	
71016015	
71016016	
71016017	
71016018	
71016019	
71016020	
71016021	
71016022	
71016023	
71016024	
71016025	
71016026	
71016027	
71016028	
71016029	
71016030	
71017001	
71017002	
71017003	
71017004	
71017005	
71017006	
71017007	
71017008	
71017009	
71017010	
71017011	
71017012	
71017013	
71017014	
71017015	
71017016	
71017017	
71017018	
71017019	
71017020	
71017021	
71017022	
71017023	
71017024	
71017025	
71017026	
71017027	
71017028	
71017029	
71017030	
71017031	
71017032	
71018001	
71018002	
71018003	
71018004	
71018005	
71018006	
71018007	
71018008	
71018009	
71018010	
71018011	
71018012	
71018013	
71018014	
71018015	
71018016	
71018017	
71018018	
71018019	
71018020	
71018021	
71018022	
71018023	
71018024	
71018025	
71018026	
71018027	
71018028	
71018029	
71018030	
71018031	
71018032	
71018033	
71019001	
71019002	
71019003	
71019004	
71019005	
71019006	
71019007	
71019008	
71019009	
71019010	
71019011	
71019012	
71019013	
71019014	
71019015	
71019016	
71019017	
71019018	
71019019	
71019020	
71019021	
71019022	
71019023	
71019024	
71019025	
71019026	
71019027	
71019028	
71019029	
71019030	
71020001	
71020002	
71020003	
71020004	
71020005	
71020006	
71020007	
71020008	
71020009	
71020010	
71020011	
71020012	
71020013	
71020014	
71020015	
71020016	
71020017	
71020018	
71020019	
71020020	
71020021	
71020022	
71020023	
71020024	
71020025	
71020026	
71020027	
71020028	
71020029	
71020030	
71020031	
71020032	
71021001	
71021002	
71021003	
71021004	
71021005	
71021006	
71021007	
71021008	
71021009	
71021010	
71021011	
71021012	
71021013	
71021014	
71021015	
71021016	
71021017	
71021018	
71021019	
71021020	
71021021	
71021022	
71021023	
71021024	
71021025	
71021026	
71021027	
71021028	
71022001	
71022002	
71022003	
71022004	
71022005	
71022006	
71022007	
71022008	
71022009	
71022010	
71022011	
71022012	
71022013	
71022014	
71022015	
71022016	
71022017	
71022018	
71022019	
71022020	
71022021	
71022022	
71022023	
71022024	
71022025	
71022026	
71022027	
71023001	
71023002	
71023003	
71023004	
71023005	
71023006	
71023007	
71023008	
71023009	
71023010	
71023011	
71023012	
71023013	
71023014	
71023015	
71023016	
71023017	
71023018	
71023019	
71023020	
71023021	
71023022	
71023023	
71023024	
71023025	
71023026	
71023027	
71023028	
71024001	
71024002	
71024003	
71024004	
71024005	
71024006	
71024007	
71024008	
71024009	
71024010	
71024011	
71024012	
71024013	
71024014	
71024015	
71024016	
71024017	
71024018	
71024019	
71024020	
71024021	
71024022	
71024023	
71024024	
71024025	
71024026	
71024027	
71024028	
71024029	
71024030	
71024031	
71024032	
71024033	
71024034	
71025001	
71025002	
71025003	
71025004	
71025005	
71025006	
71025007	
71025008	
71025009	
71025010	
71025011	
71025012	
71025013	
71025014	
71025015	
71025016	
71025017	
71025018	
71025019	
71025020	
71025021	
71025022	
71025023	
71025024	
71025025	
71025026	
71026001	
71026002	
71026003	
71026004	
71026005	
71026006	
71026007	
71026008	
71026009	
71026010	
71026011	
71026012	
71026013	
71026014	
71026015	
71026016	
71026017	
71026018	
71026019	
71026020	
71026021	
71026022	
71026023	
71026024	
71026025	
71026026	
71026027	
71026028	
71026029	
71027001	
71027002	
71027003	
71027004	
71027005	
71027006	
71027007	
71027008	
71027009	
71027010	
71027011	
71027012	
71027013	
71027014	
71027015	
71027016	
71027017	
71027018	
71027019	
71027020	
71027021	
71027022	
71027023	
71027024	
71027025	
71027026	
71027027	
71027028	
71027029	
71027030	
71028001	
71028002	
71028003	
71028004	
71028005	
71028006	
71028007	
71028008	
71028009	
71028010	
71028011	
71028012	
71028013	
71028014	
71028015	
71028016	
71028017	
71028018	
71028019	
71028020	
71028021	
71028022	
71028023	
71028024	
71028025	
71028026	
71029001	
71029002	
71029003	
71029004	
71029005	
71029006	
71029007	
71029008	
71029009	
71029010	
71029011	
71029012	
71029013	
71029014	
71029015	
71029016	
71029017	
71029018	
71029019	
71029020	
71029021	
71029022	
71029023	
71029024	
71029025	
71029026	
71029027	
71029028	
71030001	
71030002	
71030003	
71030004	
71030005	
71030006	
71030007	
71030008	
71030009	
71030010	
71030011	
71030012	
71030013	
71030014	
71030015	
71030016	
71030017	
71030018	
71030019	
71030020	
71030021	
71030022	
71030023	
71030024	
71030025	
71031001	
71031002	
71031003	
71031004	
71031005	
71031006	
71031007	
71031008	
71031009	
71031010	
71031011	
71031012	
71031013	
71031014	
71031015	
71031016	
71031017	
71031018	
71031019	
71031020	
71031021	
71031022	
71031023	
71031024	
71031025	
71031026	
71031027	
71031028	
71031029	
71031030	
71031031	
71032001	
71032002	
71032003	
71032004	
71032005	
71032006	
71032007	
71032008	
71032009	
71032010	
71032011	
71032012	
71032013	
71032014	
71032015	
71032016	
71032017	
71032018	
71032019	
71032020	
71032021	
71032022	
71032023	
71032024	
71033001	
71033002	
71033003	
71033004	
71033005	
71033006	
71033007	
71033008	
71033009	
71033010	
71033011	
71033012	
71033013	
71033014	
71033015	
71033016	
71033017	
71033018	
71033019	
71033020	
71033021	
71033022	
71033023	
71033024	
71033025	
71033026	
71033027	
71033028	
71033029	
71033030	
71033031	
71034001	
71034002	
71034003	
71034004	
71034005	
71034006	
71034007	
71034008	
71034009	
71034010	
71034011	
71034012	
71034013	
71034014	
71034015	
71034016	
71034017	
71034018	
71034019	
71034020	
71034021	
71034022	
71034023	
71034024	
71034025	
71034026	
71035001	
71035002	
71035003	
71035004	
71035005	
71035006	
71035007	
71035008	
71035009	
71035010	
71035011	
71035012	
71035013	
71035014	
71035015	
71035016	
71035017	
71035018	
71035019	
71035020	
71036001	
71036002	
71036003	
71036004	
71036005	
71036006	
71036007	
71036008	
71036009	
71036010	
71036011	
71036012	
71036013	
71036014	
71036015	
71036016	
71036017	
71036018	
71036019	
71036020	
71036021	
71036022	
71036023	
71036024	
71036025	
71036026	
71037001	
71037002	
71037003	
71037004	
71037005	
71037006	
71037007	
71037008	
71037009	
71037010	
71037011	
71037012	
71037013	
71037014	
71037015	
71037016	
71037017	
71037018	
71037019	
71037020	
71037021	
71037022	
71037023	
71037024	
71037025	
71037026	
71037027	
71037028	
71037029	
71037030	
71037031	
71038001	
71038002	
71038003	
71038004	
71038005	
71038006	
71038007	
71038008	
71038009	
71038010	
71038011	
71038012	
71038013	
71038014	
71038015	
71038016	
71038017	
71038018	
71038019	
71038020	
71038021	
71038022	
71038023	
71038024	
71038025	
71038026	
71038027	
71038028	
71038029	
71038030	
71038031	
71038032	
71038033	
71038034	
71039001	
71039002	
71039003	
71039004	
71039005	
71039006	
71039007	
71039008	
71039009	
71039010	
71039011	
71039012	
71039013	
71039014	
71039015	
71039016	
71039017	
71039018	
71039019	
71039020	
71039021	
71039022	
71039023	
71039024	
71039025	
71039026	
71039027	
71039028	
71039029	
71039030	
71039031	
71039032	
71039033	
71039034	
71039035	
71040001	
71040002	
71040003	
71040004	
71040005	
71040006	
71040007	
71040008	
71040009	
71040010	
71040011	
71040012	
71040013	
71040014	
71040015	
71040016	
71040017	
71040018	
71040019	
71040020	
71040021	
71040022	
71040023	
71040024	
71040025	
71040026	
71040027	
71040028	
71040029	
71040030	
71041001	
71041002	
71041003	
71041004	
71041005	
71041006	
71041007	
71041008	
71041009	
71041010	
71041011	
71041012	
71041013	
71041014	
71041015	
71041016	
71041017	
71041018	
71041019	
71041020	
71041021	
71041022	
71041023	
71041024	
71042001	
71042002	
71042003	
71042004	
71042005	
71042006	
71042007	
71042008	
71042009	
71042010	
71042011	
71042012	
71042013	
71042014	
71042015	
71042016	
71042017	
71042018	
71042019	
71042020	
71042021	
71042022	
71042023	
71042024	
71043001	
71043002	
71043003	
71043004	
71043005	
71043006	
71043007	
71043008	
71043009	
71043010	
71043011	
71043012	
71043013	
71043014	
71043015	
71043016	
71043017	
71043018	
71043019	
71043020	
71043021	
71043022	
71043023	
71043024	
71043025	
71043026	
71043027	
71043028	
71043029	
71043030	
71043031	
71043032	
71043033	
71044001	
71044002	
71044003	
71044004	
71044005	
71044006	
71044007	
71044008	
71044009	
71044010	
71044011	
71044012	
71044013	
71044014	
71044015	
71044016	
71044017	
71044018	
71044019	
71044020	
71044021	
71044022	
71044023	
71045001	
71045002	
71045003	
71045004	
71045005	
71045006	
71045007	
71045008	
71045009	
71045010	
71045011	
71045012	
71045013	
71045014	
71045015	
71045016	
71045017	
71045018	
71045019	
71045020	
71045021	
71045022	
71045023	
71045024	
71045025	
71045026	
71046001	
71046002	
71046003	
71046004	
71046005	
71046006	
71046007	
71046008	
71046009	
71046010	
71046011	
71046012	
71046013	
71046014	
71046015	
71046016	
71046017	
71046018	
71046019	
71046020	
71047001	
71047002	
71047003	
71047004	
71047005	
71047006	
71047007	
71047008	
71047009	
71047010	
71047011	
71047012	
71047013	
71047014	
71047015	
71047016	
71047017	
71047018	
71047019	
71047020	
71047021	
71047022	
71047023	
71047024	
71047025	
71048001	
71048002	
71048003	
71048004	
71048005	
71048006	
71048007	
71048008	
71048009	
71048010	
71048011	
71048012	
71048013	
71048014	
71048015	
71048016	
71048017	
71048018	
71048019	
71048020	
71048021	
71048022	
71048023	
71048024	
71048025	
71049001	
71049002	
71049003	
71049004	
71049005	
71049006	
71049007	
71049008	
71049009	
71049010	
71049011	
71049012	
71049013	
71049014	
71049015	
71049016	
71050001	
71050002	
71050003	
71050004	
71050005	
71050006	
71050007	
71050008	
71050009	
71050010	
71050011	
71050012	
71050013	
71050014	
71050015	
71050016	
71050017	
71050018	
71050019	
71050020	
71050021	
71050022	
71050023	
71050024	
71050025	
71050026	
71050027	
71050028	
71050029	
71051001	
71051002	
71051003	
71051004	
71051005	
71051006	
71051007	
71051008	
71051009	
71051010	
71051011	
71051012	
71051013	
71051014	
71051015	
71051016	
71051017	
71051018	
71051019	
71051020	
71051021	
71051022	
71051023	
71051024	
71051025	
71051026	
71051027	
71051028	
71051029	
71051030	
72001001	
72001002	
72001003	
72001004	
72001005	
72001006	
72001007	
72001008	
72001009	
72001010	
72001011	
72001012	
72001013	
72001014	
72001015	
72001016	
72001017	
72001018	
72001019	
72001020	
72001021	
72001022	
72002001	
72002002	
72002003	
72002004	
72002005	
72002006	
72002007	
72002008	
72002009	
72002010	
72002011	
72002012	
72002013	
72002014	
72002015	
72002016	
72002017	
72002018	
72002019	
72002020	
72002021	
72002022	
72002023	
72002024	
72002025	
72002026	
72002027	
72002028	
72002029	
72002030	
72002031	
72002032	
72002033	
72002034	
72002035	
72003001	
72003002	
72003003	
72003004	
72003005	
72003006	
72003007	
72003008	
72003009	
72003010	
72003011	
72003012	
72003013	
72003014	
72003015	
72003016	
72003017	
72003018	
72003019	
72003020	
72003021	
72003022	
72003023	
72003024	
72003025	
72003026	
72003027	
72003028	
72003029	
72003030	
72003031	
72003032	
72003033	
72003034	
72003035	
72003036	
72003037	
72004001	
72004002	
72004003	
72004004	
72004005	
72004006	
72004007	
72004008	
72004009	
72004010	
72004011	
72004012	
72004013	
72004014	
72004015	
72004016	
72004017	
72004018	
72004019	
72004020	
72004021	
72004022	
72004023	
72004024	
72004025	
72004026	
72004027	
72004028	
72004029	
72004030	
72004031	
72004032	
72004033	
72004034	
72004035	
72004036	
72004037	
72005001	
72005002	
72005003	
72005004	
72005005	
72005006	
72005007	
72005008	
72005009	
72006001	
72006002	
72006003	
72006004	
72006005	
72006006	
72006007	
72006008	
72006009	
72006010	
72006011	
72006012	
72006013	
72006014	
72006015	
72006016	
72006017	
72006018	
72006019	
72006020	
72006021	
72006022	
72006023	
72006024	
72006025	
72006026	
72006027	
72006028	
72006029	
72006030	
72006031	
72006032	
72006033	
72006034	
72006035	
72006036	
72006037	
72006038	
72006039	
72006040	
72006041	
72006042	
72006043	
72006044	
72006045	
72006046	
72006047	
72006048	
72006049	
72006050	
72006051	
72006052	
72006053	
72006054	
72006055	
72006056	
72006057	
72006058	
72006059	
72006060	
72006061	
72006062	
72006063	
72006064	
72006065	
72006066	
72006067	
72006068	
72006069	
72006070	
72006071	
72006072	
72006073	
81001001	
81001002	
81001003	
81001004	
81001005	
81001006	
81001007	
81001008	
81001009	
81001010	
81001011	
81001012	
81001013	
81001014	
81001015	
81001016	
81001017	
81001018	
81001019	
81001020	
81001021	
81001022	
81001023	
81001024	
81001025	
81001026	
81001027	
81001028	
81001029	
81001030	
81001031	
81001032	
81001033	
81001034	
81001035	
81001036	
81001037	
81001038	
81001039	
81001040	
81001041	
81001042	
81001043	
81001044	
81001045	
81001046	
81001047	
81001048	
81001049	
81001050	
81001051	
81001052	
81001053	
81001054	
81001055	
81001056	
81001057	
81001058	
81002001	
81002002	
81002003	
81002004	
81002005	
81002006	
81002007	
81002008	
81002009	
81002010	
81002011	
81002012	
81002013	
81002014	
81002015	
81002016	
81002017	
81002018	
81002019	
81002020	
81002021	
81002022	
81002023	
81002024	
81002025	
81002026	
81002027	
81002028	
81002029	
81002030	
81003001	
81003002	
81003003	
81003004	
81003005	
81003006	
81003007	
81003008	
81003009	
81003010	
81003011	
81003012	
81003013	
81003014	
81003015	
81003016	
81003017	
81003018	
81003019	
81003020	
81003021	
81003022	
81003023	
81003024	
81004001	
81004002	
81004003	
81004004	
81004005	
81004006	
81004007	
81004008	
81004009	
81004010	
81004011	
81004012	
81004013	
81004014	
81004015	
81004016	
81004017	
81004018	
81004019	
81004020	
81004021	
81004022	
81004023	
81004024	
81004025	
81004026	
81004027	
81004028	
81004029	
81004030	
81004031	
81004032	
81004033	
81004034	
81004035	
81004036	
81004037	
81004038	
81004039	
81004040	
81004041	
81004042	
81004043	
81004044	
81004045	
81004046	
81004047	
81004048	
81004049	
81004050	
81004051	
81004052	
81004053	
81004054	
81004055	
81004056	
81004057	
81004058	
81004059	
81004060	
81004061	
81004062	
81004063	
81005001	
81005002	
81005003	
81005004	
81005005	
81005006	
81005007	
81005008	
81005009	
81005010	
81005011	
81005012	
81005013	
81005014	
81005015	
81005016	
81005017	
81005018	
81005019	
81005020	
81005021	
81005022	
81005023	
81005024	
81005025	
81005026	
81005027	
81005028	
81005029	
81005030	
81005031	
81005032	
81005033	
81005034	
81005035	
81005036	
81005037	
81005038	
81005039	
81005040	
81005041	
81005042	
81005043	
81005044	
81005045	
81005046	
81005047	
81005048	
81005049	
81005050	
81005051	
81005052	
81005053	
81005054	
81005055	
81005056	
81005057	
81005058	
81005059	
81005060	
81005061	
81005062	
81005063	
81005064	
81005065	
81005066	
81005067	
81005068	
81005069	
81005070	
81005071	
81005072	
81005073	
81006001	
81006002	
81006003	
81006004	
81006005	
81006006	
81006007	
81006008	
81006009	
81006010	
81006011	
81006012	
81006013	
81006014	
81006015	
81006016	
81006017	
81006018	
81006019	
81006020	
81006021	
81006022	
81006023	
81006024	
81006025	
81006026	
81006027	
81006028	
81006029	
81006030	
81006031	
81006032	
81006033	
81006034	
81007001	
81007002	
81007003	
81007004	
81007005	
81007006	
81007007	
81007008	
81007009	
81007010	
81007011	
81007012	
81007013	
81007014	
81007015	
81008001	
81008002	
81008003	
81008004	
81008005	
81008006	
81008007	
81008008	
81008009	
81008010	
81008011	
81008012	
81008013	
81008014	
81008015	
81008016	
81008017	
81008018	
81008019	
81008020	
81008021	
81008022	
81008023	
81008024	
81008025	
81008026	
81008027	
81008028	
81008029	
81008030	
81008031	
81008032	
81008033	
81008034	
81008035	
81008036	
81008037	
81008038	
81008039	
81008040	
81008041	
81008042	
81008043	
81008044	
81008045	
81008046	
81008047	
81008048	
81008049	
81008050	
81008051	
81008052	
81008053	
81008054	
81008055	
81008056	
81008057	
81008058	
81008059	
81008060	
81008061	
81008062	
81008063	
81008064	
81008065	
81008066	
81008067	
81008068	
81008069	
81008070	
81008071	
81008072	
81008073	
81008074	
81008075	
81008076	
81008077	
81008078	
81008079	
81008080	
81008081	
81008082	
81008083	
81008084	
81008085	
81008086	
81008087	
81008088	
81008089	
81008090	
81008091	
81008092	
81008093	
81008094	
81008095	
81008096	
81009001	
81009002	
81009003	
81009004	
81009005	
81009006	
81009007	
81009008	
81009009	
81009010	
81009011	
81009012	
81009013	
81009014	
81009015	
81009016	
81009017	
81009018	
81009019	
81009020	
81009021	
81009022	
81009023	
81009024	
81009025	
81009026	
81009027	
81009028	
81009029	
81009030	
81009031	
81009032	
81009033	
81009034	
81009035	
81009036	
81009037	
81009038	
81009039	
81009040	
81009041	
81009042	
81009043	
81009044	
81009045	
81009046	
81009047	
81009048	
81009049	
81009050	
81009051	
81009052	
81009053	
81009054	
81009055	
82001001	
82001002	
82001003	
82001004	
82001005	
82001006	
82001007	
82001008	
82001009	
82001010	
82001011	
82001012	
82001013	
82001014	
82001015	
82001016	
82001017	
82001018	
82001019	
82001020	
82001021	
82001022	
82001023	
82001024	
82001025	
82001026	
82001027	
82001028	
82001029	
82001030	
82001031	
82001032	
82001033	
82001034	
82001035	
82001036	
82001037	
82001038	
82001039	
82001040	
82002001	
82002002	
82002003	
82002004	
82002005	
82002006	
82002007	
82002008	
82002009	
82002010	
82002011	
82002012	
82002013	
82002014	
82002015	
82002016	
82002017	
82002018	
82002019	
82002020	
82002021	
82002022	
82002023	
82002024	
82002025	
82002026	
82002027	
82002028	
82002029	
82002030	
82002031	
82002032	
82002033	
82002034	
82002035	
82002036	
82002037	
82002038	
82002039	
82002040	
82002041	
82002042	
82002043	
82002044	
82002045	
82002046	
82002047	
82002048	
82003001	
82003002	
82003003	
82003004	
82003005	
82003006	
82003007	
82003008	
82003009	
82003010	
82003011	
82003012	
82003013	
82003014	
82003015	
82003016	
82003017	
82003018	
82003019	
82003020	
82003021	
82003022	
82003023	
82003024	
82003025	
82003026	
82003027	
82003028	
82003029	
82003030	
82003031	
82003032	
82003033	
82003034	
82003035	
82003036	
82004001	
82004002	
82004003	
82004004	
82004005	
82004006	
82004007	
82004008	
82004009	
82004010	
82004011	
82004012	
82004013	
82004014	
82004015	
82004016	
82004017	
82004018	
82004019	
82004020	
82004021	
82004022	
82004023	
82004024	
82004025	
82004026	
82004027	
82004028	
82004029	
82004030	
82004031	
82004032	
82004033	
82004034	
82004035	
82004036	
82004037	
82004038	
82004039	
82004040	
82004041	
82004042	
82004043	
82004044	
82004045	
82004046	
82004047	
82004048	
82004049	
82004050	
82004051	
82004052	
82005001	
82005002	
82005003	
82005004	
82005005	
82005006	
82005007	
82005008	
82005009	
82005010	
82005011	
82005012	
82005013	
82005014	
82005015	
82005016	
82005017	
82005018	
82005019	
82005020	
82005021	
82005022	
82005023	
82005024	
82005025	
82005026	
82005027	
82005028	
82005029	
82005030	
82005031	
82005032	
82005033	
82005034	
82005035	
82005036	
82005037	
82005038	
82005039	
82005040	
82005041	
82005042	
82005043	
82005044	
82005045	
82005046	
82005047	
82005048	
82005049	
82005050	
82005051	
82005052	
82005053	
82005054	
82005055	
82005056	
82006001	
82006002	
82006003	
82006004	
82006005	
82006006	
82006007	
82006008	
82006009	
82006010	
82006011	
82006012	
82006013	
82006014	
82006015	
82006016	
82006017	
82006018	
82006019	
82006020	
82006021	
82006022	
82006023	
82006024	
82006025	
82006026	
82006027	
82006028	
82006029	
82006030	
82006031	
82006032	
82006033	
82006034	
82006035	
82006036	
82006037	
82006038	
82006039	
82006040	
82006041	
82006042	
82006043	
82006044	
82006045	
82006046	
82006047	
82006048	
82006049	
82006050	
82006051	
82006052	
82006053	
82006054	
82006055	
82006056	
82006057	
82006058	
82006059	
82007001	
82007002	
82007003	
82007004	
82007005	
82007006	
82007007	
82007008	
82007009	
82007010	
82007011	
82007012	
82007013	
82007014	
82007015	
82007016	
82007017	
82007018	
82007019	
82007020	
82007021	
82007022	
82007023	
82007024	
82007025	
82007026	
82007027	
82007028	
82007029	
82007030	
82007031	
82007032	
82007033	
82007034	
82007035	
82007036	
82007037	
82007038	
82007039	
82007040	
82007041	
82007042	
82007043	
82007044	
82007045	
82007046	
82007047	
82007048	
82007049	
82007050	
82007051	
82007052	
82007053	
82007054	
82007055	
82007056	
82007057	
82007058	
82007059	
82007060	
82007061	
82007062	
82007063	
82007064	
82007065	
82007066	
82007067	
82007068	
82007069	
82007070	
82008001	
82008002	
82008003	
82008004	
82008005	
82008006	
82008007	
82008008	
82008009	
82008010	
82008011	
82008012	
82008013	
82008014	
82008015	
82008016	
82008017	
82008018	
82008019	
82008020	
82008021	
82008022	
82008023	
82008024	
82008025	
82008026	
82008027	
82008028	
82008029	
82008030	
82008031	
82008032	
82008033	
82008034	
82008035	
82008036	
82008037	
82008038	
82008039	
82008040	
82008041	
82008042	
82008043	
82008044	
82008045	
82008046	
82008047	
82008048	
82008049	
82008050	
82008051	
82008052	
82008053	
82008054	
82008055	
82008056	
82008057	
82008058	
82008059	
82008060	
82008061	
82008062	
82008063	
82009001	
82009002	
82009003	
82009004	
82009005	
82009006	
82009007	
82009008	
82009009	
82009010	
82009011	
82009012	
82009013	
82009014	
82009015	
82009016	
82009017	
82009018	
82009019	
82009020	
82009021	
82009022	
82009023	
82009024	
82009025	
82009026	
82009027	
82009028	
82009029	
82009030	
82009031	
82009032	
82009033	
82009034	
82009035	
82009036	
82009037	
82009038	
82009039	
82009040	
82009041	
82009042	
82009043	
82009044	
82009045	
82009046	
82009047	
82010001	
82010002	
82010003	
82010004	
82010005	
82010006	
82010007	
82010008	
82010009	
82010010	
82010011	
82010012	
82010013	
82010014	
82010015	
82010016	
82010017	
82010018	
82010019	
82010020	
82010021	
82010022	
82010023	
82010024	
82010025	
82010026	
82010027	
82010028	
82010029	
82010030	
82010031	
82010032	
82010033	
82010034	
82010035	
82010036	
82010037	
82010038	
82010039	
82010040	
82010041	
82010042	
82010043	
82010044	
82010045	
82010046	
82010047	
82010048	
82010049	
82010050	
82010051	
82010052	
82010053	
82010054	
82010055	
82010056	
82010057	
82010058	
82010059	
82011001	
82011002	
82011003	
82011004	
82011005	
82011006	
82011007	
82011008	
82011009	
82011010	
82011011	
82011012	
82011013	
82011014	
82011015	
82011016	
82011017	
82011018	
82011019	
82011020	
82011021	
82011022	
82011023	
82011024	
82011025	
82011026	
82011027	
82011028	
82011029	
82011030	
82011031	
82011032	
82011033	
82011034	
82011035	
82011036	
82011037	
82011038	
82011039	
82011040	
82011041	
82011042	
82011043	
82011044	
82011045	
82011046	
82012001	
82012002	
82012003	
82012004	
82012005	
82012006	
82012007	
82012008	
82012009	
82012010	
82012011	
82012012	
82012013	
82012014	
82012015	
82012016	
82012017	
82012018	
82012019	
82012020	
82012021	
82012022	
82012023	
82012024	
82012025	
82012026	
82012027	
82012028	
82012029	
82012030	
82012031	
82012032	
82012033	
82012034	
82012035	
82012036	
82012037	
82012038	
82012039	
82012040	
82012041	
82012042	
82012043	
82012044	
82012045	
82012046	
82012047	
82012048	
82012049	
82012050	
82012051	
82013001	
82013002	
82013003	
82013004	
82013005	
82013006	
82013007	
82013008	
82013009	
82013010	
82013011	
82013012	
82013013	
82013014	
82013015	
82013016	
82013017	
82013018	
82013019	
82013020	
82013021	
82013022	
82013023	
82013024	
82013025	
82013026	
82013027	
82013028	
82013029	
82013030	
82013031	
82013032	
82013033	
82013034	
82013035	
82013036	
82013037	
82013038	
82013039	
82013040	
82013041	
82013042	
82013043	
82013044	
82013045	
82013046	
82013047	
82013048	
82013049	
82013050	
82013051	
82013052	
82013053	
82013054	
82013055	
82013056	
82013057	
82013058	
82014001	
82014002	
82014003	
82014004	
82014005	
82014006	
82014007	
82014008	
82014009	
82014010	
82014011	
82014012	
82014013	
82014014	
82014015	
82014016	
82014017	
82014018	
82014019	
82014020	
82014021	
82014022	
82014023	
82014024	
82014025	
82014026	
82014027	
82014028	
82014029	
82014030	
82014031	
82014032	
82014033	
82014034	
82014035	
82014036	
82014037	
82014038	
82014039	
82014040	
82014041	
82014042	
82014043	
82014044	
82014045	
82014046	
82014047	
82014048	
82015001	
82015002	
82015003	
82015004	
82015005	
82015006	
82015007	
82015008	
82015009	
82015010	
82015011	
82015012	
82015013	
82015014	
82015015	
82015016	
82015017	
82015018	
82015019	
82015020	
82015021	
82015022	
82015023	
82015024	
82015025	
82015026	
82015027	
82015028	
82015029	
82015030	
82015031	
82015032	
82015033	
82015034	
82015035	
82015036	
82015037	
82015038	
82015039	
82015040	
82015041	
82015042	
82015043	
82015044	
82015045	
82015046	
82015047	
82015048	
82015049	
82015050	
82015051	
82015052	
82015053	
82015054	
82015055	
82015056	
82015057	
82015058	
82015059	
82015060	
82015061	
82015062	
82015063	
82016001	
82016002	
82016003	
82016004	
82016005	
82016006	
82016007	
82016008	
82016009	
82016010	
82016011	
82016012	
82016013	
82016014	
82016015	
82016016	
82016017	
82016018	
82016019	
82016020	
82016021	
82016022	
82016023	
82016024	
82016025	
82016026	
82016027	
82016028	
82016029	
82016030	
82016031	
82016032	
82016033	
82016034	
82016035	
82016036	
82016037	
82016038	
82016039	
82016040	
82016041	
82016042	
82016043	
82016044	
82016045	
82016046	
82016047	
82016048	
82016049	
82016050	
82016051	
82016052	
82016053	
82016054	
82016055	
82016056	
82016057	
82016058	
82016059	
82016060	
82016061	
82016062	
82016063	
82016064	
82016065	
82016066	
82016067	
82016068	
82016069	
82016070	
82016071	
82016072	
82016073	
82016074	
82016075	
82016076	
82016077	
82016078	
