27013001	
27013002	
27013003	
27013004	
27013005	
27013006	
27013007	
27013008	
27013009	
27013010	
27013011	
27013012	
27013013	
27013014	
27013015	
27013016	
27013017	
27013018	
27013019	
27013020	
27013021	
27013022	
27013023	
27013024	
27013025	
27013026	
27013027	
27013028	
27013029	
27013030	
27013031	
27013032	
27013033	
27013034	
27013035	
27013036	
27013037	
27013038	
27013039	
27013040	
27013041	
27013042	
27013043	
27013044	
27013045	
27013046	
27013047	
27013048	
27013049	
27013050	
27013051	
27013052	
27013053	
27013054	
27013055	
27013056	
27013057	
27013058	
27013059	
27013060	
27013061	
27013062	
27013063	
27013064	
27014001	
27014002	
27014003	
27014004	
27014005	
27014006	
27014007	
27014008	
27014009	
27014010	
27014011	
27014012	
27014013	
27014014	
27014015	
27014016	
27014017	
27014018	
27014019	
27014020	
27014021	
27014022	
27014023	
27014024	
27014025	
27014026	
27014027	
27014028	
27014029	
27014030	
27014031	
27014032	
27014033	
27014034	
27014035	
27014036	
27014037	
27014038	
27014039	
27014040	
27014041	
27014042	
67001001	
67001002	
67001003	
67001004	
67001005	
67001006	
67001007	
67001008	
67001009	
67001010	
67001011	
67001012	
67001013	
67001014	
67001015	
67001016	
67001017	
67001018	
67001019	
67001020	
67001021	
67001022	
67002001	
67002002	
67002003	
67002004	
67002005	
67002006	
67002007	
67002008	
67002009	
67002010	
67002011	
67002012	
67002013	
67002014	
67003001	
67003002	
67003003	
67003004	
67003005	
67003006	
67003007	
67003008	
67003009	
67003010	
67003011	
67003012	
67003013	
67003014	
67003015	
67003016	
67003017	
67004001	
67004002	
67004003	
67004004	
67004005	
67004006	
67004007	
67004008	
67004009	
67004010	
67004011	
67004012	
67004013	
67004014	
67004015	
67004016	
67004017	
67004018	
67004019	
67004020	
67004021	
67005001	
67005002	
67005003	
67005004	
67005005	
67005006	
67005007	
67005008	
67005009	
67005010	
67005011	
67005012	
67005013	
67005014	
67005015	
67005016	
67005017	
67005018	
67005019	
67005020	
67005021	
67005022	
67006001	
67006002	
67006003	
67006004	
67006005	
67006006	
67006007	
67006008	
67006009	
67006010	
67006011	
67006012	
67006013	
67006014	
67006015	
67006016	
67006017	
67007001	
67007002	
67007003	
67007004	
67007005	
67007006	
67007007	
67007008	
67007009	
67007010	
67007011	
67007012	
67007013	
67007014	
67007015	
67007016	
67007017	
67007018	
67008001	
67008002	
67008003	
67008004	
67008005	
67008006	
67008007	
67008008	
67008009	
67008010	
67008011	
67008012	
67008013	
67008014	
67008015	
67008016	
67008017	
67008018	
67008019	
67008020	
67008021	
67009001	
67009002	
67009003	
67009004	
67009005	
67009006	
67010001	
67010002	
67010003	
67010004	
67010005	
67010006	
67010007	
67010008	
67010009	
67010010	
67010011	
67010012	
67011001	
67011002	
67011003	
67011004	
67011005	
67011006	
67011007	
67011008	
67011009	
67011010	
67011011	
67011012	
67011013	
67011014	
67011015	
67011016	
67011017	
67011018	
67011019	
67012001	
67012002	
67012003	
67012004	
67012005	
67012006	
67012007	
67012008	
67012009	
67012010	
67012011	
67012012	
67012013	
67012014	
67012015	
67012016	
67012017	
67012018	
67012019	
67012020	
67012021	
67012022	
67013001	
67013002	
67013003	
67013004	
67013005	
67013006	
67013007	
67013008	
67013009	
67013010	
67013011	
67013012	
67013013	
67013014	
67013015	
67013016	
67013017	
67013018	
67014001	
67014002	
67014003	
67014004	
67014005	
67014006	
67014007	
67014008	
67014009	
67014010	
67014011	
67014012	
67014013	
67014014	
67014015	
68001001	
68001002	
68001003	
68001004	
68001005	
68001006	
68001007	
68001008	
68001009	
68001010	
68001011	
68001012	
68001013	
68001014	
68001015	
68001016	
68002001	
68002002	
68002003	
68002004	
68002005	
68002006	
68002007	
68002008	
68002009	
68002010	
68002011	
68002012	
68002013	
68002014	
68002015	
68002016	
68002017	
68002018	
68002019	
68002020	
68002021	
68002022	
68002023	
68002024	
68002025	
68002026	
68002027	
68002028	
68003001	
68003002	
68003003	
68003004	
68003005	
68003006	
68003007	
68003008	
68003009	
68003010	
68004001	
68004002	
68004003	
68004004	
68004005	
68004006	
68004007	
68004008	
68004009	
68004010	
68004011	
68004012	
68004013	
68004014	
68004015	
68005001	
68005002	
68005003	
68005004	
68005005	
68005006	
68005007	
68005008	
68005009	
68005010	
68005011	
68005012	
68005013	
68005014	
68005015	
68005016	
68005017	
68005018	
68005019	
68005020	
68005021	
68005022	
68005023	
68005024	
68006001	
68006002	
68006003	
68006004	
68006005	
68006006	
68006007	
68006008	
68006009	
68006010	
68006011	
68006012	
68006013	
68006014	
68006015	
68006016	
68006017	
68006018	
68006019	
68006020	
68006021	
68007001	
68007002	
68007003	
68007004	
68007005	
68007006	
68007007	
68007008	
68007009	
68007010	
68007011	
68007012	
68007013	
68007014	
68007015	
68007016	
68007017	
68007018	
68007019	
68007020	
68007021	
68007022	
68007023	
68007024	
68007025	
68007026	
68007027	
68007028	
68007029	
68007030	
68007031	
68007032	
68008001	
68008002	
68008003	
68008004	
68008005	
68008006	
68008007	
68008008	
68008009	
68008010	
68008011	
68008012	
68008013	
68008014	
68008015	
68008016	
68008017	
68008018	
68008019	
68008020	
68008021	
68008022	
68008023	
68008024	
68008025	
68008026	
68008027	
68008028	
68008029	
68008030	
68008031	
68008032	
68008033	
68008034	
68008035	
68008036	
68009001	
68009002	
68009003	
68009004	
68009005	
68009006	
68009007	
68009008	
68009009	
68009010	
68009011	
68009012	
68009013	
68009014	
68010001	
68010002	
68010003	
68010004	
68010005	
68010006	
68010007	
68010008	
68010009	
68010010	
68010011	
68010012	
68010013	
68010014	
68010015	
68010016	
68010017	
68010018	
68010019	
68010020	
68010021	
68010022	
68010023	
68011001	
68011002	
68011003	
68011004	
68011005	
68011006	
68011007	
68011008	
68011009	
68011010	
68011011	
68011012	
68011013	
68011014	
68011015	
68011016	
68011017	
68011018	
68011019	
68011020	
68011021	
68011022	
68011023	
68012001	
68012002	
68012003	
68012004	
68012005	
68012006	
68012007	
68012008	
68012009	
68012010	
68012011	
68012012	
68012013	
68012014	
68012015	
68012016	
68012017	
68012018	
68012019	
68012020	
68013001	
68013002	
68013003	
68013004	
68013005	
68013006	
68013007	
68013008	
68013009	
68013010	
68013011	
68013012	
68013013	
68013014	
68013015	
68013016	
68013017	
68013018	
68013019	
68013020	
68014001	
68014002	
68014003	
68014004	
68014005	
68014006	
68014007	
68014008	
68014009	
68014010	
68014011	
68014012	
68014013	
68014014	
68014015	
68014016	
68014017	
68014018	
68014019	
68015001	
68015002	
68015003	
68015004	
68015005	
68015006	
68015007	
68015008	
68015009	
68015010	
68015011	
68015012	
68015013	
68016001	
68016002	
68016003	
68016004	
68016005	
68016006	
68016007	
68016008	
68016009	
68016010	
68016011	
68016012	
68016013	
68016014	
68016015	
68016016	
68016017	
68016018	
68016019	
68016020	
68016021	
68016022	
68016023	
68016024	
68016025	
72001001	
72001002	
72001003	
72001004	
72001005	
72001006	
72001007	
72001008	
72001009	
72001010	
72001011	
72001012	
72001013	
72001014	
72001015	
72001016	
72001017	
72001018	
72001019	
72001020	
72001021	
72001022	
72002001	
72002002	
72002003	
72002004	
72002005	
72002006	
72002007	
72002008	
72002009	
72002010	
72002011	
72002012	
72002013	
72002014	
72002015	
72002016	
72002017	
72002018	
72002019	
72002020	
72002021	
72002022	
72002023	
72002024	
72002025	
72002026	
72002027	
72002028	
72002029	
72002030	
72002031	
72002032	
72002033	
72002034	
72002035	
72003001	
72003002	
72003003	
72003004	
72003005	
72003006	
72003007	
72003008	
72003009	
72003010	
72003011	
72003012	
72003013	
72003014	
72003015	
72003016	
72003017	
72003018	
72003019	
72003020	
72003021	
72003022	
72003023	
72003024	
72003025	
72003026	
72003027	
72003028	
72003029	
72003030	
72003031	
72003032	
72003033	
72003034	
72003035	
72003036	
72003037	
72004001	
72004002	
72004003	
72004004	
72004005	
72004006	
72004007	
72004008	
72004009	
72004010	
72004011	
72004012	
72004013	
72004014	
72004015	
72004016	
72004017	
72004018	
72004019	
72004020	
72004021	
72004022	
72004023	
72004024	
72004025	
72004026	
72004027	
72004028	
72004029	
72004030	
72004031	
72004032	
72004033	
72004034	
72004035	
72004036	
72004037	
72005001	
72005002	
72005003	
72005004	
72005005	
72005006	
72005007	
72005008	
72005009	
72006001	
72006002	
72006003	
72006004	
72006005	
72006006	
72006007	
72006008	
72006009	
72006010	
72006011	
72006012	
72006013	
72006014	
72006015	
72006016	
72006017	
72006018	
72006019	
72006020	
72006021	
72006022	
72006023	
72006024	
72006025	
72006026	
72006027	
72006028	
72006029	
72006030	
72006031	
72006032	
72006033	
72006034	
72006035	
72006036	
72006037	
72006038	
72006039	
72006040	
72006041	
72006042	
72006043	
72006044	
72006045	
72006046	
72006047	
72006048	
72006049	
72006050	
72006051	
72006052	
72006053	
72006054	
72006055	
72006056	
72006057	
72006058	
72006059	
72006060	
72006061	
72006062	
72006063	
72006064	
72006065	
72006066	
72006067	
72006068	
72006069	
72006070	
72006071	
72006072	
72006073	
