70001001	
70001002	
70001003	
70001004	
70001005	
70001006	
70001007	
70001008	
70001009	
70001010	
70001011	
70001012	
70001013	
70001014	
70001015	
70001016	
70002001	
70002002	
70002003	
70002004	
70002005	
70002006	
70002007	
70002008	
70002009	
70002010	
70002011	
70002012	
70002013	
70002014	
70002015	
70002016	
70002017	
70002018	
70002019	
70002020	
70002021	
70002022	
70002023	
70002024	
70003001	
70003002	
70003003	
70003004	
70003005	
70003006	
70003007	
70003008	
70003009	
70003010	
70003011	
70003012	
70003013	
70003014	
70003015	
70003016	
70003017	
70003018	
70003019	
70004001	
70004002	
70004003	
70004004	
70004005	
70004006	
70004007	
70004008	
70004009	
70004010	
70004011	
70004012	
70004013	
70004014	
70004015	
70004016	
70004017	
70004018	
70004019	
70004020	
70005001	
70005002	
70005003	
70005004	
70005005	
70005006	
70005007	
70005008	
70005009	
70005010	
70005011	
70005012	
70005013	
70005014	
70005015	
70005016	
70005017	
70005018	
70005019	
70005020	
70005021	
70005022	
70005023	
70006001	
70006002	
70006003	
70006004	
70006005	
70006006	
70006007	
70006008	
70006009	
70006010	
70006011	
70006012	
70006013	
70006014	
70006015	
70006016	
70006017	
70006018	
70006019	
70006020	
70006021	
70006022	
70006023	
70006024	
70006025	
70007001	
70007002	
70007003	
70007004	
70007005	
70007006	
70007007	
70007008	
70007009	
70007010	
70007011	
70007012	
70007013	
70007014	
70007015	
70007016	
70007017	
70007018	
70007019	
70007020	
70007021	
70007022	
70007023	
70007024	
70007025	
70007026	
70007027	
70007028	
70007029	
70007030	
70008001	
70008002	
70008003	
70008004	
70008005	
70008006	
70008007	
70008008	
70008009	
70008010	
70008011	
70008012	
70008013	
70008014	
70008015	
70008016	
70008017	
70008018	
70008019	
70008020	
70008021	
70009001	
70009002	
70009003	
70009004	
70009005	
70009006	
70009007	
70009008	
70009009	
70009010	
70009011	
70009012	
70009013	
70009014	
70009015	
70009016	
70009017	
70009018	
70010001	
70010002	
70010003	
70010004	
70010005	
70010006	
70010007	
70010008	
70010009	
70010010	
70010011	
70010012	
70010013	
70010014	
70010015	
70010016	
70010017	
70010018	
70010019	
70010020	
70010021	
70011001	
70011002	
70011003	
70011004	
70011005	
70011006	
70011007	
70011008	
70011009	
70011010	
70011011	
70011012	
70011013	
70011014	
70011015	
70011016	
70011017	
70011018	
70011019	
70011020	
70011021	
70011022	
70011023	
70011024	
70011025	
70011026	
70012001	
70012002	
70012003	
70012004	
70012005	
70012006	
70012007	
70012008	
70012009	
70012010	
70012011	
70012012	
70012013	
70012014	
70012015	
70012016	
70012017	
70012018	
70012019	
70012020	
70012021	
70012022	
70012023	
70012024	
70012025	
70012026	
70012027	
70013001	
70013002	
70013003	
70013004	
70013005	
70013006	
70013007	
70013008	
70013009	
70013010	
70013011	
70013012	
70013013	
70013014	
70013015	
70013016	
70013017	
70013018	
70013019	
70014001	
70014002	
70014003	
70014004	
70014005	
70014006	
70014007	
70014008	
70014009	
70014010	
70014011	
70014012	
70014013	
70014014	
70014015	
70014016	
70014017	
70014018	
70014019	
70014020	
70014021	
70014022	
70014023	
70014024	
70014025	
70014026	
70014027	
70014028	
70014029	
70014030	
70014031	
70015001	
70015002	
70015003	
70015004	
70015005	
70015006	
70015007	
70015008	
70015009	
70015010	
70015011	
70015012	
70015013	
70015014	
70015015	
70015016	
70015017	
70015018	
70015019	
70016001	
70016002	
70016003	
70016004	
70016005	
70016006	
70016007	
70016008	
70016009	
70016010	
70016011	
70016012	
70016013	
70016014	
70016015	
70016016	
70016017	
70016018	
70016019	
70016020	
70016021	
70016022	
70016023	
70016024	
70016025	
70016026	
70016027	
70016028	
70016029	
70017001	
70017002	
70017003	
70017004	
70017005	
70017006	
70017007	
70017008	
70017009	
70017010	
70017011	
70017012	
70017013	
70017014	
70017015	
70017016	
70017017	
70017018	
70017019	
70017020	
70017021	
70018001	
70018002	
70018003	
70018004	
70018005	
70018006	
70018007	
70018008	
70018009	
70018010	
70018011	
70018012	
70018013	
70018014	
70018015	
70018016	
70018017	
70018018	
70018019	
70018020	
70018021	
70018022	
70018023	
70018024	
70018025	
70019001	
70019002	
70019003	
70019004	
70019005	
70019006	
70019007	
70019008	
70019009	
70019010	
70019011	
70019012	
70019013	
70019014	
70019015	
70019016	
70019017	
70019018	
70019019	
70019020	
70019021	
70019022	
71001001	
71001002	
71001003	
71001004	
71001005	
71001006	
71001007	
71001008	
71001009	
71001010	
71001011	
71001012	
71001013	
71001014	
71001015	
71001016	
71001017	
71001018	
71001019	
71001020	
71001021	
71001022	
71001023	
71001024	
71001025	
71001026	
71001027	
71001028	
71001029	
71001030	
71002001	
71002002	
71002003	
71002004	
71002005	
71002006	
71002007	
71002008	
71002009	
71002010	
71002011	
71002012	
71002013	
71002014	
71002015	
71002016	
71002017	
71002018	
71003001	
71003002	
71003003	
71003004	
71003005	
71003006	
71003007	
71003008	
71003009	
71003010	
71003011	
71003012	
71003013	
71003014	
71003015	
71003016	
71003017	
71003018	
71003019	
71003020	
71003021	
71003022	
71003023	
71003024	
71003025	
71003026	
71003027	
71003028	
71003029	
71003030	
71003031	
71004001	
71004002	
71004003	
71004004	
71004005	
71004006	
71004007	
71004008	
71004009	
71004010	
71004011	
71004012	
71004013	
71004014	
71004015	
71004016	
71004017	
71004018	
71004019	
71004020	
71004021	
71004022	
71004023	
71004024	
71004025	
71004026	
71004027	
71004028	
71004029	
71004030	
71004031	
71005001	
71005002	
71005003	
71005004	
71005005	
71005006	
71005007	
71005008	
71005009	
71005010	
71005011	
71005012	
71005013	
71005014	
71005015	
71006001	
71006002	
71006003	
71006004	
71006005	
71006006	
71006007	
71006008	
71006009	
71006010	
71006011	
71006012	
71006013	
71006014	
71006015	
71006016	
71006017	
71006018	
71006019	
71006020	
71006021	
71006022	
71006023	
71006024	
71006025	
71006026	
71006027	
71006028	
71006029	
71006030	
71006031	
71006032	
71006033	
71006034	
71006035	
71006036	
71006037	
71007001	
71007002	
71007003	
71007004	
71007005	
71007006	
71007007	
71007008	
71007009	
71007010	
71007011	
71007012	
71007013	
71007014	
71007015	
71007016	
71007017	
71007018	
71007019	
71007020	
71007021	
71007022	
71007023	
71007024	
71007025	
71007026	
71007027	
71007028	
71007029	
71007030	
71007031	
71007032	
71007033	
71007034	
71007035	
71007036	
71008001	
71008002	
71008003	
71008004	
71008005	
71008006	
71008007	
71008008	
71008009	
71008010	
71008011	
71008012	
71008013	
71008014	
71008015	
71008016	
71008017	
71008018	
71008019	
71009001	
71009002	
71009003	
71009004	
71009005	
71009006	
71009007	
71009008	
71009009	
71009010	
71009011	
71009012	
71009013	
71009014	
71009015	
71009016	
71009017	
71009018	
71010001	
71010002	
71010003	
71010004	
71010005	
71010006	
71010007	
71010008	
71010009	
71010010	
71010011	
71010012	
71010013	
71010014	
71010015	
71010016	
71010017	
71010018	
71010019	
71010020	
71010021	
71010022	
71010023	
71010024	
71010025	
71010026	
71010027	
71010028	
71010029	
71010030	
71010031	
71011001	
71011002	
71011003	
71011004	
71011005	
71011006	
71011007	
71011008	
71011009	
71011010	
71011011	
71011012	
71011013	
71011014	
71011015	
71011016	
71011017	
71011018	
71011019	
71011020	
71011021	
71011022	
71011023	
71011024	
71011025	
71011026	
71011027	
71011028	
71011029	
71011030	
71011031	
71011032	
71011033	
71011034	
71012001	
71012002	
71012003	
71012004	
71012005	
71012006	
71012007	
71012008	
71012009	
71012010	
71012011	
71012012	
71012013	
71012014	
71012015	
71012016	
71012017	
71012018	
71013001	
71013002	
71013003	
71013004	
71013005	
71013006	
71013007	
71013008	
71013009	
71013010	
71013011	
71013012	
71013013	
71013014	
71013015	
71013016	
71013017	
71013018	
71013019	
71013020	
71013021	
71013022	
71013023	
71013024	
71013025	
71013026	
71014001	
71014002	
71014003	
71014004	
71014005	
71014006	
71014007	
71014008	
71014009	
71014010	
71014011	
71014012	
71014013	
71014014	
71014015	
71014016	
71014017	
71014018	
71014019	
71014020	
71014021	
71014022	
71014023	
71014024	
71014025	
71014026	
71014027	
71015001	
71015002	
71015003	
71015004	
71015005	
71015006	
71015007	
71015008	
71015009	
71015010	
71015011	
71015012	
71015013	
71015014	
71015015	
71015016	
71015017	
71015018	
71015019	
71015020	
71016001	
71016002	
71016003	
71016004	
71016005	
71016006	
71016007	
71016008	
71016009	
71016010	
71016011	
71016012	
71016013	
71016014	
71016015	
71016016	
71016017	
71016018	
71016019	
71016020	
71016021	
71016022	
71016023	
71016024	
71016025	
71016026	
71016027	
71016028	
71016029	
71016030	
71017001	
71017002	
71017003	
71017004	
71017005	
71017006	
71017007	
71017008	
71017009	
71017010	
71017011	
71017012	
71017013	
71017014	
71017015	
71017016	
71017017	
71017018	
71017019	
71017020	
71017021	
71017022	
71017023	
71017024	
71017025	
71017026	
71017027	
71017028	
71017029	
71017030	
71017031	
71017032	
71018001	
71018002	
71018003	
71018004	
71018005	
71018006	
71018007	
71018008	
71018009	
71018010	
71018011	
71018012	
71018013	
71018014	
71018015	
71018016	
71018017	
71018018	
71018019	
71018020	
71018021	
71018022	
71018023	
71018024	
71018025	
71018026	
71018027	
71018028	
71018029	
71018030	
71018031	
71018032	
71018033	
71019001	
71019002	
71019003	
71019004	
71019005	
71019006	
71019007	
71019008	
71019009	
71019010	
71019011	
71019012	
71019013	
71019014	
71019015	
71019016	
71019017	
71019018	
71019019	
71019020	
71019021	
71019022	
71019023	
71019024	
71019025	
71019026	
71019027	
71019028	
71019029	
71019030	
71020001	
71020002	
71020003	
71020004	
71020005	
71020006	
71020007	
71020008	
71020009	
71020010	
71020011	
71020012	
71020013	
71020014	
71020015	
71020016	
71020017	
71020018	
71020019	
71020020	
71020021	
71020022	
71020023	
71020024	
71020025	
71020026	
71020027	
71020028	
71020029	
71020030	
71020031	
71020032	
71021001	
71021002	
71021003	
71021004	
71021005	
71021006	
71021007	
71021008	
71021009	
71021010	
71021011	
71021012	
71021013	
71021014	
71021015	
71021016	
71021017	
71021018	
71021019	
71021020	
71021021	
71021022	
71021023	
71021024	
71021025	
71021026	
71021027	
71021028	
71022001	
71022002	
71022003	
71022004	
71022005	
71022006	
71022007	
71022008	
71022009	
71022010	
71022011	
71022012	
71022013	
71022014	
71022015	
71022016	
71022017	
71022018	
71022019	
71022020	
71022021	
71022022	
71022023	
71022024	
71022025	
71022026	
71022027	
71023001	
71023002	
71023003	
71023004	
71023005	
71023006	
71023007	
71023008	
71023009	
71023010	
71023011	
71023012	
71023013	
71023014	
71023015	
71023016	
71023017	
71023018	
71023019	
71023020	
71023021	
71023022	
71023023	
71023024	
71023025	
71023026	
71023027	
71023028	
71024001	
71024002	
71024003	
71024004	
71024005	
71024006	
71024007	
71024008	
71024009	
71024010	
71024011	
71024012	
71024013	
71024014	
71024015	
71024016	
71024017	
71024018	
71024019	
71024020	
71024021	
71024022	
71024023	
71024024	
71024025	
71024026	
71024027	
71024028	
71024029	
71024030	
71024031	
71024032	
71024033	
71024034	
71025001	
71025002	
71025003	
71025004	
71025005	
71025006	
71025007	
71025008	
71025009	
71025010	
71025011	
71025012	
71025013	
71025014	
71025015	
71025016	
71025017	
71025018	
71025019	
71025020	
71025021	
71025022	
71025023	
71025024	
71025025	
71025026	
71026001	
71026002	
71026003	
71026004	
71026005	
71026006	
71026007	
71026008	
71026009	
71026010	
71026011	
71026012	
71026013	
71026014	
71026015	
71026016	
71026017	
71026018	
71026019	
71026020	
71026021	
71026022	
71026023	
71026024	
71026025	
71026026	
71026027	
71026028	
71026029	
71027001	
71027002	
71027003	
71027004	
71027005	
71027006	
71027007	
71027008	
71027009	
71027010	
71027011	
71027012	
71027013	
71027014	
71027015	
71027016	
71027017	
71027018	
71027019	
71027020	
71027021	
71027022	
71027023	
71027024	
71027025	
71027026	
71027027	
71027028	
71027029	
71027030	
71028001	
71028002	
71028003	
71028004	
71028005	
71028006	
71028007	
71028008	
71028009	
71028010	
71028011	
71028012	
71028013	
71028014	
71028015	
71028016	
71028017	
71028018	
71028019	
71028020	
71028021	
71028022	
71028023	
71028024	
71028025	
71028026	
71029001	
71029002	
71029003	
71029004	
71029005	
71029006	
71029007	
71029008	
71029009	
71029010	
71029011	
71029012	
71029013	
71029014	
71029015	
71029016	
71029017	
71029018	
71029019	
71029020	
71029021	
71029022	
71029023	
71029024	
71029025	
71029026	
71029027	
71029028	
71030001	
71030002	
71030003	
71030004	
71030005	
71030006	
71030007	
71030008	
71030009	
71030010	
71030011	
71030012	
71030013	
71030014	
71030015	
71030016	
71030017	
71030018	
71030019	
71030020	
71030021	
71030022	
71030023	
71030024	
71030025	
71031001	
71031002	
71031003	
71031004	
71031005	
71031006	
71031007	
71031008	
71031009	
71031010	
71031011	
71031012	
71031013	
71031014	
71031015	
71031016	
71031017	
71031018	
71031019	
71031020	
71031021	
71031022	
71031023	
71031024	
71031025	
71031026	
71031027	
71031028	
71031029	
71031030	
71031031	
71032001	
71032002	
71032003	
71032004	
71032005	
71032006	
71032007	
71032008	
71032009	
71032010	
71032011	
71032012	
71032013	
71032014	
71032015	
71032016	
71032017	
71032018	
71032019	
71032020	
71032021	
71032022	
71032023	
71032024	
71033001	
71033002	
71033003	
71033004	
71033005	
71033006	
71033007	
71033008	
71033009	
71033010	
71033011	
71033012	
71033013	
71033014	
71033015	
71033016	
71033017	
71033018	
71033019	
71033020	
71033021	
71033022	
71033023	
71033024	
71033025	
71033026	
71033027	
71033028	
71033029	
71033030	
71033031	
71034001	
71034002	
71034003	
71034004	
71034005	
71034006	
71034007	
71034008	
71034009	
71034010	
71034011	
71034012	
71034013	
71034014	
71034015	
71034016	
71034017	
71034018	
71034019	
71034020	
71034021	
71034022	
71034023	
71034024	
71034025	
71034026	
71035001	
71035002	
71035003	
71035004	
71035005	
71035006	
71035007	
71035008	
71035009	
71035010	
71035011	
71035012	
71035013	
71035014	
71035015	
71035016	
71035017	
71035018	
71035019	
71035020	
71036001	
71036002	
71036003	
71036004	
71036005	
71036006	
71036007	
71036008	
71036009	
71036010	
71036011	
71036012	
71036013	
71036014	
71036015	
71036016	
71036017	
71036018	
71036019	
71036020	
71036021	
71036022	
71036023	
71036024	
71036025	
71036026	
71037001	
71037002	
71037003	
71037004	
71037005	
71037006	
71037007	
71037008	
71037009	
71037010	
71037011	
71037012	
71037013	
71037014	
71037015	
71037016	
71037017	
71037018	
71037019	
71037020	
71037021	
71037022	
71037023	
71037024	
71037025	
71037026	
71037027	
71037028	
71037029	
71037030	
71037031	
71038001	
71038002	
71038003	
71038004	
71038005	
71038006	
71038007	
71038008	
71038009	
71038010	
71038011	
71038012	
71038013	
71038014	
71038015	
71038016	
71038017	
71038018	
71038019	
71038020	
71038021	
71038022	
71038023	
71038024	
71038025	
71038026	
71038027	
71038028	
71038029	
71038030	
71038031	
71038032	
71038033	
71038034	
71039001	
71039002	
71039003	
71039004	
71039005	
71039006	
71039007	
71039008	
71039009	
71039010	
71039011	
71039012	
71039013	
71039014	
71039015	
71039016	
71039017	
71039018	
71039019	
71039020	
71039021	
71039022	
71039023	
71039024	
71039025	
71039026	
71039027	
71039028	
71039029	
71039030	
71039031	
71039032	
71039033	
71039034	
71039035	
71040001	
71040002	
71040003	
71040004	
71040005	
71040006	
71040007	
71040008	
71040009	
71040010	
71040011	
71040012	
71040013	
71040014	
71040015	
71040016	
71040017	
71040018	
71040019	
71040020	
71040021	
71040022	
71040023	
71040024	
71040025	
71040026	
71040027	
71040028	
71040029	
71040030	
71041001	
71041002	
71041003	
71041004	
71041005	
71041006	
71041007	
71041008	
71041009	
71041010	
71041011	
71041012	
71041013	
71041014	
71041015	
71041016	
71041017	
71041018	
71041019	
71041020	
71041021	
71041022	
71041023	
71041024	
71042001	
71042002	
71042003	
71042004	
71042005	
71042006	
71042007	
71042008	
71042009	
71042010	
71042011	
71042012	
71042013	
71042014	
71042015	
71042016	
71042017	
71042018	
71042019	
71042020	
71042021	
71042022	
71042023	
71042024	
71042025	
71043001	
71043002	
71043003	
71043004	
71043005	
71043006	
71043007	
71043008	
71043009	
71043010	
71043011	
71043012	
71043013	
71043014	
71043015	
71043016	
71043017	
71043018	
71043019	
71043020	
71043021	
71043022	
71043023	
71043024	
71043025	
71043026	
71043027	
71043028	
71043029	
71043030	
71043031	
71043032	
71043033	
71044001	
71044002	
71044003	
71044004	
71044005	
71044006	
71044007	
71044008	
71044009	
71044010	
71044011	
71044012	
71044013	
71044014	
71044015	
71044016	
71044017	
71044018	
71044019	
71044020	
71044021	
71044022	
71044023	
71045001	
71045002	
71045003	
71045004	
71045005	
71045006	
71045007	
71045008	
71045009	
71045010	
71045011	
71045012	
71045013	
71045014	
71045015	
71045016	
71045017	
71045018	
71045019	
71045020	
71045021	
71045022	
71045023	
71045024	
71045025	
71045026	
71046001	
71046002	
71046003	
71046004	
71046005	
71046006	
71046007	
71046008	
71046009	
71046010	
71046011	
71046012	
71046013	
71046014	
71046015	
71046016	
71046017	
71046018	
71046019	
71046020	
71047001	
71047002	
71047003	
71047004	
71047005	
71047006	
71047007	
71047008	
71047009	
71047010	
71047011	
71047012	
71047013	
71047014	
71047015	
71047016	
71047017	
71047018	
71047019	
71047020	
71047021	
71047022	
71047023	
71047024	
71047025	
71048001	
71048002	
71048003	
71048004	
71048005	
71048006	
71048007	
71048008	
71048009	
71048010	
71048011	
71048012	
71048013	
71048014	
71048015	
71048016	
71048017	
71048018	
71048019	
71048020	
71048021	
71048022	
71048023	
71048024	
71048025	
71049001	
71049002	
71049003	
71049004	
71049005	
71049006	
71049007	
71049008	
71049009	
71049010	
71049011	
71049012	
71049013	
71049014	
71049015	
71049016	
71050001	
71050002	
71050003	
71050004	
71050005	
71050006	
71050007	
71050008	
71050009	
71050010	
71050011	
71050012	
71050013	
71050014	
71050015	
71050016	
71050017	
71050018	
71050019	
71050020	
71050021	
71050022	
71050023	
71050024	
71050025	
71050026	
71050027	
71050028	
71050029	
71051001	
71051002	
71051003	
71051004	
71051005	
71051006	
71051007	
71051008	
71051009	
71051010	
71051011	
71051012	
71051013	
71051014	
71051015	
71051016	
71051017	
71051018	
71051019	
71051020	
71051021	
71051022	
71051023	
71051024	
71051025	
71051026	
71051027	
71051028	
71051029	
71051030	
