01001002	
01001003	
01001004	
01001005	
01001006	
01001007	
01001008	
01001009	
01001010	
01001011	
01001012	
01001013	
01001014	
01001015	
01001016	
01001017	
01001018	
01001019	
01001020	
01001021	
01001022	
01001023	
01001024	
01001025	
01001026	
01001027	
01001028	
01001029	
01001030	
01001031	
01002001	
01002002	
01002003	
01002004	
01002005	
01002006	
01002007	
01002008	
01002009	
01002010	
01002011	
01002012	
01002013	
01002014	
01002015	
01002016	
01002017	
01002018	
01002019	
01002020	
01002021	
01002022	
01002023	
01002024	
01002025	
01003001	
01003002	
01003003	
01003004	
01003005	
01003006	
01003007	
01003008	
01003009	
01003010	
01003011	
01003012	
01003013	
01003014	
01003015	
01003016	
01003017	
01003018	
01003019	
01003020	
01003021	
01003022	
01003023	
01003024	
01004001	
01004002	
01004003	
01004004	
01004005	
01004006	
01004007	
01004008	
01004009	
01004010	
01004011	
01004012	
01004013	
01004014	
01004015	
01004016	
01004017	
01004018	
01004019	
01004020	
01004021	
01004022	
01004023	
01004024	
01004025	
01004026	
01005001	
01005002	
01005003	
01005004	
01005005	
01005006	
01005007	
01005008	
01005009	
01005010	
01005011	
01005012	
01005013	
01005014	
01005015	
01005016	
01005017	
01005018	
01005019	
01005020	
01005021	
01005022	
01005023	
01005024	
01005025	
01005026	
01005027	
01005028	
01005029	
01005030	
01005031	
01005032	
01006001	
01006002	
01006003	
01006004	
01006005	
01006006	
01006007	
01006008	
01006009	
01006010	
01006011	
01006012	
01006013	
01006014	
01006015	
01006016	
01006017	
01006018	
01006019	
01006020	
01006021	
01006022	
01007001	
01007002	
01007003	
01007004	
01007005	
01007006	
01007007	
01007008	
01007009	
01007010	
01007011	
01007012	
01007013	
01007014	
01007015	
01007016	
01007017	
01007018	
01007019	
01007020	
01007021	
01007022	
01007023	
01007024	
01008001	
01008002	
01008003	
01008004	
01008005	
01008006	
01008007	
01008008	
01008009	
01008010	
01008011	
01008012	
01008013	
01008014	
01008015	
01008016	
01008017	
01008018	
01008019	
01008020	
01008021	
01008022	
01009001	
01009002	
01009003	
01009004	
01009005	
01009006	
01009007	
01009008	
01009009	
01009010	
01009011	
01009012	
01009013	
01009014	
01009015	
01009016	
01009017	
01009018	
01009019	
01009020	
01009021	
01009022	
01009023	
01009024	
01009025	
01009026	
01009027	
01009028	
01009029	
01010001	
01010002	
01010003	
01010004	
01010005	
01010006	
01010007	
01010008	
01010009	
01010010	
01010011	
01010012	
01010013	
01010014	
01010015	
01010016	
01010017	
01010018	
01010019	
01010020	
01010021	
01010022	
01010023	
01010024	
01010025	
01010026	
01010027	
01010028	
01010029	
01010030	
01010031	
01010032	
01011001	
01011002	
01011003	
01011004	
01011005	
01011006	
01011007	
01011008	
01011009	
01011010	
01011011	
01011012	
01011013	
01011014	
01011015	
01011016	
01011017	
01011018	
01011019	
01011020	
01011021	
01011022	
01011023	
01011024	
01011025	
01011026	
01011027	
01011028	
01011029	
01011030	
01011031	
01011032	
01012001	
01012002	
01012003	
01012004	
01012005	
01012006	
01012007	
01012008	
01012009	
01012010	
01012011	
01012012	
01012013	
01012014	
01012015	
01012016	
01012017	
01012018	
01012019	
01012020	
01013001	
01013002	
01013003	
01013004	
01013005	
01013006	
01013007	
01013008	
01013009	
01013010	
01013011	
01013012	
01013013	
01013014	
01013015	
01013016	
01013017	
01013018	
01014001	
01014002	
01014003	
01014004	
01014005	
01014006	
01014007	
01014008	
01014009	
01014010	
01014011	
01014012	
01014013	
01014014	
01014015	
01014016	
01014017	
01014018	
01014019	
01014020	
01014021	
01014022	
01014023	
01014024	
01015001	
01015002	
01015003	
01015004	
01015005	
01015006	
01015007	
01015008	
01015009	
01015010	
01015011	
01015012	
01015013	
01015014	
01015015	
01015016	
01015017	
01015018	
01015019	
01015020	
01015021	
01016001	
01016002	
01016003	
01016004	
01016005	
01016006	
01016007	
01016008	
01016009	
01016010	
01016011	
01016012	
01016013	
01016014	
01016015	
01016016	
01017001	
01017002	
01017003	
01017004	
01017005	
01017006	
01017007	
01017008	
01017009	
01017010	
01017011	
01017012	
01017013	
01017014	
01017015	
01017016	
01017017	
01017018	
01017019	
01017020	
01017021	
01017022	
01017023	
01017024	
01017025	
01017026	
01017027	
01018001	
01018002	
01018003	
01018004	
01018005	
01018006	
01018007	
01018008	
01018009	
01018010	
01018011	
01018012	
01018013	
01018014	
01018015	
01018016	
01018017	
01018018	
01018019	
01018020	
01018021	
01018022	
01018023	
01018024	
01018025	
01018026	
01018027	
01018028	
01018029	
01018030	
01018031	
01018032	
01018033	
01019001	
01019002	
01019003	
01019004	
01019005	
01019006	
01019007	
01019008	
01019009	
01019010	
01019011	
01019012	
01019013	
01019014	
01019015	
01019016	
01019017	
01019018	
01019019	
01019020	
01019021	
01019022	
01019023	
01019024	
01019025	
01019026	
01019027	
01019028	
01019029	
01019030	
01019031	
01019032	
01019033	
01019034	
01019035	
01019036	
01019037	
01019038	
01020001	
01020002	
01020003	
01020004	
01020005	
01020006	
01020007	
01020008	
01020009	
01020010	
01020011	
01020012	
01020013	
01020014	
01020015	
01020016	
01020017	
01020018	
01021001	
01021002	
01021003	
01021004	
01021005	
01021006	
01021007	
01021008	
01021009	
01021010	
01021011	
01021012	
01021013	
01021014	
01021015	
01021016	
01021017	
01021018	
01021019	
01021020	
01021021	
01021022	
01021023	
01021024	
01021025	
01021026	
01021027	
01021028	
01021029	
01021030	
01021031	
01021032	
01021033	
01021034	
01022001	
01022002	
01022003	
01022004	
01022005	
01022006	
01022007	
01022008	
01022009	
01022010	
01022011	
01022012	
01022013	
01022014	
01022015	
01022016	
01022017	
01022018	
01022019	
01022020	
01022021	
01022022	
01022023	
01022024	
01023001	
01023002	
01023003	
01023004	
01023005	
01023006	
01023007	
01023008	
01023009	
01023010	
01023011	
01023012	
01023013	
01023014	
01023015	
01023016	
01023017	
01023018	
01023019	
01023020	
01024001	
01024002	
01024003	
01024004	
01024005	
01024006	
01024007	
01024008	
01024009	
01024010	
01024011	
01024012	
01024013	
01024014	
01024015	
01024016	
01024017	
01024018	
01024019	
01024020	
01024021	
01024022	
01024023	
01024024	
01024025	
01024026	
01024027	
01024028	
01024029	
01024030	
01024031	
01024032	
01024033	
01024034	
01024035	
01024036	
01024037	
01024038	
01024039	
01024040	
01024041	
01024042	
01024043	
01024044	
01024045	
01024046	
01024047	
01024048	
01024049	
01024050	
01024051	
01024052	
01024053	
01024054	
01024055	
01024056	
01024057	
01024058	
01024059	
01024060	
01024061	
01024062	
01024063	
01024064	
01024065	
01024066	
01024067	
01025001	
01025002	
01025003	
01025004	
01025005	
01025006	
01025007	
01025008	
01025009	
01025010	
01025011	
01025012	
01025013	
01025014	
01025015	
01025016	
01025017	
01025018	
01025019	
01025020	
01025021	
01025022	
01025023	
01025024	
01025025	
01025026	
01025027	
01025028	
01025029	
01025030	
01025031	
01025032	
01025033	
01025034	
01026001	
01026002	
01026003	
01026004	
01026005	
01026006	
01026007	
01026008	
01026009	
01026010	
01026011	
01026012	
01026013	
01026014	
01026015	
01026016	
01026017	
01026018	
01026019	
01026020	
01026021	
01026022	
01026023	
01026024	
01026025	
01026026	
01026027	
01026028	
01026029	
01026030	
01026031	
01026032	
01026033	
01026034	
01026035	
01027001	
01027002	
01027003	
01027004	
01027005	
01027006	
01027007	
01027008	
01027009	
01027010	
01027011	
01027012	
01027013	
01027014	
01027015	
01027016	
01027017	
01027018	
01027019	
01027020	
01027021	
01027022	
01027023	
01027024	
01027025	
01027026	
01027027	
01027028	
01027029	
01027030	
01027031	
01027032	
01027033	
01027034	
01027035	
01027036	
01027037	
01027038	
01027039	
01027040	
01027041	
01027042	
01027043	
01027044	
01027045	
01027046	
01028001	
01028002	
01028003	
01028004	
01028005	
01028006	
01028007	
01028008	
01028009	
01028010	
01028011	
01028012	
01028013	
01028014	
01028015	
01028016	
01028017	
01028018	
01028019	
01028020	
01028021	
01028022	
01029001	
01029002	
01029003	
01029004	
01029005	
01029006	
01029007	
01029008	
01029009	
01029010	
01029011	
01029012	
01029013	
01029014	
01029015	
01029016	
01029017	
01029018	
01029019	
01029020	
01029021	
01029022	
01029023	
01029024	
01029025	
01029026	
01029027	
01029028	
01029029	
01029030	
01029031	
01029032	
01029033	
01029034	
01029035	
01030001	
01030002	
01030003	
01030004	
01030005	
01030006	
01030007	
01030008	
01030009	
01030010	
01030011	
01030012	
01030013	
01030014	
01030015	
01030016	
01030017	
01030018	
01030019	
01030020	
01030021	
01030022	
01030023	
01030024	
01030025	
01030026	
01030027	
01030028	
01030029	
01030030	
01030031	
01030032	
01030033	
01030034	
01030035	
01030036	
01030037	
01030038	
01030039	
01030040	
01030041	
01030042	
01030043	
01031001	
01031002	
01031003	
01031004	
01031005	
01031006	
01031007	
01031008	
01031009	
01031010	
01031011	
01031012	
01031013	
01031014	
01031015	
01031016	
01031017	
01031018	
01031019	
01031020	
01031021	
01031022	
01031023	
01031024	
01031025	
01031026	
01031027	
01031028	
01031029	
01031030	
01031031	
01031032	
01031033	
01031034	
01031035	
01031036	
01031037	
01031038	
01031039	
01031040	
01031041	
01031042	
01031043	
01031044	
01031045	
01031046	
01031047	
01031048	
01031049	
01031050	
01031051	
01031052	
01031053	
01031054	
01031055	
01032001	
01032002	
01032003	
01032004	
01032005	
01032006	
01032007	
01032008	
01032009	
01032010	
01032011	
01032012	
01032013	
01032014	
01032015	
01032016	
01032017	
01032018	
01032019	
01032020	
01032021	
01032022	
01032023	
01032024	
01032025	
01032026	
01032027	
01032028	
01032029	
01032030	
01032031	
01032032	
01033001	
01033002	
01033003	
01033004	
01033005	
01033006	
01033007	
01033008	
01033009	
01033010	
01033011	
01033012	
01033013	
01033014	
01033015	
01033016	
01033017	
01033018	
01033019	
01033020	
01034001	
01034002	
01034003	
01034004	
01034005	
01034006	
01034007	
01034008	
01034009	
01034010	
01034011	
01034012	
01034013	
01034014	
01034015	
01034016	
01034017	
01034018	
01034019	
01034020	
01034021	
01034022	
01034023	
01034024	
01034025	
01034026	
01034027	
01034028	
01034029	
01034030	
01034031	
01035001	
01035002	
01035003	
01035004	
01035005	
01035006	
01035007	
01035008	
01035009	
01035010	
01035011	
01035012	
01035013	
01035014	
01035015	
01035016	
01035017	
01035018	
01035019	
01035020	
01035021	
01035022	
01035023	
01035024	
01035025	
01035026	
01035027	
01035028	
01035029	
01036001	
01036002	
01036003	
01036004	
01036005	
01036006	
01036007	
01036008	
01036009	
01036010	
01036011	
01036012	
01036013	
01036014	
01036015	
01036016	
01036017	
01036018	
01036019	
01036020	
01036021	
01036022	
01036023	
01036024	
01036025	
01036026	
01036027	
01036028	
01036029	
01036030	
01036031	
01036032	
01036033	
01036034	
01036035	
01036036	
01036037	
01036038	
01036039	
01036040	
01036041	
01036042	
01036043	
01037001	
01037002	
01037003	
01037004	
01037005	
01037006	
01037007	
01037008	
01037009	
01037010	
01037011	
01037012	
01037013	
01037014	
01037015	
01037016	
01037017	
01037018	
01037019	
01037020	
01037021	
01037022	
01037023	
01037024	
01037025	
01037026	
01037027	
01037028	
01037029	
01037030	
01037031	
01037032	
01037033	
01037034	
01037035	
01037036	
01038001	
01038002	
01038003	
01038004	
01038005	
01038006	
01038007	
01038008	
01038009	
01038010	
01038011	
01038012	
01038013	
01038014	
01038015	
01038016	
01038017	
01038018	
01038019	
01038020	
01038021	
01038022	
01038023	
01038024	
01038025	
01038026	
01038027	
01038028	
01038029	
01038030	
01039001	
01039002	
01039003	
01039004	
01039005	
01039006	
01039007	
01039008	
01039009	
01039010	
01039011	
01039012	
01039013	
01039014	
01039015	
01039016	
01039017	
01039018	
01039019	
01039020	
01039021	
01039022	
01039023	
01040001	
01040002	
01040003	
01040004	
01040005	
01040006	
01040007	
01040008	
01040009	
01040010	
01040011	
01040012	
01040013	
01040014	
01040015	
01040016	
01040017	
01040018	
01040019	
01040020	
01040021	
01040022	
01040023	
01041001	
01041002	
01041003	
01041004	
01041005	
01041006	
01041007	
01041008	
01041009	
01041010	
01041011	
01041012	
01041013	
01041014	
01041015	
01041016	
01041017	
01041018	
01041019	
01041020	
01041021	
01041022	
01041023	
01041024	
01041025	
01041026	
01041027	
01041028	
01041029	
01041030	
01041031	
01041032	
01041033	
01041034	
01041035	
01041036	
01041037	
01041038	
01041039	
01041040	
01041041	
01041042	
01041043	
01041044	
01041045	
01041046	
01041047	
01041048	
01041049	
01041050	
01041051	
01041052	
01041053	
01041054	
01041055	
01041056	
01041057	
01042001	
01042002	
01042003	
01042004	
01042005	
01042006	
01042007	
01042008	
01042009	
01042010	
01042011	
01042012	
01042013	
01042014	
01042015	
01042016	
01042017	
01042018	
01042019	
01042020	
01042021	
01042022	
01042023	
01042024	
01042025	
01042026	
01042027	
01042028	
01042029	
01042030	
01042031	
01042032	
01042033	
01042034	
01042035	
01042036	
01042037	
01042038	
01043001	
01043002	
01043003	
01043004	
01043005	
01043006	
01043007	
01043008	
01043009	
01043010	
01043011	
01043012	
01043013	
01043014	
01043015	
01043016	
01043017	
01043018	
01043019	
01043020	
01043021	
01043022	
01043023	
01043024	
01043025	
01043026	
01043027	
01043028	
01043029	
01043030	
01043031	
01043032	
01043033	
01043034	
01044001	
01044002	
01044003	
01044004	
01044005	
01044006	
01044007	
01044008	
01044009	
01044010	
01044011	
01044012	
01044013	
01044014	
01044015	
01044016	
01044017	
01044018	
01044019	
01044020	
01044021	
01044022	
01044023	
01044024	
01044025	
01044026	
01044027	
01044028	
01044029	
01044030	
01044031	
01044032	
01044033	
01044034	
01045001	
01045002	
01045003	
01045004	
01045005	
01045006	
01045007	
01045008	
01045009	
01045010	
01045011	
01045012	
01045013	
01045014	
01045015	
01045016	
01045017	
01045018	
01045019	
01045020	
01045021	
01045022	
01045023	
01045024	
01045025	
01045026	
01045027	
01045028	
01046001	
01046002	
01046003	
01046004	
01046005	
01046006	
01046007	
01046008	
01046009	
01046010	
01046011	
01046012	
01046013	
01046014	
01046015	
01046016	
01046017	
01046018	
01046019	
01046020	
01046021	
01046022	
01046023	
01046024	
01046025	
01046026	
01046027	
01046028	
01046029	
01046030	
01046031	
01046032	
01046033	
01046034	
01047001	
01047002	
01047003	
01047004	
01047005	
01047006	
01047007	
01047008	
01047009	
01047010	
01047011	
01047012	
01047013	
01047014	
01047015	
01047016	
01047017	
01047018	
01047019	
01047020	
01047021	
01047022	
01047023	
01047024	
01047025	
01047026	
01047027	
01047028	
01047029	
01047030	
01047031	
01048001	
01048002	
01048003	
01048004	
01048005	
01048006	
01048007	
01048008	
01048009	
01048010	
01048011	
01048012	
01048013	
01048014	
01048015	
01048016	
01048017	
01048018	
01048019	
01048020	
01048021	
01048022	
01049001	
01049002	
01049003	
01049004	
01049005	
01049006	
01049007	
01049008	
01049009	
01049010	
01049011	
01049012	
01049013	
01049014	
01049015	
01049016	
01049017	
01049018	
01049019	
01049020	
01049021	
01049022	
01049023	
01049024	
01049025	
01049026	
01049027	
01049028	
01049029	
01049030	
01049031	
01049032	
01049033	
01050001	
01050002	
01050003	
01050004	
01050005	
01050006	
01050007	
01050008	
01050009	
01050010	
01050011	
01050012	
01050013	
01050014	
01050015	
01050016	
01050017	
01050018	
01050019	
01050020	
01050021	
01050022	
01050023	
01050024	
01050025	
01050026	
02001001	
02001002	
02001003	
02001004	
02001005	
02001006	
02001007	
02001008	
02001009	
02001010	
02001011	
02001012	
02001013	
02001014	
02001015	
02001016	
02001017	
02001018	
02001019	
02001020	
02001021	
02001022	
02002001	
02002002	
02002003	
02002004	
02002005	
02002006	
02002007	
02002008	
02002009	
02002010	
02002011	
02002012	
02002013	
02002014	
02002015	
02002016	
02002017	
02002018	
02002019	
02002020	
02002021	
02002022	
02002023	
02002024	
02002025	
02003001	
02003002	
02003003	
02003004	
02003005	
02003006	
02003007	
02003008	
02003009	
02003010	
02003011	
02003012	
02003013	
02003014	
02003015	
02003016	
02003017	
02003018	
02003019	
02003020	
02003021	
02003022	
02004001	
02004002	
02004003	
02004004	
02004005	
02004006	
02004007	
02004008	
02004009	
02004010	
02004011	
02004012	
02004013	
02004014	
02004015	
02004016	
02004017	
02004018	
02004019	
02004020	
02004021	
02004022	
02004023	
02004024	
02004025	
02004026	
02004027	
02004028	
02004029	
02004030	
02004031	
02005001	
02005002	
02005003	
02005004	
02005005	
02005006	
02005007	
02005008	
02005009	
02005010	
02005011	
02005012	
02005013	
02005014	
02005015	
02005016	
02005017	
02005018	
02005019	
02005020	
02005021	
02005022	
02005023	
02006001	
02006002	
02006003	
02006004	
02006005	
02006006	
02006007	
02006008	
02006009	
02006010	
02006011	
02006012	
02006013	
02006014	
02006015	
02006016	
02006017	
02006018	
02006019	
02006020	
02006021	
02006022	
02006023	
02006024	
02006025	
02006026	
02006027	
02006028	
02006029	
02006030	
02007001	
02007002	
02007003	
02007004	
02007005	
02007006	
02007007	
02007008	
02007009	
02007010	
02007011	
02007012	
02007013	
02007014	
02007015	
02007016	
02007017	
02007018	
02007019	
02007020	
02007021	
02007022	
02007023	
02007024	
02007025	
02008001	
02008002	
02008003	
02008004	
02008005	
02008006	
02008007	
02008008	
02008009	
02008010	
02008011	
02008012	
02008013	
02008014	
02008015	
02008016	
02008017	
02008018	
02008019	
02008020	
02008021	
02008022	
02008023	
02008024	
02008025	
02008026	
02008027	
02008028	
02008029	
02008030	
02008031	
02008032	
02009001	
02009002	
02009003	
02009004	
02009005	
02009006	
02009007	
02009008	
02009009	
02009010	
02009011	
02009012	
02009013	
02009014	
02009015	
02009016	
02009017	
02009018	
02009019	
02009020	
02009021	
02009022	
02009023	
02009024	
02009025	
02009026	
02009027	
02009028	
02009029	
02009030	
02009031	
02009032	
02009033	
02009034	
02009035	
02010001	
02010002	
02010003	
02010004	
02010005	
02010006	
02010007	
02010008	
02010009	
02010010	
02010011	
02010012	
02010013	
02010014	
02010015	
02010016	
02010017	
02010018	
02010019	
02010020	
02010021	
02010022	
02010023	
02010024	
02010025	
02010026	
02010027	
02010028	
02010029	
02011001	
02011002	
02011003	
02011004	
02011005	
02011006	
02011007	
02011008	
02011009	
02011010	
02012001	
02012002	
02012003	
02012004	
02012005	
02012006	
02012007	
02012008	
02012009	
02012010	
02012011	
02012012	
02012013	
02012014	
02012015	
02012016	
02012017	
02012018	
02012019	
02012020	
02012021	
02012022	
02012023	
02012024	
02012025	
02012026	
02012027	
02012028	
02012029	
02012030	
02012031	
02012032	
02012033	
02012034	
02012035	
02012036	
02012037	
02012038	
02012039	
02012040	
02012041	
02012042	
02012043	
02012044	
02012045	
02012046	
02012047	
02012048	
02012049	
02012050	
02012051	
02013001	
02013002	
02013003	
02013004	
02013005	
02013006	
02013007	
02013008	
02013009	
02013010	
02013011	
02013012	
02013013	
02013014	
02013015	
02013016	
02013017	
02013018	
02013019	
02013020	
02013021	
02013022	
02014001	
02014002	
02014003	
02014004	
02014005	
02014006	
02014007	
02014008	
02014009	
02014010	
02014011	
02014012	
02014013	
02014014	
02014015	
02014016	
02014017	
02014018	
02014019	
02014020	
02014021	
02014022	
02014023	
02014024	
02014025	
02014026	
02014027	
02014028	
02014029	
02014030	
02014031	
02015001	
02015002	
02015003	
02015004	
02015005	
02015006	
02015007	
02015008	
02015009	
02015010	
02015011	
02015012	
02015013	
02015014	
02015015	
02015016	
02015017	
02015018	
02015019	
02015020	
02015021	
02015022	
02015023	
02015024	
02015025	
02015026	
02015027	
02016001	
02016002	
02016003	
02016004	
02016005	
02016006	
02016007	
02016008	
02016009	
02016010	
02016011	
02016012	
02016013	
02016014	
02016015	
02016016	
02016017	
02016018	
02016019	
02016020	
02016021	
02016022	
02016023	
02016024	
02016025	
02016026	
02016027	
02016028	
02016029	
02016030	
02016031	
02016032	
02016033	
02016034	
02016035	
02016036	
02017001	
02017002	
02017003	
02017004	
02017005	
02017006	
02017007	
02017008	
02017009	
02017010	
02017011	
02017012	
02017013	
02017014	
02017015	
02017016	
02018001	
02018002	
02018003	
02018004	
02018005	
02018006	
02018007	
02018008	
02018009	
02018010	
02018011	
02018012	
02018013	
02018014	
02018015	
02018016	
02018017	
02018018	
02018019	
02018020	
02018021	
02018022	
02018023	
02018024	
02018025	
02018026	
02018027	
02019001	
02019002	
02019003	
02019004	
02019005	
02019006	
02019007	
02019008	
02019009	
02019010	
02019011	
02019012	
02019013	
02019014	
02019015	
02019016	
02019017	
02019018	
02019019	
02019020	
02019021	
02019022	
02019023	
02019024	
02019025	
02020001	
02020002	
02020003	
02020004	
02020005	
02020006	
02020007	
02020008	
02020009	
02020010	
02020011	
02020012	
02020013	
02020014	
02020015	
02020016	
02020017	
02020018	
02020019	
02020020	
02020021	
02020022	
02020023	
02020024	
02020025	
02020026	
02021001	
02021002	
02021003	
02021004	
02021005	
02021006	
02021007	
02021008	
02021009	
02021010	
02021011	
02021012	
02021013	
02021014	
02021015	
02021016	
02021017	
02021018	
02021019	
02021020	
02021021	
02021022	
02021023	
02021024	
02021025	
02021026	
02021027	
02021028	
02021029	
02021030	
02021031	
02021032	
02021033	
02021034	
02021035	
02021036	
02022001	
02022002	
02022003	
02022004	
02022005	
02022006	
02022007	
02022008	
02022009	
02022010	
02022011	
02022012	
02022013	
02022014	
02022015	
02022016	
02022017	
02022018	
02022019	
02022020	
02022021	
02022022	
02022023	
02022024	
02022025	
02022026	
02022027	
02022028	
02022029	
02022030	
02022031	
02023001	
02023002	
02023003	
02023004	
02023005	
02023006	
02023007	
02023008	
02023009	
02023010	
02023011	
02023012	
02023013	
02023014	
02023015	
02023016	
02023017	
02023018	
02023019	
02023020	
02023021	
02023022	
02023023	
02023024	
02023025	
02023026	
02023027	
02023028	
02023029	
02023030	
02023031	
02023032	
02023033	
02024001	
02024002	
02024003	
02024004	
02024005	
02024006	
02024007	
02024008	
02024009	
02024010	
02024011	
02024012	
02024013	
02024014	
02024015	
02024016	
02024017	
02024018	
02025001	
02025002	
02025003	
02025004	
02025005	
02025006	
02025007	
02025008	
02025009	
02025010	
02025011	
02025012	
02025013	
02025014	
02025015	
02025016	
02025017	
02025018	
02025019	
02025020	
02025021	
02025022	
02025023	
02025024	
02025025	
02025026	
02025027	
02025028	
02025029	
02025030	
02025031	
02025032	
02025033	
02025034	
02025035	
02025036	
02025037	
02025038	
02025039	
02025040	
02026001	
02026002	
02026003	
02026004	
02026005	
02026006	
02026007	
02026008	
02026009	
02026010	
02026011	
02026012	
02026013	
02026014	
02026015	
02026016	
02026017	
02026018	
02026019	
02026020	
02026021	
02026022	
02026023	
02026024	
02026025	
02026026	
02026027	
02026028	
02026029	
02026030	
02026031	
02026032	
02026033	
02026034	
02026035	
02026036	
02026037	
02027001	
02027002	
02027003	
02027004	
02027005	
02027006	
02027007	
02027008	
02027009	
02027010	
02027011	
02027012	
02027013	
02027014	
02027015	
02027016	
02027017	
02027018	
02027019	
02027020	
02027021	
02028001	
02028002	
02028003	
02028004	
02028005	
02028006	
02028007	
02028008	
02028009	
02028010	
02028011	
02028012	
02028013	
02028014	
02028015	
02028016	
02028017	
02028018	
02028019	
02028020	
02028021	
02028022	
02028023	
02028024	
02028025	
02028026	
02028027	
02028028	
02028029	
02028030	
02028031	
02028032	
02028033	
02028034	
02028035	
02028036	
02028037	
02028038	
02028039	
02028040	
02028041	
02028042	
02028043	
02029001	
02029002	
02029003	
02029004	
02029005	
02029006	
02029007	
02029008	
02029009	
02029010	
02029011	
02029012	
02029013	
02029014	
02029015	
02029016	
02029017	
02029018	
02029019	
02029020	
02029021	
02029022	
02029023	
02029024	
02029025	
02029026	
02029027	
02029028	
02029029	
02029030	
02029031	
02029032	
02029033	
02029034	
02029035	
02029036	
02029037	
02029038	
02029039	
02029040	
02029041	
02029042	
02029043	
02029044	
02029045	
02029046	
02030001	
02030002	
02030003	
02030004	
02030005	
02030006	
02030007	
02030008	
02030009	
02030010	
02030011	
02030012	
02030013	
02030014	
02030015	
02030016	
02030017	
02030018	
02030019	
02030020	
02030021	
02030022	
02030023	
02030024	
02030025	
02030026	
02030027	
02030028	
02030029	
02030030	
02030031	
02030032	
02030033	
02030034	
02030035	
02030036	
02030037	
02030038	
02031001	
02031002	
02031003	
02031004	
02031005	
02031006	
02031007	
02031008	
02031009	
02031010	
02031011	
02031012	
02031013	
02031014	
02031015	
02031016	
02031017	
02031018	
02032001	
02032002	
02032003	
02032004	
02032005	
02032006	
02032007	
02032008	
02032009	
02032010	
02032011	
02032012	
02032013	
02032014	
02032015	
02032016	
02032017	
02032018	
02032019	
02032020	
02032021	
02032022	
02032023	
02032024	
02032025	
02032026	
02032027	
02032028	
02032029	
02032030	
02032031	
02032032	
02032033	
02032034	
02032035	
02033001	
02033002	
02033003	
02033004	
02033005	
02033006	
02033007	
02033008	
02033009	
02033010	
02033011	
02033012	
02033013	
02033014	
02033015	
02033016	
02033017	
02033018	
02033019	
02033020	
02033021	
02033022	
02033023	
02034001	
02034002	
02034003	
02034004	
02034005	
02034006	
02034007	
02034008	
02034009	
02034010	
02034011	
02034012	
02034013	
02034014	
02034015	
02034016	
02034017	
02034018	
02034019	
02034020	
02034021	
02034022	
02034023	
02034024	
02034025	
02034026	
02034027	
02034028	
02034029	
02034030	
02034031	
02034032	
02034033	
02034034	
02034035	
02035001	
02035002	
02035003	
02035004	
02035005	
02035006	
02035007	
02035008	
02035009	
02035010	
02035011	
02035012	
02035013	
02035014	
02035015	
02035016	
02035017	
02035018	
02035019	
02035020	
02035021	
02035022	
02035023	
02035024	
02035025	
02035026	
02035027	
02035028	
02035029	
02035030	
02035031	
02035032	
02035033	
02035034	
02035035	
02036001	
02036002	
02036003	
02036004	
02036005	
02036006	
02036007	
02036008	
02036009	
02036010	
02036011	
02036012	
02036013	
02036014	
02036015	
02036016	
02036017	
02036018	
02036019	
02036020	
02036021	
02036022	
02036023	
02036024	
02036025	
02036026	
02036027	
02036028	
02036029	
02036030	
02036031	
02036032	
02036033	
02036034	
02036035	
02036036	
02036037	
02036038	
