08001001	
08001002	
08001003	
08001004	
08001005	
08001006	
08001007	
08001008	
08001009	
08001010	
08001011	
08001012	
08001013	
08001014	
08001015	
08001016	
08001017	
08001018	
08001019	
08001020	
08001021	
08001022	
08002001	
08002002	
08002003	
08002004	
08002005	
08002006	
08002007	
08002008	
08002009	
08002010	
08002011	
08002012	
08002013	
08002014	
08002015	
08002016	
08002017	
08002018	
08002019	
08002020	
08002021	
08002022	
08002023	
08003001	
08003002	
08003003	
08003004	
08003005	
08003006	
08003007	
08003008	
08003009	
08003010	
08003011	
08003012	
08003013	
08003014	
08003015	
08003016	
08003017	
08003018	
08004001	
08004002	
08004003	
08004004	
08004005	
08004006	
08004007	
08004008	
08004009	
08004010	
08004011	
08004012	
08004013	
08004014	
08004015	
08004016	
08004017	
08004018	
08004019	
08004020	
08004021	
08004022	
40001001	
40001002	
40001003	
40001004	
40001005	
40001006	
40001007	
40001008	
40001009	
40001010	
40001011	
40001012	
40001013	
40001014	
40001015	
40001016	
40001017	
40001018	
40001019	
40001020	
40001021	
40001022	
40001023	
40001024	
40001025	
40002001	
40002002	
40002003	
40002004	
40002005	
40002006	
40002007	
40002008	
40002009	
40002010	
40002011	
40002012	
40002013	
40002014	
40002015	
40002016	
40002017	
40002018	
40002019	
40002020	
40002021	
40002022	
40002023	
40003001	
40003002	
40003003	
40003004	
40003005	
40003006	
40003007	
40003008	
40003009	
40003010	
40003011	
40003012	
40003013	
40003014	
40003015	
40003016	
40003017	
40004001	
40004002	
40004003	
40004004	
40004005	
40004006	
40004007	
40004008	
40004009	
40004010	
40004011	
40004012	
40004013	
40004014	
40004015	
40004016	
40004017	
40004018	
40004019	
40004020	
40004021	
40004022	
40004023	
40004024	
40004025	
40005001	
40005002	
40005003	
40005004	
40005005	
40005006	
40005007	
40005008	
40005009	
40005010	
40005011	
40005012	
40005013	
40005014	
40005015	
40005016	
40005017	
40005018	
40005019	
40005020	
40005021	
40005022	
40005023	
40005024	
40005025	
40005026	
40005027	
40005028	
40005029	
40005030	
40005031	
40005032	
40005033	
40005034	
40005035	
40005036	
40005037	
40005038	
40005039	
40005040	
40005041	
40005042	
40005043	
40005044	
40005045	
40005046	
40005047	
40005048	
40006001	
40006002	
40006003	
40006004	
40006005	
40006006	
40006007	
40006008	
40006009	
40006010	
40006011	
40006012	
40006013	
40006014	
40006015	
40006016	
40006017	
40006018	
40006019	
40006020	
40006021	
40006022	
40006023	
40006024	
40006025	
40006026	
40006027	
40006028	
40006029	
40006030	
40006031	
40006032	
40006033	
40006034	
40007001	
40007002	
40007003	
40007004	
40007005	
40007006	
40007007	
40007008	
40007009	
40007010	
40007011	
40007012	
40007013	
40007014	
40007015	
40007016	
40007017	
40007018	
40007019	
40007020	
40007021	
40007022	
40007023	
40007024	
40007025	
40007026	
40007027	
40007028	
40007029	
40008001	
40008002	
40008003	
40008004	
40008005	
40008006	
40008007	
40008008	
40008009	
40008010	
40008011	
40008012	
40008013	
40008014	
40008015	
40008016	
40008017	
40008018	
40008019	
40008020	
40008021	
40008022	
40008023	
40008024	
40008025	
40008026	
40008027	
40008028	
40008029	
40008030	
40008031	
40008032	
40008033	
40008034	
40009001	
40009002	
40009003	
40009004	
40009005	
40009006	
40009007	
40009008	
40009009	
40009010	
40009011	
40009012	
40009013	
40009014	
40009015	
40009016	
40009017	
40009018	
40009019	
40009020	
40009021	
40009022	
40009023	
40009024	
40009025	
40009026	
40009027	
40009028	
40009029	
40009030	
40009031	
40009032	
40009033	
40009034	
40009035	
40009036	
40009037	
40009038	
40010001	
40010002	
40010003	
40010004	
40010005	
40010006	
40010007	
40010008	
40010009	
40010010	
40010011	
40010012	
40010013	
40010014	
40010015	
40010016	
40010017	
40010018	
40010019	
40010020	
40010021	
40010022	
40010023	
40010024	
40010025	
40010026	
40010027	
40010028	
40010029	
40010030	
40010031	
40010032	
40010033	
40010034	
40010035	
40010036	
40010037	
40010038	
40010039	
40010040	
40010041	
40010042	
40011001	
40011002	
40011003	
40011004	
40011005	
40011006	
40011007	
40011008	
40011009	
40011010	
40011011	
40011012	
40011013	
40011014	
40011015	
40011016	
40011017	
40011018	
40011019	
40011020	
40011021	
40011022	
40011023	
40011024	
40011025	
40011026	
40011027	
40011028	
40011029	
40011030	
40012001	
40012002	
40012003	
40012004	
40012005	
40012006	
40012007	
40012008	
40012009	
40012010	
40012011	
40012012	
40012013	
40012014	
40012015	
40012016	
40012017	
40012018	
40012019	
40012020	
40012021	
40012022	
40012023	
40012024	
40012025	
40012026	
40012027	
40012028	
40012029	
40012030	
40012031	
40012032	
40012033	
40012034	
40012035	
40012036	
40012037	
40012038	
40012039	
40012040	
40012041	
40012042	
40012043	
40012044	
40012045	
40012046	
40012047	
40012048	
40012049	
40012050	
40013001	
40013002	
40013003	
40013004	
40013005	
40013006	
40013007	
40013008	
40013009	
40013010	
40013011	
40013012	
40013013	
40013014	
40013015	
40013016	
40013017	
40013018	
40013019	
40013020	
40013021	
40013022	
40013023	
40013024	
40013025	
40013026	
40013027	
40013028	
40013029	
40013030	
40013031	
40013032	
40013033	
40013034	
40013035	
40013036	
40013037	
40013038	
40013039	
40013040	
40013041	
40013042	
40013043	
40013044	
40013045	
40013046	
40013047	
40013048	
40013049	
40013050	
40013051	
40013052	
40013053	
40013054	
40013055	
40013056	
40013057	
40013058	
40014001	
40014002	
40014003	
40014004	
40014005	
40014006	
40014007	
40014008	
40014009	
40014010	
40014011	
40014012	
40014013	
40014014	
40014015	
40014016	
40014017	
40014018	
40014019	
40014020	
40014021	
40014022	
40014023	
40014024	
40014025	
40014026	
40014027	
40014028	
40014029	
40014030	
40014031	
40014032	
40014033	
40014034	
40014035	
40014036	
40015001	
40015002	
40015003	
40015004	
40015005	
40015006	
40015007	
40015008	
40015009	
40015010	
40015011	
40015012	
40015013	
40015014	
40015015	
40015016	
40015017	
40015018	
40015019	
40015020	
40015021	
40015022	
40015023	
40015024	
40015025	
40015026	
40015027	
40015028	
40015029	
40015030	
40015031	
40015032	
40015033	
40015034	
40015035	
40015036	
40015037	
40015038	
40015039	
40016001	
40016002	
40016003	
40016004	
40016005	
40016006	
40016007	
40016008	
40016009	
40016010	
40016011	
40016012	
40016013	
40016014	
40016015	
40016016	
40016017	
40016018	
40016019	
40016020	
40016021	
40016022	
40016023	
40016024	
40016025	
40016026	
40016027	
40016028	
40017001	
40017002	
40017003	
40017004	
40017005	
40017006	
40017007	
40017008	
40017009	
40017010	
40017011	
40017012	
40017013	
40017014	
40017015	
40017016	
40017017	
40017018	
40017019	
40017020	
40017021	
40017022	
40017023	
40017024	
40017025	
40017026	
40017027	
40018001	
40018002	
40018003	
40018004	
40018005	
40018006	
40018007	
40018008	
40018009	
40018010	
40018011	
40018012	
40018013	
40018014	
40018015	
40018016	
40018017	
40018018	
40018019	
40018020	
40018021	
40018022	
40018023	
40018024	
40018025	
40018026	
40018027	
40018028	
40018029	
40018030	
40018031	
40018032	
40018033	
40018034	
40018035	
40019001	
40019002	
40019003	
40019004	
40019005	
40019006	
40019007	
40019008	
40019009	
40019010	
40019011	
40019012	
40019013	
40019014	
40019015	
40019016	
40019017	
40019018	
40019019	
40019020	
40019021	
40019022	
40019023	
40019024	
40019025	
40019026	
40019027	
40019028	
40019029	
40019030	
40020001	
40020002	
40020003	
40020004	
40020005	
40020006	
40020007	
40020008	
40020009	
40020010	
40020011	
40020012	
40020013	
40020014	
40020015	
40020016	
40020017	
40020018	
40020019	
40020020	
40020021	
40020022	
40020023	
40020024	
40020025	
40020026	
40020027	
40020028	
40020029	
40020030	
40020031	
40020032	
40020033	
40020034	
40021001	
40021002	
40021003	
40021004	
40021005	
40021006	
40021007	
40021008	
40021009	
40021010	
40021011	
40021012	
40021013	
40021014	
40021015	
40021016	
40021017	
40021018	
40021019	
40021020	
40021021	
40021022	
40021023	
40021024	
40021025	
40021026	
40021027	
40021028	
40021029	
40021030	
40021031	
40021032	
40021033	
40021034	
40021035	
40021036	
40021037	
40021038	
40021039	
40021040	
40021041	
40021042	
40021043	
40021044	
40021045	
40021046	
40022001	
40022002	
40022003	
40022004	
40022005	
40022006	
40022007	
40022008	
40022009	
40022010	
40022011	
40022012	
40022013	
40022014	
40022015	
40022016	
40022017	
40022018	
40022019	
40022020	
40022021	
40022022	
40022023	
40022024	
40022025	
40022026	
40022027	
40022028	
40022029	
40022030	
40022031	
40022032	
40022033	
40022034	
40022035	
40022036	
40022037	
40022038	
40022039	
40022040	
40022041	
40022042	
40022043	
40022044	
40022045	
40022046	
40023001	
40023002	
40023003	
40023004	
40023005	
40023006	
40023007	
40023008	
40023009	
40023010	
40023011	
40023012	
40023013	
40023014	
40023015	
40023016	
40023017	
40023018	
40023019	
40023020	
40023021	
40023022	
40023023	
40023024	
40023025	
40023026	
40023027	
40023028	
40023029	
40023030	
40023031	
40023032	
40023033	
40023034	
40023035	
40023036	
40023037	
40023038	
40023039	
40024001	
40024002	
40024003	
40024004	
40024005	
40024006	
40024007	
40024008	
40024009	
40024010	
40024011	
40024012	
40024013	
40024014	
40024015	
40024016	
40024017	
40024018	
40024019	
40024020	
40024021	
40024022	
40024023	
40024024	
40024025	
40024026	
40024027	
40024028	
40024029	
40024030	
40024031	
40024032	
40024033	
40024034	
40024035	
40024036	
40024037	
40024038	
40024039	
40024040	
40024041	
40024042	
40024043	
40024044	
40024045	
40024046	
40024047	
40024048	
40024049	
40024050	
40024051	
40025001	
40025002	
40025003	
40025004	
40025005	
40025006	
40025007	
40025008	
40025009	
40025010	
40025011	
40025012	
40025013	
40025014	
40025015	
40025016	
40025017	
40025018	
40025019	
40025020	
40025021	
40025022	
40025023	
40025024	
40025025	
40025026	
40025027	
40025028	
40025029	
40025030	
40025031	
40025032	
40025033	
40025034	
40025035	
40025036	
40025037	
40025038	
40025039	
40025040	
40025041	
40025042	
40025043	
40025044	
40025045	
40025046	
40026001	
40026002	
40026003	
40026004	
40026005	
40026006	
40026007	
40026008	
40026009	
40026010	
40026011	
40026012	
40026013	
40026014	
40026015	
40026016	
40026017	
40026018	
40026019	
40026020	
40026021	
40026022	
40026023	
40026024	
40026025	
40026026	
40026027	
40026028	
40026029	
40026030	
40026031	
40026032	
40026033	
40026034	
40026035	
40026036	
40026037	
40026038	
40026039	
40026040	
40026041	
40026042	
40026043	
40026044	
40026045	
40026046	
40026047	
40026048	
40026049	
40026050	
40026051	
40026052	
40026053	
40026054	
40026055	
40026056	
40026057	
40026058	
40026059	
40026060	
40026061	
40026062	
40026063	
40026064	
40026065	
40026066	
40026067	
40026068	
40026069	
40026070	
40026071	
40026072	
40026073	
40026074	
40026075	
40027001	
40027002	
40027003	
40027004	
40027005	
40027006	
40027007	
40027008	
40027009	
40027010	
40027011	
40027012	
40027013	
40027014	
40027015	
40027016	
40027017	
40027018	
40027019	
40027020	
40027021	
40027022	
40027023	
40027024	
40027025	
40027026	
40027027	
40027028	
40027029	
40027030	
40027031	
40027032	
40027033	
40027034	
40027035	
40027036	
40027037	
40027038	
40027039	
40027040	
40027041	
40027042	
40027043	
40027044	
40027045	
40027046	
40027047	
40027048	
40027049	
40027050	
40027051	
40027052	
40027053	
40027054	
40027055	
40027056	
40027057	
40027058	
40027059	
40027060	
40027061	
40027062	
40027063	
40027064	
40027065	
40027066	
40028001	
40028002	
40028003	
40028004	
40028005	
40028006	
40028007	
40028008	
40028009	
40028010	
40028011	
40028012	
40028013	
40028014	
40028015	
40028016	
40028017	
40028018	
40028019	
40028020	
42001001	
42001002	
42001003	
42001004	
42001005	
42001006	
42001007	
42001008	
42001009	
42001010	
42001011	
42001012	
42001013	
42001014	
42001015	
42001016	
42001017	
42001018	
42001019	
42001020	
42001021	
42001022	
42001023	
42001024	
42001025	
42001026	
42001027	
42001028	
42001029	
42001030	
42001031	
42001032	
42001033	
42001034	
42001035	
42001036	
42001037	
42001038	
42001039	
42001040	
42001041	
42001042	
42001043	
42001044	
42001045	
42001046	
42001047	
42001048	
42001049	
42001050	
42001051	
42001052	
42001053	
42001054	
42001055	
42001056	
42001057	
42001058	
42001059	
42001060	
42001061	
42001062	
42001063	
42001064	
42001065	
42001066	
42001067	
42001068	
42001069	
42001070	
42001071	
42001072	
42001073	
42001074	
42001075	
42001076	
42001077	
42001078	
42001079	
42001080	
42002001	
42002002	
42002003	
42002004	
42002005	
42002006	
42002007	
42002008	
42002009	
42002010	
42002011	
42002012	
42002013	
42002014	
42002015	
42002016	
42002017	
42002018	
42002019	
42002020	
42002021	
42002022	
42002023	
42002024	
42002025	
42002026	
42002027	
42002028	
42002029	
42002030	
42002031	
42002032	
42002033	
42002034	
42002035	
42002036	
42002037	
42002038	
42002039	
42002040	
42002041	
42002042	
42002043	
42002044	
42002045	
42002046	
42002047	
42002048	
42002049	
42002050	
42002051	
42002052	
42003001	
42003002	
42003003	
42003004	
42003005	
42003006	
42003007	
42003008	
42003009	
42003010	
42003011	
42003012	
42003013	
42003014	
42003015	
42003016	
42003017	
42003018	
42003019	
42003020	
42003021	
42003022	
42003023	
42003024	
42003025	
42003026	
42003027	
42003028	
42003029	
42003030	
42003031	
42003032	
42003033	
42003034	
42003035	
42003036	
42003037	
42003038	
42004001	
42004002	
42004003	
42004004	
42004005	
42004006	
42004007	
42004008	
42004009	
42004010	
42004011	
42004012	
42004013	
42004014	
42004015	
42004016	
42004017	
42004018	
42004019	
42004020	
42004021	
42004022	
42004023	
42004024	
42004025	
42004026	
42004027	
42004028	
42004029	
42004030	
42004031	
42004032	
42004033	
42004034	
42004035	
42004036	
42004037	
42004038	
42004039	
42004040	
42004041	
42004042	
42004043	
42004044	
42005001	
42005002	
42005003	
42005004	
42005005	
42005006	
42005007	
42005008	
42005009	
42005010	
42005011	
42005012	
42005013	
42005014	
42005015	
42005016	
42005017	
42005018	
42005019	
42005020	
42005021	
42005022	
42005023	
42005024	
42005025	
42005026	
42005027	
42005028	
42005029	
42005030	
42005031	
42005032	
42005033	
42005034	
42005035	
42005036	
42005037	
42005038	
42005039	
42006001	
42006002	
42006003	
42006004	
42006005	
42006006	
42006007	
42006008	
42006009	
42006010	
42006011	
42006012	
42006013	
42006014	
42006015	
42006016	
42006017	
42006018	
42006019	
42006020	
42006021	
42006022	
42006023	
42006024	
42006025	
42006026	
42006027	
42006028	
42006029	
42006030	
42006031	
42006032	
42006033	
42006034	
42006035	
42006036	
42006037	
42006038	
42006039	
42006040	
42006041	
42006042	
42006043	
42006044	
42006045	
42006046	
42006047	
42006048	
42006049	
42007001	
42007002	
42007003	
42007004	
42007005	
42007006	
42007007	
42007008	
42007009	
42007010	
42007011	
42007012	
42007013	
42007014	
42007015	
42007016	
42007017	
42007018	
42007019	
42007020	
42007021	
42007022	
42007023	
42007024	
42007025	
42007026	
42007027	
42007028	
42007029	
42007030	
42007031	
42007032	
42007033	
42007034	
42007035	
42007036	
42007037	
42007038	
42007039	
42007040	
42007041	
42007042	
42007043	
42007044	
42007045	
42007046	
42007047	
42007048	
42007049	
42007050	
42008001	
42008002	
42008003	
42008004	
42008005	
42008006	
42008007	
42008008	
42008009	
42008010	
42008011	
42008012	
42008013	
42008014	
42008015	
42008016	
42008017	
42008018	
42008019	
42008020	
42008021	
42008022	
42008023	
42008024	
42008025	
42008026	
42008027	
42008028	
42008029	
42008030	
42008031	
42008032	
42008033	
42008034	
42008035	
42008036	
42008037	
42008038	
42008039	
42008040	
42008041	
42008042	
42008043	
42008044	
42008045	
42008046	
42008047	
42008048	
42008049	
42008050	
42008051	
42008052	
42008053	
42008054	
42008055	
42008056	
42009001	
42009002	
42009003	
42009004	
42009005	
42009006	
42009007	
42009008	
42009009	
42009010	
42009011	
42009012	
42009013	
42009014	
42009015	
42009016	
42009017	
42009018	
42009019	
42009020	
42009021	
42009022	
42009023	
42009024	
42009025	
42009026	
42009027	
42009028	
42009029	
42009030	
42009031	
42009032	
42009033	
42009034	
42009035	
42009036	
42009037	
42009038	
42009039	
42009040	
42009041	
42009042	
42009043	
42009044	
42009045	
42009046	
42009047	
42009048	
42009049	
42009050	
42009051	
42009052	
42009053	
42009054	
42009055	
42009056	
42009057	
42009058	
42009059	
42009060	
42009061	
42009062	
42010001	
42010002	
42010003	
42010004	
42010005	
42010006	
42010007	
42010008	
42010009	
42010010	
42010011	
42010012	
42010013	
42010014	
42010015	
42010016	
42010017	
42010018	
42010019	
42010020	
42010021	
42010022	
42010023	
42010024	
42010025	
42010026	
42010027	
42010028	
42010029	
42010030	
42010031	
42010032	
42010033	
42010034	
42010035	
42010036	
42010037	
42010038	
42010039	
42010040	
42010041	
42010042	
42011001	
42011002	
42011003	
42011004	
42011005	
42011006	
42011007	
42011008	
42011009	
42011010	
42011011	
42011012	
42011013	
42011014	
42011015	
42011016	
42011017	
42011018	
42011019	
42011020	
42011021	
42011022	
42011023	
42011024	
42011025	
42011026	
42011027	
42011028	
42011029	
42011030	
42011031	
42011032	
42011033	
42011034	
42011035	
42011036	
42011037	
42011038	
42011039	
42011040	
42011041	
42011042	
42011043	
42011044	
42011045	
42011046	
42011047	
42011048	
42011049	
42011050	
42011051	
42011052	
42011053	
42011054	
42012001	
42012002	
42012003	
42012004	
42012005	
42012006	
42012007	
42012008	
42012009	
42012010	
42012011	
42012012	
42012013	
42012014	
42012015	
42012016	
42012017	
42012018	
42012019	
42012020	
42012021	
42012022	
42012023	
42012024	
42012025	
42012026	
42012027	
42012028	
42012029	
42012030	
42012031	
42012032	
42012033	
42012034	
42012035	
42012036	
42012037	
42012038	
42012039	
42012040	
42012041	
42012042	
42012043	
42012044	
42012045	
42012046	
42012047	
42012048	
42012049	
42012050	
42012051	
42012052	
42012053	
42012054	
42012055	
42012056	
42012057	
42012058	
42012059	
42013001	
42013002	
42013003	
42013004	
42013005	
42013006	
42013007	
42013008	
42013009	
42013010	
42013011	
42013012	
42013013	
42013014	
42013015	
42013016	
42013017	
42013018	
42013019	
42013020	
42013021	
42013022	
42013023	
42013024	
42013025	
42013026	
42013027	
42013028	
42013029	
42013030	
42013031	
42013032	
42013033	
42013034	
42013035	
42014001	
42014002	
42014003	
42014004	
42014005	
42014006	
42014007	
42014008	
42014009	
42014010	
42014011	
42014012	
42014013	
42014014	
42014015	
42014016	
42014017	
42014018	
42014019	
42014020	
42014021	
42014022	
42014023	
42014024	
42014025	
42014026	
42014027	
42014028	
42014029	
42014030	
42014031	
42014032	
42014033	
42014034	
42014035	
42015001	
42015002	
42015003	
42015004	
42015005	
42015006	
42015007	
42015008	
42015009	
42015010	
42015011	
42015012	
42015013	
42015014	
42015015	
42015016	
42015017	
42015018	
42015019	
42015020	
42015021	
42015022	
42015023	
42015024	
42015025	
42015026	
42015027	
42015028	
42015029	
42015030	
42015031	
42015032	
42016001	
42016002	
42016003	
42016004	
42016005	
42016006	
42016007	
42016008	
42016009	
42016010	
42016011	
42016012	
42016013	
42016014	
42016015	
42016016	
42016017	
42016018	
42016019	
42016020	
42016021	
42016022	
42016023	
42016024	
42016025	
42016026	
42016027	
42016028	
42016029	
42016030	
42016031	
42017001	
42017002	
42017003	
42017004	
42017005	
42017006	
42017007	
42017008	
42017009	
42017010	
42017011	
42017012	
42017013	
42017014	
42017015	
42017016	
42017017	
42017018	
42017019	
42017020	
42017021	
42017022	
42017023	
42017024	
42017025	
42017026	
42017027	
42017028	
42017029	
42017030	
42017031	
42017032	
42017033	
42017034	
42017035	
42017036	
42017037	
42018001	
42018002	
42018003	
42018004	
42018005	
42018006	
42018007	
42018008	
42018009	
42018010	
42018011	
42018012	
42018013	
42018014	
42018015	
42018016	
42018017	
42018018	
42018019	
42018020	
42018021	
42018022	
42018023	
42018024	
42018025	
42018026	
42018027	
42018028	
42018029	
42018030	
42018031	
42018032	
42018033	
42018034	
42018035	
42018036	
42018037	
42018038	
42018039	
42018040	
42018041	
42018042	
42018043	
42019001	
42019002	
42019003	
42019004	
42019005	
42019006	
42019007	
42019008	
42019009	
42019010	
42019011	
42019012	
42019013	
42019014	
42019015	
42019016	
42019017	
42019018	
42019019	
42019020	
42019021	
42019022	
42019023	
42019024	
42019025	
42019026	
42019027	
42019028	
42019029	
42019030	
42019031	
42019032	
42019033	
42019034	
42019035	
42019036	
42019037	
42019038	
42019039	
42019040	
42019041	
42019042	
42019043	
42019044	
42019045	
42019046	
42019047	
42019048	
42020001	
42020002	
42020003	
42020004	
42020005	
42020006	
42020007	
42020008	
42020009	
42020010	
42020011	
42020012	
42020013	
42020014	
42020015	
42020016	
42020017	
42020018	
42020019	
42020020	
42020021	
42020022	
42020023	
42020024	
42020025	
42020026	
42020027	
42020028	
42020029	
42020030	
42020031	
42020032	
42020033	
42020034	
42020035	
42020036	
42020037	
42020038	
42020039	
42020040	
42020041	
42020042	
42020043	
42020044	
42020045	
42020046	
42020047	
42021001	
42021002	
42021003	
42021004	
42021005	
42021006	
42021007	
42021008	
42021009	
42021010	
42021011	
42021012	
42021013	
42021014	
42021015	
42021016	
42021017	
42021018	
42021019	
42021020	
42021021	
42021022	
42021023	
42021024	
42021025	
42021026	
42021027	
42021028	
42021029	
42021030	
42021031	
42021032	
42021033	
42021034	
42021035	
42021036	
42021037	
42021038	
42022001	
42022002	
42022003	
42022004	
42022005	
42022006	
42022007	
42022008	
42022009	
42022010	
42022011	
42022012	
42022013	
42022014	
42022015	
42022016	
42022017	
42022018	
42022019	
42022020	
42022021	
42022022	
42022023	
42022024	
42022025	
42022026	
42022027	
42022028	
42022029	
42022030	
42022031	
42022032	
42022033	
42022034	
42022035	
42022036	
42022037	
42022038	
42022039	
42022040	
42022041	
42022042	
42022043	
42022044	
42022045	
42022046	
42022047	
42022048	
42022049	
42022050	
42022051	
42022052	
42022053	
42022054	
42022055	
42022056	
42022057	
42022058	
42022059	
42022060	
42022061	
42022062	
42022063	
42022064	
42022065	
42022066	
42022067	
42022068	
42022069	
42022070	
42022071	
42023001	
42023002	
42023003	
42023004	
42023005	
42023006	
42023007	
42023008	
42023009	
42023010	
42023011	
42023012	
42023013	
42023014	
42023015	
42023016	
42023017	
42023018	
42023019	
42023020	
42023021	
42023022	
42023023	
42023024	
42023025	
42023026	
42023027	
42023028	
42023029	
42023030	
42023031	
42023032	
42023033	
42023034	
42023035	
42023036	
42023037	
42023038	
42023039	
42023040	
42023041	
42023042	
42023043	
42023044	
42023045	
42023046	
42023047	
42023048	
42023049	
42023050	
42023051	
42023052	
42023053	
42023054	
42023055	
42023056	
42024001	
42024002	
42024003	
42024004	
42024005	
42024006	
42024007	
42024008	
42024009	
42024010	
42024011	
42024012	
42024013	
42024014	
42024015	
42024016	
42024017	
42024018	
42024019	
42024020	
42024021	
42024022	
42024023	
42024024	
42024025	
42024026	
42024027	
42024028	
42024029	
42024030	
42024031	
42024032	
42024033	
42024034	
42024035	
42024036	
42024037	
42024038	
42024039	
42024040	
42024041	
42024042	
42024043	
42024044	
42024045	
42024046	
42024047	
42024048	
42024049	
42024050	
42024051	
42024052	
42024053	
44001001	
44001002	
44001003	
44001004	
44001005	
44001006	
44001007	
44001008	
44001009	
44001010	
44001011	
44001012	
44001013	
44001014	
44001015	
44001016	
44001017	
44001018	
44001019	
44001020	
44001021	
44001022	
44001023	
44001024	
44001025	
44001026	
44002001	
44002002	
44002003	
44002004	
44002005	
44002006	
44002007	
44002008	
44002009	
44002010	
44002011	
44002012	
44002013	
44002014	
44002015	
44002016	
44002017	
44002018	
44002019	
44002020	
44002021	
44002022	
44002023	
44002024	
44002025	
44002026	
44002027	
44002028	
44002029	
44002030	
44002031	
44002032	
44002033	
44002034	
44002035	
44002036	
44002037	
44002038	
44002039	
44002040	
44002041	
44002042	
44002043	
44002044	
44002045	
44002046	
44002047	
44003001	
44003002	
44003003	
44003004	
44003005	
44003006	
44003007	
44003008	
44003009	
44003010	
44003011	
44003012	
44003013	
44003014	
44003015	
44003016	
44003017	
44003018	
44003019	
44003020	
44003021	
44003022	
44003023	
44003024	
44003025	
44003026	
44004001	
44004002	
44004003	
44004004	
44004005	
44004006	
44004007	
44004008	
44004009	
44004010	
44004011	
44004012	
44004013	
44004014	
44004015	
44004016	
44004017	
44004018	
44004019	
44004020	
44004021	
44004022	
44004023	
44004024	
44004025	
44004026	
44004027	
44004028	
44004029	
44004030	
44004031	
44004032	
44004033	
44004034	
44004035	
44004036	
44004037	
44005001	
44005002	
44005003	
44005004	
44005005	
44005006	
44005007	
44005008	
44005009	
44005010	
44005011	
44005012	
44005013	
44005014	
44005015	
44005016	
44005017	
44005018	
44005019	
44005020	
44005021	
44005022	
44005023	
44005024	
44005025	
44005026	
44005027	
44005028	
44005029	
44005030	
44005031	
44005032	
44005033	
44005034	
44005035	
44005036	
44005037	
44005038	
44005039	
44005040	
44005041	
44005042	
44006001	
44006002	
44006003	
44006004	
44006005	
44006006	
44006007	
44006008	
44006009	
44006010	
44006011	
44006012	
44006013	
44006014	
44006015	
44007001	
44007002	
44007003	
44007004	
44007005	
44007006	
44007007	
44007008	
44007009	
44007010	
44007011	
44007012	
44007013	
44007014	
44007015	
44007016	
44007017	
44007018	
44007019	
44007020	
44007021	
44007022	
44007023	
44007024	
44007025	
44007026	
44007027	
44007028	
44007029	
44007030	
44007031	
44007032	
44007033	
44007034	
44007035	
44007036	
44007037	
44007038	
44007039	
44007040	
44007041	
44007042	
44007043	
44007044	
44007045	
44007046	
44007047	
44007048	
44007049	
44007050	
44007051	
44007052	
44007053	
44007054	
44007055	
44007056	
44007057	
44007058	
44007059	
44007060	
44008001	
44008002	
44008003	
44008004	
44008005	
44008006	
44008007	
44008008	
44008009	
44008010	
44008011	
44008012	
44008013	
44008014	
44008015	
44008016	
44008017	
44008018	
44008019	
44008020	
44008021	
44008022	
44008023	
44008024	
44008025	
44008026	
44008027	
44008028	
44008029	
44008030	
44008031	
44008032	
44008033	
44008034	
44008035	
44008036	
44008037	
44008038	
44008039	
44008040	
44009001	
44009002	
44009003	
44009004	
44009005	
44009006	
44009007	
44009008	
44009009	
44009010	
44009011	
44009012	
44009013	
44009014	
44009015	
44009016	
44009017	
44009018	
44009019	
44009020	
44009021	
44009022	
44009023	
44009024	
44009025	
44009026	
44009027	
44009028	
44009029	
44009030	
44009031	
44009032	
44009033	
44009034	
44009035	
44009036	
44009037	
44009038	
44009039	
44009040	
44009041	
44009042	
44009043	
44010001	
44010002	
44010003	
44010004	
44010005	
44010006	
44010007	
44010008	
44010009	
44010010	
44010011	
44010012	
44010013	
44010014	
44010015	
44010016	
44010017	
44010018	
44010019	
44010020	
44010021	
44010022	
44010023	
44010024	
44010025	
44010026	
44010027	
44010028	
44010029	
44010030	
44010031	
44010032	
44010033	
44010034	
44010035	
44010036	
44010037	
44010038	
44010039	
44010040	
44010041	
44010042	
44010043	
44010044	
44010045	
44010046	
44010047	
44010048	
44011001	
44011002	
44011003	
44011004	
44011005	
44011006	
44011007	
44011008	
44011009	
44011010	
44011011	
44011012	
44011013	
44011014	
44011015	
44011016	
44011017	
44011018	
44011019	
44011020	
44011021	
44011022	
44011023	
44011024	
44011025	
44011026	
44011027	
44011028	
44011029	
44011030	
44012001	
44012002	
44012003	
44012004	
44012005	
44012006	
44012007	
44012008	
44012009	
44012010	
44012011	
44012012	
44012013	
44012014	
44012015	
44012016	
44012017	
44012018	
44012019	
44012020	
44012021	
44012022	
44012023	
44012024	
44012025	
44013001	
44013002	
44013003	
44013004	
44013005	
44013006	
44013007	
44013008	
44013009	
44013010	
44013011	
44013012	
44013013	
44013014	
44013015	
44013016	
44013017	
44013018	
44013019	
44013020	
44013021	
44013022	
44013023	
44013024	
44013025	
44013026	
44013027	
44013028	
44013029	
44013030	
44013031	
44013032	
44013033	
44013034	
44013035	
44013036	
44013037	
44013038	
44013039	
44013040	
44013041	
44013042	
44013043	
44013044	
44013045	
44013046	
44013047	
44013048	
44013049	
44013050	
44013051	
44013052	
44014001	
44014002	
44014003	
44014004	
44014005	
44014006	
44014007	
44014008	
44014009	
44014010	
44014011	
44014012	
44014013	
44014014	
44014015	
44014016	
44014017	
44014018	
44014019	
44014020	
44014021	
44014022	
44014023	
44014024	
44014025	
44014026	
44014027	
44014028	
44015001	
44015002	
44015003	
44015004	
44015005	
44015006	
44015007	
44015008	
44015009	
44015010	
44015011	
44015012	
44015013	
44015014	
44015015	
44015016	
44015017	
44015018	
44015019	
44015020	
44015021	
44015022	
44015023	
44015024	
44015025	
44015026	
44015027	
44015028	
44015029	
44015030	
44015031	
44015032	
44015033	
44015034	
44015035	
44015036	
44015037	
44015038	
44015039	
44015040	
44015041	
44016001	
44016002	
44016003	
44016004	
44016005	
44016006	
44016007	
44016008	
44016009	
44016010	
44016011	
44016012	
44016013	
44016014	
44016015	
44016016	
44016017	
44016018	
44016019	
44016020	
44016021	
44016022	
44016023	
44016024	
44016025	
44016026	
44016027	
44016028	
44016029	
44016030	
44016031	
44016032	
44016033	
44016034	
44016035	
44016036	
44016037	
44016038	
44016039	
44016040	
44017001	
44017002	
44017003	
44017004	
44017005	
44017006	
44017007	
44017008	
44017009	
44017010	
44017011	
44017012	
44017013	
44017014	
44017015	
44017016	
44017017	
44017018	
44017019	
44017020	
44017021	
44017022	
44017023	
44017024	
44017025	
44017026	
44017027	
44017028	
44017029	
44017030	
44017031	
44017032	
44017033	
44017034	
44018001	
44018002	
44018003	
44018004	
44018005	
44018006	
44018007	
44018008	
44018009	
44018010	
44018011	
44018012	
44018013	
44018014	
44018015	
44018016	
44018017	
44018018	
44018019	
44018020	
44018021	
44018022	
44018023	
44018024	
44018025	
44018026	
44018027	
44018028	
44019001	
44019002	
44019003	
44019004	
44019005	
44019006	
44019007	
44019008	
44019009	
44019010	
44019011	
44019012	
44019013	
44019014	
44019015	
44019016	
44019017	
44019018	
44019019	
44019020	
44019021	
44019022	
44019023	
44019024	
44019025	
44019026	
44019027	
44019028	
44019029	
44019030	
44019031	
44019032	
44019033	
44019034	
44019035	
44019036	
44019037	
44019038	
44019039	
44019040	
44019041	
44020001	
44020002	
44020003	
44020004	
44020005	
44020006	
44020007	
44020008	
44020009	
44020010	
44020011	
44020012	
44020013	
44020014	
44020015	
44020016	
44020017	
44020018	
44020019	
44020020	
44020021	
44020022	
44020023	
44020024	
44020025	
44020026	
44020027	
44020028	
44020029	
44020030	
44020031	
44020032	
44020033	
44020034	
44020035	
44020036	
44020037	
44020038	
44021001	
44021002	
44021003	
44021004	
44021005	
44021006	
44021007	
44021008	
44021009	
44021010	
44021011	
44021012	
44021013	
44021014	
44021015	
44021016	
44021017	
44021018	
44021019	
44021020	
44021021	
44021022	
44021023	
44021024	
44021025	
44021026	
44021027	
44021028	
44021029	
44021030	
44021031	
44021032	
44021033	
44021034	
44021035	
44021036	
44021037	
44021038	
44021039	
44021040	
44022001	
44022002	
44022003	
44022004	
44022005	
44022006	
44022007	
44022008	
44022009	
44022010	
44022011	
44022012	
44022013	
44022014	
44022015	
44022016	
44022017	
44022018	
44022019	
44022020	
44022021	
44022022	
44022023	
44022024	
44022025	
44022026	
44022027	
44022028	
44022029	
44022030	
44023001	
44023002	
44023003	
44023004	
44023005	
44023006	
44023007	
44023008	
44023009	
44023010	
44023011	
44023012	
44023013	
44023014	
44023015	
44023016	
44023017	
44023018	
44023019	
44023020	
44023021	
44023022	
44023023	
44023024	
44023025	
44023026	
44023027	
44023028	
44023029	
44023030	
44023031	
44023032	
44023033	
44023034	
44023035	
44024001	
44024002	
44024003	
44024004	
44024005	
44024006	
44024007	
44024008	
44024009	
44024010	
44024011	
44024012	
44024013	
44024014	
44024015	
44024016	
44024017	
44024018	
44024019	
44024020	
44024021	
44024022	
44024023	
44024024	
44024025	
44024026	
44024027	
44025001	
44025002	
44025003	
44025004	
44025005	
44025006	
44025007	
44025008	
44025009	
44025010	
44025011	
44025012	
44025013	
44025014	
44025015	
44025016	
44025017	
44025018	
44025019	
44025020	
44025021	
44025022	
44025023	
44025024	
44025025	
44025026	
44025027	
44026001	
44026002	
44026003	
44026004	
44026005	
44026006	
44026007	
44026008	
44026009	
44026010	
44026011	
44026012	
44026013	
44026014	
44026015	
44026016	
44026017	
44026018	
44026019	
44026020	
44026021	
44026022	
44026023	
44026024	
44026025	
44026026	
44026027	
44026028	
44026029	
44026030	
44026031	
44026032	
44027001	
44027002	
44027003	
44027004	
44027005	
44027006	
44027007	
44027008	
44027009	
44027010	
44027011	
44027012	
44027013	
44027014	
44027015	
44027016	
44027017	
44027018	
44027019	
44027020	
44027021	
44027022	
44027023	
44027024	
44027025	
44027026	
44027027	
44027028	
44027029	
44027030	
44027031	
44027032	
44027033	
44027034	
44027035	
44027036	
44027037	
44027038	
44027039	
44027040	
44027041	
44027042	
44027043	
44027044	
44028001	
44028002	
44028003	
44028004	
44028005	
44028006	
44028007	
44028008	
44028009	
44028010	
44028011	
44028012	
44028013	
44028014	
44028015	
44028016	
44028017	
44028018	
44028019	
44028020	
44028021	
44028022	
44028023	
44028024	
44028025	
44028026	
44028027	
44028028	
44028029	
44028030	
44028031	
48001001	
48001002	
48001003	
48001004	
48001005	
48001006	
48001007	
48001008	
48001009	
48001010	
48001011	
48001012	
48001013	
48001014	
48001015	
48001016	
48001017	
48001018	
48001019	
48001020	
48001021	
48001022	
48001023	
48001024	
48002001	
48002002	
48002003	
48002004	
48002005	
48002006	
48002007	
48002008	
48002009	
48002010	
48002011	
48002012	
48002013	
48002014	
48002015	
48002016	
48002017	
48002018	
48002019	
48002020	
48002021	
48003001	
48003002	
48003003	
48003004	
48003005	
48003006	
48003007	
48003008	
48003009	
48003010	
48003011	
48003012	
48003013	
48003014	
48003015	
48003016	
48003017	
48003018	
48003019	
48003020	
48003021	
48003022	
48003023	
48003024	
48003025	
48003026	
48003027	
48003028	
48003029	
48004001	
48004002	
48004003	
48004004	
48004005	
48004006	
48004007	
48004008	
48004009	
48004010	
48004011	
48004012	
48004013	
48004014	
48004015	
48004016	
48004017	
48004018	
48004019	
48004020	
48004021	
48004022	
48004023	
48004024	
48004025	
48004026	
48004027	
48004028	
48004029	
48004030	
48004031	
48005001	
48005002	
48005003	
48005004	
48005005	
48005006	
48005007	
48005008	
48005009	
48005010	
48005011	
48005012	
48005013	
48005014	
48005015	
48005016	
48005017	
48005018	
48005019	
48005020	
48005021	
48005022	
48005023	
48005024	
48005025	
48005026	
48006001	
48006002	
48006003	
48006004	
48006005	
48006006	
48006007	
48006008	
48006009	
48006010	
48006011	
48006012	
48006013	
48006014	
48006015	
48006016	
48006017	
48006018	
49001001	
49001002	
49001003	
49001004	
49001005	
49001006	
49001007	
49001008	
49001009	
49001010	
49001011	
49001012	
49001013	
49001014	
49001015	
49001016	
49001017	
49001018	
49001019	
49001020	
49001021	
49001022	
49001023	
49002001	
49002002	
49002003	
49002004	
49002005	
49002006	
49002007	
49002008	
49002009	
49002010	
49002011	
49002012	
49002013	
49002014	
49002015	
49002016	
49002017	
49002018	
49002019	
49002020	
49002021	
49002022	
49003001	
49003002	
49003003	
49003004	
49003005	
49003006	
49003007	
49003008	
49003009	
49003010	
49003011	
49003012	
49003013	
49003014	
49003015	
49003016	
49003017	
49003018	
49003019	
49003020	
49003021	
49004001	
49004002	
49004003	
49004004	
49004005	
49004006	
49004007	
49004008	
49004009	
49004010	
49004011	
49004012	
49004013	
49004014	
49004015	
49004016	
49004017	
49004018	
49004019	
49004020	
49004021	
49004022	
49004023	
49004024	
49004025	
49004026	
49004027	
49004028	
49004029	
49004030	
49004031	
49004032	
49005001	
49005002	
49005003	
49005004	
49005005	
49005006	
49005007	
49005008	
49005009	
49005010	
49005011	
49005012	
49005013	
49005014	
49005015	
49005016	
49005017	
49005018	
49005019	
49005020	
49005021	
49005022	
49005023	
49005024	
49005025	
49005026	
49005027	
49005028	
49005029	
49005030	
49005031	
49005032	
49005033	
49006001	
49006002	
49006003	
49006004	
49006005	
49006006	
49006007	
49006008	
49006009	
49006010	
49006011	
49006012	
49006013	
49006014	
49006015	
49006016	
49006017	
49006018	
49006019	
49006020	
49006021	
49006022	
49006023	
49006024	
50001001	
50001002	
50001003	
50001004	
50001005	
50001006	
50001007	
50001008	
50001009	
50001010	
50001011	
50001012	
50001013	
50001014	
50001015	
50001016	
50001017	
50001018	
50001019	
50001020	
50001021	
50001022	
50001023	
50001024	
50001025	
50001026	
50001027	
50001028	
50001029	
50001030	
50002001	
50002002	
50002003	
50002004	
50002005	
50002006	
50002007	
50002008	
50002009	
50002010	
50002011	
50002012	
50002013	
50002014	
50002015	
50002016	
50002017	
50002018	
50002019	
50002020	
50002021	
50002022	
50002023	
50002024	
50002025	
50002026	
50002027	
50002028	
50002029	
50002030	
50003001	
50003002	
50003003	
50003004	
50003005	
50003006	
50003007	
50003008	
50003009	
50003010	
50003011	
50003012	
50003013	
50003014	
50003015	
50003016	
50003017	
50003018	
50003019	
50003020	
50003021	
50004001	
50004002	
50004003	
50004004	
50004005	
50004006	
50004007	
50004008	
50004009	
50004010	
50004011	
50004012	
50004013	
50004014	
50004015	
50004016	
50004017	
50004018	
50004019	
50004020	
50004021	
50004022	
50004023	
58001001	
58001002	
58001003	
58001004	
58001005	
58001006	
58001007	
58001008	
58001009	
58001010	
58001011	
58001012	
58001013	
58001014	
58002001	
58002002	
58002003	
58002004	
58002005	
58002006	
58002007	
58002008	
58002009	
58002010	
58002011	
58002012	
58002013	
58002014	
58002015	
58002016	
58002017	
58002018	
58003001	
58003002	
58003003	
58003004	
58003005	
58003006	
58003007	
58003008	
58003009	
58003010	
58003011	
58003012	
58003013	
58003014	
58003015	
58003016	
58003017	
58003018	
58003019	
58004001	
58004002	
58004003	
58004004	
58004005	
58004006	
58004007	
58004008	
58004009	
58004010	
58004011	
58004012	
58004013	
58004014	
58004015	
58004016	
58005001	
58005002	
58005003	
58005004	
58005005	
58005006	
58005007	
58005008	
58005009	
58005010	
58005011	
58005012	
58005013	
58005014	
58006001	
58006002	
58006003	
58006004	
58006005	
58006006	
58006007	
58006008	
58006009	
58006010	
58006011	
58006012	
58006013	
58006014	
58006015	
58006016	
58006017	
58006018	
58006019	
58006020	
58007001	
58007002	
58007003	
58007004	
58007005	
58007006	
58007007	
58007008	
58007009	
58007010	
58007011	
58007012	
58007013	
58007014	
58007015	
58007016	
58007017	
58007018	
58007019	
58007020	
58007021	
58007022	
58007023	
58007024	
58007025	
58007026	
58007027	
58007028	
58008001	
58008002	
58008003	
58008004	
58008005	
58008006	
58008007	
58008008	
58008009	
58008010	
58008011	
58008012	
58008013	
58009001	
58009002	
58009003	
58009004	
58009005	
58009006	
58009007	
58009008	
58009009	
58009010	
58009011	
58009012	
58009013	
58009014	
58009015	
58009016	
58009017	
58009018	
58009019	
58009020	
58009021	
58009022	
58009023	
58009024	
58009025	
58009026	
58009027	
58009028	
58010001	
58010002	
58010003	
58010004	
58010005	
58010006	
58010007	
58010008	
58010009	
58010010	
58010011	
58010012	
58010013	
58010014	
58010015	
58010016	
58010017	
58010018	
58010019	
58010020	
58010021	
58010022	
58010023	
58010024	
58010025	
58010026	
58010027	
58010028	
58010029	
58010030	
58010031	
58010032	
58010033	
58010034	
58010035	
58010036	
58010037	
58010038	
58010039	
58011001	
58011002	
58011003	
58011004	
58011005	
58011006	
58011007	
58011008	
58011009	
58011010	
58011011	
58011012	
58011013	
58011014	
58011015	
58011016	
58011017	
58011018	
58011019	
58011020	
58011021	
58011022	
58011023	
58011024	
58011025	
58011026	
58011027	
58011028	
58011029	
58011030	
58011031	
58011032	
58011033	
58011034	
58011035	
58011036	
58011037	
58011038	
58011039	
58011040	
58012001	
58012002	
58012003	
58012004	
58012005	
58012006	
58012007	
58012008	
58012009	
58012010	
58012011	
58012012	
58012013	
58012014	
58012015	
58012016	
58012017	
58012018	
58012019	
58012020	
58012021	
58012022	
58012023	
58012024	
58012025	
58012026	
58012027	
58012028	
58012029	
58013001	
58013002	
58013003	
58013004	
58013005	
58013006	
58013007	
58013008	
58013009	
58013010	
58013011	
58013012	
58013013	
58013014	
58013015	
58013016	
58013017	
58013018	
58013019	
58013020	
58013021	
58013022	
58013023	
58013024	
58013025	
