01001001	
01001002	
01001003	
01001004	
01001005	
01001006	
01001007	
01001008	
01001009	
01001010	
01001011	
01001012	
01001013	
01001014	
01001015	
01001016	
01001017	
01001018	
01001019	
01001020	
01001021	
01001022	
01001023	
01001024	
01001025	
01001026	
01001027	
01001028	
01001029	
01001030	
01001031	
01002001	
01002002	
01002003	
01002004	
01002005	
01002006	
01002007	
01002008	
01002009	
01002010	
01002011	
01002012	
01002013	
01002014	
01002015	
01002016	
01002017	
01002018	
01002019	
01002020	
01002021	
01002022	
01002023	
01002024	
01002025	
01003001	
01003002	
01003003	
01003004	
01003005	
01003006	
01003007	
01003008	
01003009	
01003010	
01003011	
01003012	
01003013	
01003014	
01003015	
01003016	
01003017	
01003018	
01003019	
01003020	
01003021	
01003022	
01003023	
01003024	
01004001	
01004002	
01004003	
01004004	
01004005	
01004006	
01004007	
01004008	
01004009	
01004010	
01004011	
01004012	
01004013	
01004014	
01004015	
01004016	
01004017	
01004018	
01004019	
01004020	
01004021	
01004022	
01004023	
01004024	
01004025	
01004026	
01005001	
01005002	
01005003	
01005004	
01005005	
01005006	
01005007	
01005008	
01005009	
01005010	
01005011	
01005012	
01005013	
01005014	
01005015	
01005016	
01005017	
01005018	
01005019	
01005020	
01005021	
01005022	
01005023	
01005024	
01005025	
01005026	
01005027	
01005028	
01005029	
01005030	
01005031	
01005032	
01006001	
01006002	
01006003	
01006004	
01006005	
01006006	
01006007	
01006008	
01006009	
01006010	
01006011	
01006012	
01006013	
01006014	
01006015	
01006016	
01006017	
01006018	
01006019	
01006020	
01006021	
01006022	
01007001	
01007002	
01007003	
01007004	
01007005	
01007006	
01007007	
01007008	
01007009	
01007010	
01007011	
01007012	
01007013	
01007014	
01007015	
01007016	
01007017	
01007018	
01007019	
01007020	
01007021	
01007022	
01007023	
01007024	
01008001	
01008002	
01008003	
01008004	
01008005	
01008006	
01008007	
01008008	
01008009	
01008010	
01008011	
01008012	
01008013	
01008014	
01008015	
01008016	
01008017	
01008018	
01008019	
01008020	
01008021	
01008022	
01009001	
01009002	
01009003	
01009004	
01009005	
01009006	
01009007	
01009008	
01009009	
01009010	
01009011	
01009012	
01009013	
01009014	
01009015	
01009016	
01009017	
01009018	
01009019	
01009020	
01009021	
01009022	
01009023	
01009024	
01009025	
01009026	
01009027	
01009028	
01009029	
01010001	
01010002	
01010003	
01010004	
01010005	
01010006	
01010007	
01010008	
01010009	
01010010	
01010011	
01010012	
01010013	
01010014	
01010015	
01010016	
01010017	
01010018	
01010019	
01010020	
01010021	
01010022	
01010023	
01010024	
01010025	
01010026	
01010027	
01010028	
01010029	
01010030	
01010031	
01010032	
01011001	
01011002	
01011003	
01011004	
01011005	
01011006	
01011007	
01011008	
01011009	
01011010	
01011011	
01011012	
01011013	
01011014	
01011015	
01011016	
01011017	
01011018	
01011019	
01011020	
01011021	
01011022	
01011023	
01011024	
01011025	
01011026	
01011027	
01011028	
01011029	
01011030	
01011031	
01011032	
01012001	
01012002	
01012003	
01012004	
01012005	
01012006	
01012007	
01012008	
01012009	
01012010	
01012011	
01012012	
01012013	
01012014	
01012015	
01012016	
01012017	
01012018	
01012019	
01012020	
01013001	
01013002	
01013003	
01013004	
01013005	
01013006	
01013007	
01013008	
01013009	
01013010	
01013011	
01013012	
01013013	
01013014	
01013015	
01013016	
01013017	
01013018	
01014001	
01014002	
01014003	
01014004	
01014005	
01014006	
01014007	
01014008	
01014009	
01014010	
01014011	
01014012	
01014013	
01014014	
01014015	
01014016	
01014017	
01014018	
01014019	
01014020	
01014021	
01014022	
01014023	
01014024	
01015001	
01015002	
01015003	
01015004	
01015005	
01015006	
01015007	
01015008	
01015009	
01015010	
01015011	
01015012	
01015013	
01015014	
01015015	
01015016	
01015017	
01015018	
01015019	
01015020	
01015021	
01016001	
01016002	
01016003	
01016004	
01016005	
01016006	
01016007	
01016008	
01016009	
01016010	
01016011	
01016012	
01016013	
01016014	
01016015	
01016016	
01017001	
01017002	
01017003	
01017004	
01017005	
01017006	
01017007	
01017008	
01017009	
01017010	
01017011	
01017012	
01017013	
01017014	
01017015	
01017016	
01017017	
01017018	
01017019	
01017020	
01017021	
01017022	
01017023	
01017024	
01017025	
01017026	
01017027	
01018001	
01018002	
01018003	
01018004	
01018005	
01018006	
01018007	
01018008	
01018009	
01018010	
01018011	
01018012	
01018013	
01018014	
01018015	
01018016	
01018017	
01018018	
01018019	
01018020	
01018021	
01018022	
01018023	
01018024	
01018025	
01018026	
01018027	
01018028	
01018029	
01018030	
01018031	
01018032	
01018033	
01019001	
01019002	
01019003	
01019004	
01019005	
01019006	
01019007	
01019008	
01019009	
01019010	
01019011	
01019012	
01019013	
01019014	
01019015	
01019016	
01019017	
01019018	
01019019	
01019020	
01019021	
01019022	
01019023	
01019024	
01019025	
01019026	
01019027	
01019028	
01019029	
01019030	
01019031	
01019032	
01019033	
01019034	
01019035	
01019036	
01019037	
01019038	
01020001	
01020002	
01020003	
01020004	
01020005	
01020006	
01020007	
01020008	
01020009	
01020010	
01020011	
01020012	
01020013	
01020014	
01020015	
01020016	
01020017	
01020018	
01021001	
01021002	
01021003	
01021004	
01021005	
01021006	
01021007	
01021008	
01021009	
01021010	
01021011	
01021012	
01021013	
01021014	
01021015	
01021016	
01021017	
01021018	
01021019	
01021020	
01021021	
01021022	
01021023	
01021024	
01021025	
01021026	
01021027	
01021028	
01021029	
01021030	
01021031	
01021032	
01021033	
01021034	
01022001	
01022002	
01022003	
01022004	
01022005	
01022006	
01022007	
01022008	
01022009	
01022010	
01022011	
01022012	
01022013	
01022014	
01022015	
01022016	
01022017	
01022018	
01022019	
01022020	
01022021	
01022022	
01022023	
01022024	
01023001	
01023002	
01023003	
01023004	
01023005	
01023006	
01023007	
01023008	
01023009	
01023010	
01023011	
01023012	
01023013	
01023014	
01023015	
01023016	
01023017	
01023018	
01023019	
01023020	
01024001	
01024002	
01024003	
01024004	
01024005	
01024006	
01024007	
01024008	
01024009	
01024010	
01024011	
01024012	
01024013	
01024014	
01024015	
01024016	
01024017	
01024018	
01024019	
01024020	
01024021	
01024022	
01024023	
01024024	
01024025	
01024026	
01024027	
01024028	
01024029	
01024030	
01024031	
01024032	
01024033	
01024034	
01024035	
01024036	
01024037	
01024038	
01024039	
01024040	
01024041	
01024042	
01024043	
01024044	
01024045	
01024046	
01024047	
01024048	
01024049	
01024050	
01024051	
01024052	
01024053	
01024054	
01024055	
01024056	
01024057	
01024058	
01024059	
01024060	
01024061	
01024062	
01024063	
01024064	
01024065	
01024066	
01024067	
01025001	
01025002	
01025003	
01025004	
01025005	
01025006	
01025007	
01025008	
01025009	
01025010	
01025011	
01025012	
01025013	
01025014	
01025015	
01025016	
01025017	
01025018	
01025019	
01025020	
01025021	
01025022	
01025023	
01025024	
01025025	
01025026	
01025027	
01025028	
01025029	
01025030	
01025031	
01025032	
01025033	
01025034	
01026001	
01026002	
01026003	
01026004	
01026005	
01026006	
01026007	
01026008	
01026009	
01026010	
01026011	
01026012	
01026013	
01026014	
01026015	
01026016	
01026017	
01026018	
01026019	
01026020	
01026021	
01026022	
01026023	
01026024	
01026025	
01026026	
01026027	
01026028	
01026029	
01026030	
01026031	
01026032	
01026033	
01026034	
01026035	
01027001	
01027002	
01027003	
01027004	
01027005	
01027006	
01027007	
01027008	
01027009	
01027010	
01027011	
01027012	
01027013	
01027014	
01027015	
01027016	
01027017	
01027018	
01027019	
01027020	
01027021	
01027022	
01027023	
01027024	
01027025	
01027026	
01027027	
01027028	
01027029	
01027030	
01027031	
01027032	
01027033	
01027034	
01027035	
01027036	
01027037	
01027038	
01027039	
01027040	
01027041	
01027042	
01027043	
01027044	
01027045	
01027046	
01028001	
01028002	
01028003	
01028004	
01028005	
01028006	
01028007	
01028008	
01028009	
01028010	
01028011	
01028012	
01028013	
01028014	
01028015	
01028016	
01028017	
01028018	
01028019	
01028020	
01028021	
01028022	
01029001	
01029002	
01029003	
01029004	
01029005	
01029006	
01029007	
01029008	
01029009	
01029010	
01029011	
01029012	
01029013	
01029014	
01029015	
01029016	
01029017	
01029018	
01029019	
01029020	
01029021	
01029022	
01029023	
01029024	
01029025	
01029026	
01029027	
01029028	
01029029	
01029030	
01029031	
01029032	
01029033	
01029034	
01029035	
01030001	
01030002	
01030003	
01030004	
01030005	
01030006	
01030007	
01030008	
01030009	
01030010	
01030011	
01030012	
01030013	
01030014	
01030015	
01030016	
01030017	
01030018	
01030019	
01030020	
01030021	
01030022	
01030023	
01030024	
01030025	
01030026	
01030027	
01030028	
01030029	
01030030	
01030031	
01030032	
01030033	
01030034	
01030035	
01030036	
01030037	
01030038	
01030039	
01030040	
01030041	
01030042	
01030043	
01031001	
01031002	
01031003	
01031004	
01031005	
01031006	
01031007	
01031008	
01031009	
01031010	
01031011	
01031012	
01031013	
01031014	
01031015	
01031016	
01031017	
01031018	
01031019	
01031020	
01031021	
01031022	
01031023	
01031024	
01031025	
01031026	
01031027	
01031028	
01031029	
01031030	
01031031	
01031032	
01031033	
01031034	
01031035	
01031036	
01031037	
01031038	
01031039	
01031040	
01031041	
01031042	
01031043	
01031044	
01031045	
01031046	
01031047	
01031048	
01031049	
01031050	
01031051	
01031052	
01031053	
01031054	
01031055	
01032001	
01032002	
01032003	
01032004	
01032005	
01032006	
01032007	
01032008	
01032009	
01032010	
01032011	
01032012	
01032013	
01032014	
01032015	
01032016	
01032017	
01032018	
01032019	
01032020	
01032021	
01032022	
01032023	
01032024	
01032025	
01032026	
01032027	
01032028	
01032029	
01032030	
01032031	
01032032	
01033001	
01033002	
01033003	
01033004	
01033005	
01033006	
01033007	
01033008	
01033009	
01033010	
01033011	
01033012	
01033013	
01033014	
01033015	
01033016	
01033017	
01033018	
01033019	
01033020	
01034001	
01034002	
01034003	
01034004	
01034005	
01034006	
01034007	
01034008	
01034009	
01034010	
01034011	
01034012	
01034013	
01034014	
01034015	
01034016	
01034017	
01034018	
01034019	
01034020	
01034021	
01034022	
01034023	
01034024	
01034025	
01034026	
01034027	
01034028	
01034029	
01034030	
01034031	
01035001	
01035002	
01035003	
01035004	
01035005	
01035006	
01035007	
01035008	
01035009	
01035010	
01035011	
01035012	
01035013	
01035014	
01035015	
01035016	
01035017	
01035018	
01035019	
01035020	
01035021	
01035022	
01035023	
01035024	
01035025	
01035026	
01035027	
01035028	
01035029	
01036001	
01036002	
01036003	
01036004	
01036005	
01036006	
01036007	
01036008	
01036009	
01036010	
01036011	
01036012	
01036013	
01036014	
01036015	
01036016	
01036017	
01036018	
01036019	
01036020	
01036021	
01036022	
01036023	
01036024	
01036025	
01036026	
01036027	
01036028	
01036029	
01036030	
01036031	
01036032	
01036033	
01036034	
01036035	
01036036	
01036037	
01036038	
01036039	
01036040	
01036041	
01036042	
01036043	
01037001	
01037002	
01037003	
01037004	
01037005	
01037006	
01037007	
01037008	
01037009	
01037010	
01037011	
01037012	
01037013	
01037014	
01037015	
01037016	
01037017	
01037018	
01037019	
01037020	
01037021	
01037022	
01037023	
01037024	
01037025	
01037026	
01037027	
01037028	
01037029	
01037030	
01037031	
01037032	
01037033	
01037034	
01037035	
01037036	
01038001	
01038002	
01038003	
01038004	
01038005	
01038006	
01038007	
01038008	
01038009	
01038010	
01038011	
01038012	
01038013	
01038014	
01038015	
01038016	
01038017	
01038018	
01038019	
01038020	
01038021	
01038022	
01038023	
01038024	
01038025	
01038026	
01038027	
01038028	
01038029	
01038030	
01039001	
01039002	
01039003	
01039004	
01039005	
01039006	
01039007	
01039008	
01039009	
01039010	
01039011	
01039012	
01039013	
01039014	
01039015	
01039016	
01039017	
01039018	
01039019	
01039020	
01039021	
01039022	
01039023	
01040001	
01040002	
01040003	
01040004	
01040005	
01040006	
01040007	
01040008	
01040009	
01040010	
01040011	
01040012	
01040013	
01040014	
01040015	
01040016	
01040017	
01040018	
01040019	
01040020	
01040021	
01040022	
01040023	
01041001	
01041002	
01041003	
01041004	
01041005	
01041006	
01041007	
01041008	
01041009	
01041010	
01041011	
01041012	
01041013	
01041014	
01041015	
01041016	
01041017	
01041018	
01041019	
01041020	
01041021	
01041022	
01041023	
01041024	
01041025	
01041026	
01041027	
01041028	
01041029	
01041030	
01041031	
01041032	
01041033	
01041034	
01041035	
01041036	
01041037	
01041038	
01041039	
01041040	
01041041	
01041042	
01041043	
01041044	
01041045	
01041046	
01041047	
01041048	
01041049	
01041050	
01041051	
01041052	
01041053	
01041054	
01041055	
01041056	
01041057	
01042001	
01042002	
01042003	
01042004	
01042005	
01042006	
01042007	
01042008	
01042009	
01042010	
01042011	
01042012	
01042013	
01042014	
01042015	
01042016	
01042017	
01042018	
01042019	
01042020	
01042021	
01042022	
01042023	
01042024	
01042025	
01042026	
01042027	
01042028	
01042029	
01042030	
01042031	
01042032	
01042033	
01042034	
01042035	
01042036	
01042037	
01042038	
01043001	
01043002	
01043003	
01043004	
01043005	
01043006	
01043007	
01043008	
01043009	
01043010	
01043011	
01043012	
01043013	
01043014	
01043015	
01043016	
01043017	
01043018	
01043019	
01043020	
01043021	
01043022	
01043023	
01043024	
01043025	
01043026	
01043027	
01043028	
01043029	
01043030	
01043031	
01043032	
01043033	
01043034	
01044001	
01044002	
01044003	
01044004	
01044005	
01044006	
01044007	
01044008	
01044009	
01044010	
01044011	
01044012	
01044013	
01044014	
01044015	
01044016	
01044017	
01044018	
01044019	
01044020	
01044021	
01044022	
01044023	
01044024	
01044025	
01044026	
01044027	
01044028	
01044029	
01044030	
01044031	
01044032	
01044033	
01044034	
01045001	
01045002	
01045003	
01045004	
01045005	
01045006	
01045007	
01045008	
01045009	
01045010	
01045011	
01045012	
01045013	
01045014	
01045015	
01045016	
01045017	
01045018	
01045019	
01045020	
01045021	
01045022	
01045023	
01045024	
01045025	
01045026	
01045027	
01045028	
01046001	
01046002	
01046003	
01046004	
01046005	
01046006	
01046007	
01046008	
01046009	
01046010	
01046011	
01046012	
01046013	
01046014	
01046015	
01046016	
01046017	
01046018	
01046019	
01046020	
01046021	
01046022	
01046023	
01046024	
01046025	
01046026	
01046027	
01046028	
01046029	
01046030	
01046031	
01046032	
01046033	
01046034	
01047001	
01047002	
01047003	
01047004	
01047005	
01047006	
01047007	
01047008	
01047009	
01047010	
01047011	
01047012	
01047013	
01047014	
01047015	
01047016	
01047017	
01047018	
01047019	
01047020	
01047021	
01047022	
01047023	
01047024	
01047025	
01047026	
01047027	
01047028	
01047029	
01047030	
01047031	
01048001	
01048002	
01048003	
01048004	
01048005	
01048006	
01048007	
01048008	
01048009	
01048010	
01048011	
01048012	
01048013	
01048014	
01048015	
01048016	
01048017	
01048018	
01048019	
01048020	
01048021	
01048022	
01049001	
01049002	
01049003	
01049004	
01049005	
01049006	
01049007	
01049008	
01049009	
01049010	
01049011	
01049012	
01049013	
01049014	
01049015	
01049016	
01049017	
01049018	
01049019	
01049020	
01049021	
01049022	
01049023	
01049024	
01049025	
01049026	
01049027	
01049028	
01049029	
01049030	
01049031	
01049032	
01049033	
01050001	
01050002	
01050003	
01050004	
01050005	
01050006	
01050007	
01050008	
01050009	
01050010	
01050011	
01050012	
01050013	
01050014	
01050015	
01050016	
01050017	
01050018	
01050019	
01050020	
01050021	
01050022	
01050023	
01050024	
01050025	
01050026	
48001001	
48001002	
48001003	
48001004	
48001005	
48001006	
48001007	
48001008	
48001009	
48001010	
48001011	
48001012	
48001013	
48001014	
48001015	
48001016	
48001017	
48001018	
48001019	
48001020	
48001021	
48001022	
48001023	
48001024	
48002001	
48002002	
48002003	
48002004	
48002005	
48002006	
48002007	
48002008	
48002009	
48002010	
48002011	
48002012	
48002013	
48002014	
48002015	
48002016	
48002017	
48002018	
48002019	
48002020	
48002021	
48003001	
48003002	
48003003	
48003004	
48003005	
48003006	
48003007	
48003008	
48003009	
48003010	
48003011	
48003012	
48003013	
48003014	
48003015	
48003016	
48003017	
48003018	
48003019	
48003020	
48003021	
48003022	
48003023	
48003024	
48003025	
48003026	
48003027	
48003028	
48003029	
48004001	
48004002	
48004003	
48004004	
48004005	
48004006	
48004007	
48004008	
48004009	
48004010	
48004011	
48004012	
48004013	
48004014	
48004015	
48004016	
48004017	
48004018	
48004019	
48004020	
48004021	
48004022	
48004023	
48004024	
48004025	
48004026	
48004027	
48004028	
48004029	
48004030	
48004031	
48005001	
48005002	
48005003	
48005004	
48005005	
48005006	
48005007	
48005008	
48005009	
48005010	
48005011	
48005012	
48005013	
48005014	
48005015	
48005016	
48005017	
48005018	
48005019	
48005020	
48005021	
48005022	
48005023	
48005024	
48005025	
48005026	
48006001	
48006002	
48006003	
48006004	
48006005	
48006006	
48006007	
48006008	
48006009	
48006010	
48006011	
48006012	
48006013	
48006014	
48006015	
48006016	
48006017	
48006018	
59001001	
59001002	
59001003	
59001004	
59001005	
59001006	
59001007	
59001008	
59001009	
59001010	
59001011	
59001012	
59001013	
59001014	
59001015	
59001016	
59001017	
59001018	
59001019	
59001020	
59001021	
59001022	
59001023	
59001024	
59001025	
59001026	
59001027	
59002001	
59002002	
59002003	
59002004	
59002005	
59002006	
59002007	
59002008	
59002009	
59002010	
59002011	
59002012	
59002013	
59002014	
59002015	
59002016	
59002017	
59002018	
59002019	
59002020	
59002021	
59002022	
59002023	
59002024	
59002025	
59002026	
59003001	
59003002	
59003003	
59003004	
59003005	
59003006	
59003007	
59003008	
59003009	
59003010	
59003011	
59003012	
59003013	
59003014	
59003015	
59003016	
59003017	
59003018	
59004001	
59004002	
59004003	
59004004	
59004005	
59004006	
59004007	
59004008	
59004009	
59004010	
59004011	
59004012	
59004013	
59004014	
59004015	
59004016	
59004017	
59005001	
59005002	
59005003	
59005004	
59005005	
59005006	
59005007	
59005008	
59005009	
59005010	
59005011	
59005012	
59005013	
59005014	
59005015	
59005016	
59005017	
59005018	
59005019	
59005020	
