42001001	
42001002	
42001003	
42001004	
42001005	
42001006	
42001007	
42001008	
42001009	
42001010	
42001011	
42001012	
42001013	
42001014	
42001015	
42001016	
42001017	
42001018	
42001019	
42001020	
42001021	
42001022	
42001023	
42001024	
42001025	
42001026	
42001027	
42001028	
42001029	
42001030	
42001031	
42001032	
42001033	
42001034	
42001035	
42001036	
42001037	
42001038	
42001039	
42001040	
42001041	
42001042	
42001043	
42001044	
42001045	
42001046	
42001047	
42001048	
42001049	
42001050	
42001051	
42001052	
42001053	
42001054	
42001055	
42001056	
42001057	
42001058	
42001059	
42001060	
42001061	
42001062	
42001063	
42001064	
42001065	
42001066	
42001067	
42001068	
42001069	
42001070	
42001071	
42001072	
42001073	
42001074	
42001075	
42001076	
42001077	
42001078	
42001079	
42001080	
42002001	
42002002	
42002003	
42002004	
42002005	
42002006	
42002007	
42002008	
42002009	
42002010	
42002011	
42002012	
42002013	
42002014	
42002015	
42002016	
42002017	
42002018	
42002019	
42002020	
42002021	
42002022	
42002023	
42002024	
42002025	
42002026	
42002027	
42002028	
42002029	
42002030	
42002031	
42002032	
42002033	
42002034	
42002035	
42002036	
42002037	
42002038	
42002039	
42002040	
42002041	
42002042	
42002043	
42002044	
42002045	
42002046	
42002047	
42002048	
42002049	
42002050	
42002051	
42002052	
42003001	
42003002	
42003003	
42003004	
42003005	
42003006	
42003007	
42003008	
42003009	
42003010	
42003011	
42003012	
42003013	
42003014	
42003015	
42003016	
42003017	
42003018	
42003019	
42003020	
42003021	
42003022	
42003023	
42003024	
42003025	
42003026	
42003027	
42003028	
42003029	
42003030	
42003031	
42003032	
42003033	
42003034	
42003035	
42003036	
42003037	
42003038	
42004001	
42004002	
42004003	
42004004	
42004005	
42004006	
42004007	
42004008	
42004009	
42004010	
42004011	
42004012	
42004013	
42004014	
42004015	
42004016	
42004017	
42004018	
42004019	
42004020	
42004021	
42004022	
42004023	
42004024	
42004025	
42004026	
42004027	
42004028	
42004029	
42004030	
42004031	
42004032	
42004033	
42004034	
42004035	
42004036	
42004037	
42004038	
42004039	
42004040	
42004041	
42004042	
42004043	
42004044	
42005001	
42005002	
42005003	
42005004	
42005005	
42005006	
42005007	
42005008	
42005009	
42005010	
42005011	
42005012	
42005013	
42005014	
42005015	
42005016	
42005017	
42005018	
42005019	
42005020	
42005021	
42005022	
42005023	
42005024	
42005025	
42005026	
42005027	
42005028	
42005029	
42005030	
42005031	
42005032	
42005033	
42005034	
42005035	
42005036	
42005037	
42005038	
42005039	
42006001	
42006002	
42006003	
42006004	
42006005	
42006006	
42006007	
42006008	
42006009	
42006010	
42006011	
42006012	
42006013	
42006014	
42006015	
42006016	
42006017	
42006018	
42006019	
42006020	
42006021	
42006022	
42006023	
42006024	
42006025	
42006026	
42006027	
42006028	
42006029	
42006030	
42006031	
42006032	
42006033	
42006034	
42006035	
42006036	
42006037	
42006038	
42006039	
42006040	
42006041	
42006042	
42006043	
42006044	
42006045	
42006046	
42006047	
42006048	
42006049	
42007001	
42007002	
42007003	
42007004	
42007005	
42007006	
42007007	
42007008	
42007009	
42007010	
42007011	
42007012	
42007013	
42007014	
42007015	
42007016	
42007017	
42007018	
42007019	
42007020	
42007021	
42007022	
42007023	
42007024	
42007025	
42007026	
42007027	
42007028	
42007029	
42007030	
42007031	
42007032	
42007033	
42007034	
42007035	
42007036	
42007037	
42007038	
42007039	
42007040	
42007041	
42007042	
42007043	
42007044	
42007045	
42007046	
42007047	
42007048	
42007049	
42007050	
42008001	
42008002	
42008003	
42008004	
42008005	
42008006	
42008007	
42008008	
42008009	
42008010	
42008011	
42008012	
42008013	
42008014	
42008015	
42008016	
42008017	
42008018	
42008019	
42008020	
42008021	
42008022	
42008023	
42008024	
42008025	
42008026	
42008027	
42008028	
42008029	
42008030	
42008031	
42008032	
42008033	
42008034	
42008035	
42008036	
42008037	
42008038	
42008039	
42008040	
42008041	
42008042	
42008043	
42008044	
42008045	
42008046	
42008047	
42008048	
42008049	
42008050	
42008051	
42008052	
42008053	
42008054	
42008055	
42008056	
42009001	
42009002	
42009003	
42009004	
42009005	
42009006	
42009007	
42009008	
42009009	
42009010	
42009011	
42009012	
42009013	
42009014	
42009015	
42009016	
42009017	
42009018	
42009019	
42009020	
42009021	
42009022	
42009023	
42009024	
42009025	
42009026	
42009027	
42009028	
42009029	
42009030	
42009031	
42009032	
42009033	
42009034	
42009035	
42009036	
42009037	
42009038	
42009039	
42009040	
42009041	
42009042	
42009043	
42009044	
42009045	
42009046	
42009047	
42009048	
42009049	
42009050	
42009051	
42009052	
42009053	
42009054	
42009055	
42009056	
42009057	
42009058	
42009059	
42009060	
42009061	
42009062	
42010001	
42010002	
42010003	
42010004	
42010005	
42010006	
42010007	
42010008	
42010009	
42010010	
42010011	
42010012	
42010013	
42010014	
42010015	
42010016	
42010017	
42010018	
42010019	
42010020	
42010021	
42010022	
42010023	
42010024	
42010025	
42010026	
42010027	
42010028	
42010029	
42010030	
42010031	
42010032	
42010033	
42010034	
42010035	
42010036	
42010037	
42010038	
42010039	
42010040	
42010041	
42010042	
42011001	
42011002	
42011003	
42011004	
42011005	
42011006	
42011007	
42011008	
42011009	
42011010	
42011011	
42011012	
42011013	
42011014	
42011015	
42011016	
42011017	
42011018	
42011019	
42011020	
42011021	
42011022	
42011023	
42011024	
42011025	
42011026	
42011027	
42011028	
42011029	
42011030	
42011031	
42011032	
42011033	
42011034	
42011035	
42011036	
42011037	
42011038	
42011039	
42011040	
42011041	
42011042	
42011043	
42011044	
42011045	
42011046	
42011047	
42011048	
42011049	
42011050	
42011051	
42011052	
42011053	
42011054	
42012001	
42012002	
42012003	
42012004	
42012005	
42012006	
42012007	
42012008	
42012009	
42012010	
42012011	
42012012	
42012013	
42012014	
42012015	
42012016	
42012017	
42012018	
42012019	
42012020	
42012021	
42012022	
42012023	
42012024	
42012025	
42012026	
42012027	
42012028	
42012029	
42012030	
42012031	
42012032	
42012033	
42012034	
42012035	
42012036	
42012037	
42012038	
42012039	
42012040	
42012041	
42012042	
42012043	
42012044	
42012045	
42012046	
42012047	
42012048	
42012049	
42012050	
42012051	
42012052	
42012053	
42012054	
42012055	
42012056	
42012057	
42012058	
42012059	
42013001	
42013002	
42013003	
42013004	
42013005	
42013006	
42013007	
42013008	
42013009	
42013010	
42013011	
42013012	
42013013	
42013014	
42013015	
42013016	
42013017	
42013018	
42013019	
42013020	
42013021	
42013022	
42013023	
42013024	
42013025	
42013026	
42013027	
42013028	
42013029	
42013030	
42013031	
42013032	
42013033	
42013034	
42013035	
42014001	
42014002	
42014003	
42014004	
42014005	
42014006	
42014007	
42014008	
42014009	
42014010	
42014011	
42014012	
42014013	
42014014	
42014015	
42014016	
42014017	
42014018	
42014019	
42014020	
42014021	
42014022	
42014023	
42014024	
42014025	
42014026	
42014027	
42014028	
42014029	
42014030	
42014031	
42014032	
42014033	
42014034	
42014035	
42015001	
42015002	
42015003	
42015004	
42015005	
42015006	
42015007	
42015008	
42015009	
42015010	
42015011	
42015012	
42015013	
42015014	
42015015	
42015016	
42015017	
42015018	
42015019	
42015020	
42015021	
42015022	
42015023	
42015024	
42015025	
42015026	
42015027	
42015028	
42015029	
42015030	
42015031	
42015032	
42016001	
42016002	
42016003	
42016004	
42016005	
42016006	
42016007	
42016008	
42016009	
42016010	
42016011	
42016012	
42016013	
42016014	
42016015	
42016016	
42016017	
42016018	
42016019	
42016020	
42016021	
42016022	
42016023	
42016024	
42016025	
42016026	
42016027	
42016028	
42016029	
42016030	
42016031	
42017001	
42017002	
42017003	
42017004	
42017005	
42017006	
42017007	
42017008	
42017009	
42017010	
42017011	
42017012	
42017013	
42017014	
42017015	
42017016	
42017017	
42017018	
42017019	
42017020	
42017021	
42017022	
42017023	
42017024	
42017025	
42017026	
42017027	
42017028	
42017029	
42017030	
42017031	
42017032	
42017033	
42017034	
42017035	
42017036	
42017037	
42018001	
42018002	
42018003	
42018004	
42018005	
42018006	
42018007	
42018008	
42018009	
42018010	
42018011	
42018012	
42018013	
42018014	
42018015	
42018016	
42018017	
42018018	
42018019	
42018020	
42018021	
42018022	
42018023	
42018024	
42018025	
42018026	
42018027	
42018028	
42018029	
42018030	
42018031	
42018032	
42018033	
42018034	
42018035	
42018036	
42018037	
42018038	
42018039	
42018040	
42018041	
42018042	
42018043	
42019001	
42019002	
42019003	
42019004	
42019005	
42019006	
42019007	
42019008	
42019009	
42019010	
42019011	
42019012	
42019013	
42019014	
42019015	
42019016	
42019017	
42019018	
42019019	
42019020	
42019021	
42019022	
42019023	
42019024	
42019025	
42019026	
42019027	
42019028	
42019029	
42019030	
42019031	
42019032	
42019033	
42019034	
42019035	
42019036	
42019037	
42019038	
42019039	
42019040	
42019041	
42019042	
42019043	
42019044	
42019045	
42019046	
42019047	
42019048	
42020001	
42020002	
42020003	
42020004	
42020005	
42020006	
42020007	
42020008	
42020009	
42020010	
42020011	
42020012	
42020013	
42020014	
42020015	
42020016	
42020017	
42020018	
42020019	
42020020	
42020021	
42020022	
42020023	
42020024	
42020025	
42020026	
42020027	
42020028	
42020029	
42020030	
42020031	
42020032	
42020033	
42020034	
42020035	
42020036	
42020037	
42020038	
42020039	
42020040	
42020041	
42020042	
42020043	
42020044	
42020045	
42020046	
42020047	
42021001	
42021002	
42021003	
42021004	
42021005	
42021006	
42021007	
42021008	
42021009	
42021010	
42021011	
42021012	
42021013	
42021014	
42021015	
42021016	
42021017	
42021018	
42021019	
42021020	
42021021	
42021022	
42021023	
42021024	
42021025	
42021026	
42021027	
42021028	
42021029	
42021030	
42021031	
42021032	
42021033	
42021034	
42021035	
42021036	
42021037	
42021038	
42022001	
42022002	
42022003	
42022004	
42022005	
42022006	
42022007	
42022008	
42022009	
42022010	
42022011	
42022012	
42022013	
42022014	
42022015	
42022016	
42022017	
42022018	
42022019	
42022020	
42022021	
42022022	
42022023	
42022024	
42022025	
42022026	
42022027	
42022028	
42022029	
42022030	
42022031	
42022032	
42022033	
42022034	
42022035	
42022036	
42022037	
42022038	
42022039	
42022040	
42022041	
42022042	
42022043	
42022044	
42022045	
42022046	
42022047	
42022048	
42022049	
42022050	
42022051	
42022052	
42022053	
42022054	
42022055	
42022056	
42022057	
42022058	
42022059	
42022060	
42022061	
42022062	
42022063	
42022064	
42022065	
42022066	
42022067	
42022068	
42022069	
42022070	
42022071	
42023001	
42023002	
42023003	
42023004	
42023005	
42023006	
42023007	
42023008	
42023009	
42023010	
42023011	
42023012	
42023013	
42023014	
42023015	
42023016	
42023018	
42023019	
42023020	
42023021	
42023022	
42023023	
42023024	
42023025	
42023026	
42023027	
42023028	
42023029	
42023030	
42023031	
42023032	
42023033	
42023034	
42023035	
42023036	
42023037	
42023038	
42023039	
42023040	
42023041	
42023042	
42023043	
42023044	
42023045	
42023046	
42023047	
42023048	
42023049	
42023050	
42023051	
42023052	
42023053	
42023054	
42023055	
42023056	
42024001	
42024002	
42024003	
42024004	
42024005	
42024006	
42024007	
42024008	
42024009	
42024010	
42024011	
42024012	
42024013	
42024014	
42024015	
42024016	
42024017	
42024018	
42024019	
42024020	
42024021	
42024022	
42024023	
42024024	
42024025	
42024026	
42024027	
42024028	
42024029	
42024030	
42024031	
42024032	
42024033	
42024034	
42024035	
42024036	
42024037	
42024038	
42024039	
42024040	
42024041	
42024042	
42024043	
42024044	
42024045	
42024046	
42024047	
42024048	
42024049	
42024050	
42024051	
42024052	
42024053	
