19032001	
19032002	
19032003	
19032004	
19032005	
19032006	
19032007	
19032008	
19032009	
19032010	
19032011	
19051001	
19051002	
19051003	
19051004	
19051005	
19051006	
19051007	
19051008	
19051009	
19051010	
19051011	
19051012	
19051013	
19051014	
19051015	
19051016	
19051017	
19139001	
19139002	
19139003	
19139004	
19139005	
19139006	
19139007	
19139008	
19139009	
19139010	
19139011	
19139012	
19139013	
19139014	
19139015	
19139016	
19139017	
19139018	
19139019	
19139020	
19139021	
19139022	
19139023	
19139024	
32001001	
32001002	
32001003	
32001004	
32001005	
32001006	
32001007	
32001008	
32001009	
32001010	
32001011	
32001012	
32001013	
32001014	
32001015	
32001016	
32002001	
32002002	
32002003	
32002004	
32002005	
32002006	
32002007	
32002008	
32002009	
32002010	
32002011	
32003001	
32003002	
32003003	
32003004	
32003005	
32003006	
32003007	
32003008	
32003009	
32003010	
32004001	
32004002	
32004003	
32004004	
32004005	
32004006	
32004007	
32004008	
32004009	
32004010	
32004011	
52001001	
52001002	
52001003	
52001004	
52001005	
52001006	
52001007	
52001008	
52001009	
52001010	
52002001	
52002002	
52002003	
52002004	
52002005	
52002006	
52002007	
52002008	
52002009	
52002010	
52002011	
52002012	
52002013	
52002014	
52002015	
52002016	
52002017	
52002018	
52002019	
52002020	
52003001	
52003002	
52003003	
52003004	
52003005	
52003006	
52003007	
52003008	
52003009	
52003010	
52003011	
52003012	
52003013	
52004001	
52004002	
52004003	
52004004	
52004005	
52004006	
52004007	
52004008	
52004009	
52004010	
52004011	
52004012	
52004013	
52004014	
52004015	
52004016	
52004017	
52004018	
52005001	
52005002	
52005003	
52005004	
52005005	
52005006	
52005007	
52005008	
52005009	
52005010	
52005011	
52005012	
52005013	
52005014	
52005015	
52005016	
52005017	
52005018	
52005019	
52005020	
52005021	
52005022	
52005023	
52005024	
52005025	
52005026	
52005027	
52005028	
53001001	
53001002	
53001003	
53001004	
53001005	
53001006	
53001007	
53001008	
53001009	
53001010	
53001011	
53001012	
53002001	
53002002	
53002003	
53002004	
53002005	
53002006	
53002007	
53002008	
53002009	
53002010	
53002011	
53002012	
53002013	
53002014	
53002015	
53002016	
53002017	
53003001	
53003002	
53003003	
53003004	
53003005	
53003006	
53003007	
53003008	
53003009	
53003010	
53003011	
53003012	
53003013	
53003014	
53003015	
53003016	
53003017	
53003018	
59001001	
59001002	
59001003	
59001004	
59001005	
59001006	
59001007	
59001008	
59001009	
59001010	
59001011	
59001012	
59001013	
59001014	
59001015	
59001016	
59001017	
59001018	
59001019	
59001020	
59001021	
59001022	
59001023	
59001024	
59001025	
59001026	
59001027	
59002001	
59002002	
59002003	
59002004	
59002005	
59002006	
59002007	
59002008	
59002009	
59002010	
59002011	
59002012	
59002013	
59002014	
59002015	
59002016	
59002017	
59002018	
59002019	
59002020	
59002021	
59002022	
59002023	
59002024	
59002025	
59002026	
59003001	
59003002	
59003003	
59003004	
59003005	
59003006	
59003007	
59003008	
59003009	
59003010	
59003011	
59003012	
59003013	
59003014	
59003015	
59003016	
59003017	
59003018	
59004001	
59004002	
59004003	
59004004	
59004005	
59004006	
59004007	
59004008	
59004009	
59004010	
59004011	
59004012	
59004013	
59004014	
59004015	
59004016	
59004017	
59005001	
59005002	
59005003	
59005004	
59005005	
59005006	
59005007	
59005008	
59005009	
59005010	
59005011	
59005012	
59005013	
59005014	
59005015	
59005016	
59005017	
59005018	
59005019	
59005020	
