41001001	
41001002	
41001003	
41001004	
41001005	
41001006	
41001007	
41001008	
41001009	
41001010	
41001011	
41001012	
41001013	
41001014	
41001015	
41001016	
41001017	
41001018	
41001019	
41001020	
41001021	
41001022	
41001023	
41001024	
41001025	
41001026	
41001027	
41001028	
41001029	
41001030	
41001031	
41001032	
41001033	
41001034	
41001035	
41001036	
41001037	
41001038	
41001039	
41001040	
41001041	
41001042	
41001043	
41001044	
41001045	
41002001	
41002002	
41002003	
41002004	
41002005	
41002006	
41002007	
41002008	
41002009	
41002010	
41002011	
41002012	
41002013	
41002014	
41002015	
41002016	
41002017	
41002018	
41002019	
41002020	
41002021	
41002022	
41002023	
41002024	
41002025	
41002026	
41002027	
41002028	
41003001	
41003002	
41003003	
41003004	
41003005	
41003006	
41003007	
41003008	
41003009	
41003010	
41003011	
41003012	
41003013	
41003014	
41003015	
41003016	
41003017	
41003018	
41003019	
41003020	
41003021	
41003022	
41003023	
41003024	
41003025	
41003026	
41003027	
41003028	
41003029	
41003030	
41003031	
41003032	
41003033	
41003034	
41003035	
41004001	
41004002	
41004003	
41004004	
41004005	
41004006	
41004007	
41004008	
41004009	
41004010	
41004011	
41004012	
41004013	
41004014	
41004015	
41004016	
41004017	
41004018	
41004019	
41004020	
41004021	
41004022	
41004023	
41004024	
41004025	
41004026	
41004027	
41004028	
41004029	
41004030	
41004031	
41004032	
41004033	
41004034	
41004035	
41004036	
41004037	
41004038	
41004039	
41004040	
41004041	
41005001	
41005002	
41005003	
41005004	
41005005	
41005006	
41005007	
41005008	
41005009	
41005010	
41005011	
41005012	
41005013	
41005014	
41005015	
41005016	
41005017	
41005018	
41005019	
41005020	
41005021	
41005022	
41005023	
41005024	
41005025	
41005026	
41005027	
41005028	
41005029	
41005030	
41005031	
41005032	
41005033	
41005034	
41005035	
41005036	
41005037	
41005038	
41005039	
41005040	
41005041	
41005042	
41005043	
41006001	
41006002	
41006003	
41006004	
41006005	
41006006	
41006007	
41006008	
41006009	
41006010	
41006011	
41006012	
41006013	
41006014	
41006015	
41006016	
41006017	
41006018	
41006019	
41006020	
41006021	
41006022	
41006023	
41006024	
41006025	
41006026	
41006027	
41006028	
41006029	
41006030	
41006031	
41006032	
41006033	
41006034	
41006035	
41006036	
41006037	
41006038	
41006039	
41006040	
41006041	
41006042	
41006043	
41006044	
41006045	
41006046	
41006047	
41006048	
41006049	
41006050	
41006051	
41006052	
41006053	
41006054	
41006055	
41006056	
41007001	
41007002	
41007003	
41007004	
41007005	
41007006	
41007007	
41007008	
41007009	
41007010	
41007011	
41007012	
41007013	
41007014	
41007015	
41007016	
41007017	
41007018	
41007019	
41007020	
41007021	
41007022	
41007023	
41007024	
41007025	
41007026	
41007027	
41007028	
41007029	
41007030	
41007031	
41007032	
41007033	
41007034	
41007035	
41007036	
41007037	
41008001	
41008002	
41008003	
41008004	
41008005	
41008006	
41008007	
41008008	
41008009	
41008010	
41008011	
41008012	
41008013	
41008014	
41008015	
41008016	
41008017	
41008018	
41008019	
41008020	
41008021	
41008022	
41008023	
41008024	
41008025	
41008026	
41008027	
41008028	
41008029	
41008030	
41008031	
41008032	
41008033	
41008034	
41008035	
41008036	
41008037	
41008038	
41009001	
41009002	
41009003	
41009004	
41009005	
41009006	
41009007	
41009008	
41009009	
41009010	
41009011	
41009012	
41009013	
41009014	
41009015	
41009016	
41009017	
41009018	
41009019	
41009020	
41009021	
41009022	
41009023	
41009024	
41009025	
41009026	
41009027	
41009028	
41009029	
41009030	
41009031	
41009032	
41009033	
41009034	
41009035	
41009036	
41009037	
41009038	
41009039	
41009040	
41009041	
41009042	
41009043	
41009045	
41009047	
41009048	
41009049	
41009050	
41010001	
41010002	
41010003	
41010004	
41010005	
41010006	
41010007	
41010008	
41010009	
41010010	
41010011	
41010012	
41010013	
41010014	
41010015	
41010016	
41010017	
41010018	
41010019	
41010020	
41010021	
41010022	
41010023	
41010024	
41010025	
41010026	
41010027	
41010028	
41010029	
41010030	
41010031	
41010032	
41010033	
41010034	
41010035	
41010036	
41010037	
41010038	
41010039	
41010040	
41010041	
41010042	
41010043	
41010044	
41010045	
41010046	
41010047	
41010048	
41010049	
41010050	
41010051	
41010052	
41011001	
41011002	
41011003	
41011004	
41011005	
41011006	
41011007	
41011008	
41011009	
41011010	
41011011	
41011012	
41011013	
41011014	
41011015	
41011016	
41011017	
41011018	
41011019	
41011020	
41011021	
41011022	
41011023	
41011024	
41011025	
41011027	
41011028	
41011029	
41011030	
41011031	
41011032	
41011033	
41012001	
41012002	
41012003	
41012004	
41012005	
41012006	
41012007	
41012008	
41012009	
41012010	
41012011	
41012012	
41012013	
41012014	
41012015	
41012016	
41012017	
41012018	
41012019	
41012020	
41012021	
41012022	
41012023	
41012024	
41012025	
41012026	
41012027	
41012028	
41012029	
41012030	
41012031	
41012032	
41012033	
41012034	
41012035	
41012036	
41012037	
41012038	
41012039	
41012040	
41012041	
41012042	
41012043	
41012044	
41013001	
41013002	
41013003	
41013004	
41013005	
41013006	
41013007	
41013008	
41013009	
41013010	
41013011	
41013012	
41013013	
41013014	
41013015	
41013016	
41013017	
41013018	
41013019	
41013020	
41013021	
41013022	
41013023	
41013024	
41013025	
41013026	
41013027	
41013028	
41013029	
41013030	
41013031	
41013032	
41013033	
41013034	
41013035	
41013036	
41013037	
41014001	
41014002	
41014003	
41014004	
41014005	
41014006	
41014007	
41014008	
41014009	
41014010	
41014011	
41014012	
41014013	
41014014	
41014015	
41014016	
41014017	
41014018	
41014019	
41014020	
41014021	
41014022	
41014023	
41014024	
41014025	
41014026	
41014027	
41014028	
41014029	
41014030	
41014031	
41014032	
41014033	
41014034	
41014035	
41014036	
41014037	
41014038	
41014039	
41014040	
41014041	
41014042	
41014043	
41014044	
41014045	
41014046	
41014047	
41014048	
41014049	
41014050	
41014051	
41014052	
41014053	
41014054	
41014055	
41014056	
41014057	
41014058	
41014059	
41014060	
41014061	
41014062	
41014063	
41014064	
41014065	
41014066	
41014067	
41014068	
41014069	
41014070	
41014071	
41014072	
41015001	
41015002	
41015003	
41015004	
41015005	
41015006	
41015007	
41015008	
41015009	
41015010	
41015011	
41015012	
41015013	
41015014	
41015015	
41015016	
41015017	
41015018	
41015019	
41015020	
41015021	
41015022	
41015023	
41015024	
41015025	
41015026	
41015027	
41015029	
41015030	
41015031	
41015032	
41015033	
41015034	
41015035	
41015036	
41015037	
41015038	
41015039	
41015040	
41015041	
41015042	
41015043	
41015044	
41015045	
41015046	
41015047	
41016001	
41016002	
41016003	
41016004	
41016005	
41016006	
41016007	
41016008	
41016009	
41016010	
41016011	
41016012	
41016013	
41016014	
41016015	
41016016	
41016017	
41016018	
41016019	
41016020	
42001001	
42001002	
42001003	
42001004	
42001005	
42001006	
42001007	
42001008	
42001009	
42001010	
42001011	
42001012	
42001013	
42001014	
42001015	
42001016	
42001017	
42001018	
42001019	
42001020	
42001021	
42001022	
42001023	
42001024	
42001025	
42001026	
42001027	
42001028	
42001029	
42001030	
42001031	
42001032	
42001033	
42001034	
42001035	
42001036	
42001037	
42001038	
42001039	
42001040	
42001041	
42001042	
42001043	
42001044	
42001045	
42001046	
42001047	
42001048	
42001049	
42001050	
42001051	
42001052	
42001053	
42001054	
42001055	
42001056	
42001057	
42001058	
42001059	
42001060	
42001061	
42001062	
42001063	
42001064	
42001065	
42001066	
42001067	
42001068	
42001069	
42001070	
42001071	
42001072	
42001073	
42001074	
42001075	
42001076	
42001077	
42001078	
42001079	
42001080	
42002001	
42002002	
42002003	
42002004	
42002005	
42002006	
42002007	
42002008	
42002009	
42002010	
42002011	
42002012	
42002013	
42002014	
42002015	
42002016	
42002017	
42002018	
42002019	
42002020	
42002021	
42002022	
42002023	
42002024	
42002025	
42002026	
42002027	
42002028	
42002029	
42002030	
42002031	
42002032	
42002033	
42002034	
42002035	
42002036	
42002037	
42002038	
42002039	
42002040	
42002041	
42002042	
42002043	
42002044	
42002045	
42002046	
42002047	
42002048	
42002049	
42002050	
42002051	
42002052	
42003001	
42003002	
42003003	
42003004	
42003005	
42003006	
42003007	
42003008	
42003009	
42003010	
42003011	
42003012	
42003013	
42003014	
42003015	
42003016	
42003017	
42003018	
42003019	
42003020	
42003021	
42003022	
42003023	
42003024	
42003025	
42003026	
42003027	
42003028	
42003029	
42003030	
42003031	
42003032	
42003033	
42003034	
42003035	
42003036	
42003037	
42003038	
42004001	
42004002	
42004003	
42004004	
42004005	
42004006	
42004007	
42004008	
42004009	
42004010	
42004011	
42004012	
42004013	
42004014	
42004015	
42004016	
42004017	
42004018	
42004019	
42004020	
42004021	
42004022	
42004023	
42004024	
42004025	
42004026	
42004027	
42004028	
42004029	
42004030	
42004031	
42004032	
42004033	
42004034	
42004035	
42004036	
42004037	
42004038	
42004039	
42004040	
42004041	
42004042	
42004043	
42004044	
42005001	
42005002	
42005003	
42005004	
42005005	
42005006	
42005007	
42005008	
42005009	
42005010	
42005011	
42005012	
42005013	
42005014	
42005015	
42005016	
42005017	
42005018	
42005019	
42005020	
42005021	
42005022	
42005023	
42005024	
42005025	
42005026	
42005027	
42005028	
42005029	
42005030	
42005031	
42005032	
42005033	
42005034	
42005035	
42005036	
42005037	
42005038	
42005039	
42006001	
42006002	
42006003	
42006004	
42006005	
42006006	
42006007	
42006008	
42006009	
42006010	
42006011	
42006012	
42006013	
42006014	
42006015	
42006016	
42006017	
42006018	
42006019	
42006020	
42006021	
42006022	
42006023	
42006024	
42006025	
42006026	
42006027	
42006028	
42006029	
42006030	
42006031	
42006032	
42006033	
42006034	
42006035	
42006036	
42006037	
42006038	
42006039	
42006040	
42006041	
42006042	
42006043	
42006044	
42006045	
42006046	
42006047	
42006048	
42006049	
42007001	
42007002	
42007003	
42007004	
42007005	
42007006	
42007007	
42007008	
42007009	
42007010	
42007011	
42007012	
42007013	
42007014	
42007015	
42007016	
42007017	
42007018	
42007019	
42007020	
42007021	
42007022	
42007023	
42007024	
42007025	
42007026	
42007027	
42007028	
42007029	
42007030	
42007031	
42007032	
42007033	
42007034	
42007035	
42007036	
42007037	
42007038	
42007039	
42007040	
42007041	
42007042	
42007043	
42007044	
42007045	
42007046	
42007047	
42007048	
42007049	
42007050	
42008001	
42008002	
42008003	
42008004	
42008005	
42008006	
42008007	
42008008	
42008009	
42008010	
42008011	
42008012	
42008013	
42008014	
42008015	
42008016	
42008017	
42008018	
42008019	
42008020	
42008021	
42008022	
42008023	
42008024	
42008025	
42008026	
42008027	
42008028	
42008029	
42008030	
42008031	
42008032	
42008033	
42008034	
42008035	
42008036	
42008037	
42008038	
42008039	
42008040	
42008041	
42008042	
42008043	
42008044	
42008045	
42008046	
42008047	
42008048	
42008049	
42008050	
42008051	
42008052	
42008053	
42008054	
42008055	
42008056	
42009001	
42009002	
42009003	
42009004	
42009005	
42009006	
42009007	
42009008	
42009009	
42009010	
42009011	
42009012	
42009013	
42009014	
42009015	
42009016	
42009017	
42009018	
42009019	
42009020	
42009021	
42009022	
42009023	
42009024	
42009025	
42009026	
42009027	
42009028	
42009029	
42009030	
42009031	
42009032	
42009033	
42009034	
42009035	
42009036	
42009037	
42009038	
42009039	
42009040	
42009041	
42009042	
42009043	
42009044	
42009045	
42009046	
42009047	
42009048	
42009049	
42009050	
42009051	
42009052	
42009053	
42009054	
42009055	
42009056	
42009057	
42009058	
42009059	
42009060	
42009061	
42009062	
42010001	
42010002	
42010003	
42010004	
42010005	
42010006	
42010007	
42010008	
42010009	
42010010	
42010011	
42010012	
42010013	
42010014	
42010015	
42010016	
42010017	
42010018	
42010019	
42010020	
42010021	
42010022	
42010023	
42010024	
42010025	
42010026	
42010027	
42010028	
42010029	
42010030	
42010031	
42010032	
42010033	
42010034	
42010035	
42010036	
42010037	
42010038	
42010039	
42010040	
42010041	
42010042	
42011001	
42011002	
42011003	
42011004	
42011005	
42011006	
42011007	
42011008	
42011009	
42011010	
42011011	
42011012	
42011013	
42011014	
42011015	
42011016	
42011017	
42011018	
42011019	
42011020	
42011021	
42011022	
42011023	
42011024	
42011025	
42011026	
42011027	
42011028	
42011029	
42011030	
42011031	
42011032	
42011033	
42011034	
42011035	
42011036	
42011037	
42011038	
42011039	
42011040	
42011041	
42011042	
42011043	
42011044	
42011045	
42011046	
42011047	
42011048	
42011049	
42011050	
42011051	
42011052	
42011053	
42011054	
42012001	
42012002	
42012003	
42012004	
42012005	
42012006	
42012007	
42012008	
42012009	
42012010	
42012011	
42012012	
42012013	
42012014	
42012015	
42012016	
42012017	
42012018	
42012019	
42012020	
42012021	
42012022	
42012023	
42012024	
42012025	
42012026	
42012027	
42012028	
42012029	
42012030	
42012031	
42012032	
42012033	
42012034	
42012035	
42012036	
42012037	
42012038	
42012039	
42012040	
42012041	
42012042	
42012043	
42012044	
42012045	
42012046	
42012047	
42012048	
42012049	
42012050	
42012051	
42012052	
42012053	
42012054	
42012055	
42012056	
42012057	
42012058	
42012059	
42013001	
42013002	
42013003	
42013004	
42013005	
42013006	
42013007	
42013008	
42013009	
42013010	
42013011	
42013012	
42013013	
42013014	
42013015	
42013016	
42013017	
42013018	
42013019	
42013020	
42013021	
42013022	
42013023	
42013024	
42013025	
42013026	
42013027	
42013028	
42013029	
42013030	
42013031	
42013032	
42013033	
42013034	
42013035	
42014001	
42014002	
42014003	
42014004	
42014005	
42014006	
42014007	
42014008	
42014009	
42014010	
42014011	
42014012	
42014013	
42014014	
42014015	
42014016	
42014017	
42014018	
42014019	
42014020	
42014021	
42014022	
42014023	
42014024	
42014025	
42014026	
42014027	
42014028	
42014029	
42014030	
42014031	
42014032	
42014033	
42014034	
42014035	
42015001	
42015002	
42015003	
42015004	
42015005	
42015006	
42015007	
42015008	
42015009	
42015010	
42015011	
42015012	
42015013	
42015014	
42015015	
42015016	
42015017	
42015018	
42015019	
42015020	
42015021	
42015022	
42015023	
42015024	
42015025	
42015026	
42015027	
42015028	
42015029	
42015030	
42015031	
42015032	
42016001	
42016002	
42016003	
42016004	
42016005	
42016006	
42016007	
42016008	
42016009	
42016010	
42016011	
42016012	
42016013	
42016014	
42016015	
42016016	
42016017	
42016018	
42016019	
42016020	
42016021	
42016022	
42016023	
42016024	
42016025	
42016026	
42016027	
42016028	
42016029	
42016030	
42016031	
42017001	
42017002	
42017003	
42017004	
42017005	
42017006	
42017007	
42017008	
42017009	
42017010	
42017011	
42017012	
42017013	
42017014	
42017015	
42017016	
42017017	
42017018	
42017019	
42017020	
42017021	
42017022	
42017023	
42017024	
42017025	
42017026	
42017027	
42017028	
42017029	
42017030	
42017031	
42017032	
42017033	
42017034	
42017035	
42017036	
42017037	
42018001	
42018002	
42018003	
42018004	
42018005	
42018006	
42018007	
42018008	
42018009	
42018010	
42018011	
42018012	
42018013	
42018014	
42018015	
42018016	
42018017	
42018018	
42018019	
42018020	
42018021	
42018022	
42018023	
42018024	
42018025	
42018026	
42018027	
42018028	
42018029	
42018030	
42018031	
42018032	
42018033	
42018034	
42018035	
42018036	
42018037	
42018038	
42018039	
42018040	
42018041	
42018042	
42018043	
42019001	
42019002	
42019003	
42019004	
42019005	
42019006	
42019007	
42019008	
42019009	
42019010	
42019011	
42019012	
42019013	
42019014	
42019015	
42019016	
42019017	
42019018	
42019019	
42019020	
42019021	
42019022	
42019023	
42019024	
42019025	
42019026	
42019027	
42019028	
42019029	
42019030	
42019031	
42019032	
42019033	
42019034	
42019035	
42019036	
42019037	
42019038	
42019039	
42019040	
42019041	
42019042	
42019043	
42019044	
42019045	
42019046	
42019047	
42019048	
42020001	
42020002	
42020003	
42020004	
42020005	
42020006	
42020007	
42020008	
42020009	
42020010	
42020011	
42020012	
42020013	
42020014	
42020015	
42020016	
42020017	
42020018	
42020019	
42020020	
42020021	
42020022	
42020023	
42020024	
42020025	
42020026	
42020027	
42020028	
42020029	
42020030	
42020031	
42020032	
42020033	
42020034	
42020035	
42020036	
42020037	
42020038	
42020039	
42020040	
42020041	
42020042	
42020043	
42020044	
42020045	
42020046	
42020047	
42021001	
42021002	
42021003	
42021004	
42021005	
42021006	
42021007	
42021008	
42021009	
42021010	
42021011	
42021012	
42021013	
42021014	
42021015	
42021016	
42021017	
42021018	
42021019	
42021020	
42021021	
42021022	
42021023	
42021024	
42021025	
42021026	
42021027	
42021028	
42021029	
42021030	
42021031	
42021032	
42021033	
42021034	
42021035	
42021036	
42021037	
42021038	
42022001	
42022002	
42022003	
42022004	
42022005	
42022006	
42022007	
42022008	
42022009	
42022010	
42022011	
42022012	
42022013	
42022014	
42022015	
42022016	
42022017	
42022018	
42022019	
42022020	
42022021	
42022022	
42022023	
42022024	
42022025	
42022026	
42022027	
42022028	
42022029	
42022030	
42022031	
42022032	
42022033	
42022034	
42022035	
42022036	
42022037	
42022038	
42022039	
42022040	
42022041	
42022042	
42022043	
42022044	
42022045	
42022046	
42022047	
42022048	
42022049	
42022050	
42022051	
42022052	
42022053	
42022054	
42022055	
42022056	
42022057	
42022058	
42022059	
42022060	
42022061	
42022062	
42022063	
42022064	
42022065	
42022066	
42022067	
42022068	
42022069	
42022070	
42022071	
42023001	
42023002	
42023003	
42023004	
42023005	
42023006	
42023007	
42023008	
42023009	
42023010	
42023011	
42023012	
42023013	
42023014	
42023015	
42023016	
42023017	
42023018	
42023019	
42023020	
42023021	
42023022	
42023023	
42023024	
42023025	
42023026	
42023027	
42023028	
42023029	
42023030	
42023031	
42023032	
42023033	
42023034	
42023035	
42023036	
42023037	
42023038	
42023039	
42023040	
42023041	
42023042	
42023043	
42023044	
42023045	
42023046	
42023047	
42023048	
42023049	
42023050	
42023051	
42023052	
42023053	
42023054	
42023055	
42023056	
42024001	
42024002	
42024003	
42024004	
42024005	
42024006	
42024007	
42024008	
42024009	
42024010	
42024011	
42024012	
42024013	
42024014	
42024015	
42024016	
42024017	
42024018	
42024019	
42024020	
42024021	
42024022	
42024023	
42024024	
42024025	
42024026	
42024027	
42024028	
42024029	
42024030	
42024031	
42024032	
42024033	
42024034	
42024035	
42024036	
42024037	
42024038	
42024039	
42024040	
42024041	
42024042	
42024043	
42024044	
42024045	
42024046	
42024047	
42024048	
42024049	
42024050	
42024051	
42024052	
42024053	
44001001	
44001002	
44001003	
44001004	
44001005	
44001006	
44001007	
44001008	
44001009	
44001010	
44001011	
44001012	
44001013	
44001014	
44001015	
44001016	
44001017	
44001018	
44001019	
44001020	
44001021	
44001022	
44001023	
44001024	
44001025	
44001026	
44002001	
44002002	
44002003	
44002004	
44002005	
44002006	
44002007	
44002008	
44002009	
44002010	
44002011	
44002012	
44002013	
44002014	
44002015	
44002016	
44002017	
44002018	
44002019	
44002020	
44002021	
44002022	
44002023	
44002024	
44002025	
44002026	
44002027	
44002028	
44002029	
44002030	
44002031	
44002032	
44002033	
44002034	
44002035	
44002036	
44002037	
44002038	
44002039	
44002040	
44002041	
44002042	
44002043	
44002044	
44002045	
44002046	
44002047	
44003001	
44003002	
44003003	
44003004	
44003005	
44003006	
44003007	
44003008	
44003009	
44003010	
44003011	
44003012	
44003013	
44003014	
44003015	
44003016	
44003017	
44003018	
44003019	
44003020	
44003021	
44003022	
44003023	
44003024	
44003025	
44003026	
44004001	
44004002	
44004003	
44004004	
44004005	
44004006	
44004007	
44004008	
44004009	
44004010	
44004011	
44004012	
44004013	
44004014	
44004015	
44004016	
44004017	
44004018	
44004019	
44004020	
44004021	
44004022	
44004023	
44004024	
44004025	
44004026	
44004027	
44004028	
44004029	
44004030	
44004031	
44004032	
44004033	
44004034	
44004035	
44004036	
44004037	
44005001	
44005002	
44005003	
44005004	
44005005	
44005006	
44005007	
44005008	
44005009	
44005010	
44005011	
44005012	
44005013	
44005014	
44005015	
44005016	
44005017	
44005018	
44005019	
44005020	
44005021	
44005022	
44005023	
44005024	
44005025	
44005026	
44005027	
44005028	
44005029	
44005030	
44005031	
44005032	
44005033	
44005034	
44005035	
44005036	
44005037	
44005038	
44005039	
44005040	
44005041	
44005042	
44006001	
44006002	
44006003	
44006004	
44006005	
44006006	
44006007	
44006008	
44006009	
44006010	
44006011	
44006012	
44006013	
44006014	
44006015	
44007001	
44007002	
44007003	
44007004	
44007005	
44007006	
44007007	
44007008	
44007009	
44007010	
44007011	
44007012	
44007013	
44007014	
44007015	
44007016	
44007017	
44007018	
44007019	
44007020	
44007021	
44007022	
44007023	
44007024	
44007025	
44007026	
44007027	
44007028	
44007029	
44007030	
44007031	
44007032	
44007033	
44007034	
44007035	
44007036	
44007037	
44007038	
44007039	
44007040	
44007041	
44007042	
44007043	
44007044	
44007045	
44007046	
44007047	
44007048	
44007049	
44007050	
44007051	
44007052	
44007053	
44007054	
44007055	
44007056	
44007057	
44007058	
44007059	
44007060	
44008001	
44008002	
44008003	
44008004	
44008005	
44008006	
44008007	
44008008	
44008009	
44008010	
44008011	
44008012	
44008013	
44008014	
44008015	
44008016	
44008017	
44008018	
44008019	
44008020	
44008021	
44008022	
44008023	
44008024	
44008025	
44008026	
44008027	
44008028	
44008029	
44008030	
44008031	
44008032	
44008033	
44008034	
44008035	
44008036	
44008037	
44008038	
44008039	
44008040	
44009001	
44009002	
44009003	
44009004	
44009005	
44009006	
44009007	
44009008	
44009009	
44009010	
44009011	
44009012	
44009013	
44009014	
44009015	
44009016	
44009017	
44009018	
44009019	
44009020	
44009021	
44009022	
44009023	
44009024	
44009025	
44009026	
44009027	
44009028	
44009029	
44009030	
44009031	
44009032	
44009033	
44009034	
44009035	
44009036	
44009037	
44009038	
44009039	
44009040	
44009041	
44009042	
44009043	
44010001	
44010002	
44010003	
44010004	
44010005	
44010006	
44010007	
44010008	
44010009	
44010010	
44010011	
44010012	
44010013	
44010014	
44010015	
44010016	
44010017	
44010018	
44010019	
44010020	
44010021	
44010022	
44010023	
44010024	
44010025	
44010026	
44010027	
44010028	
44010029	
44010030	
44010031	
44010032	
44010033	
44010034	
44010035	
44010036	
44010037	
44010038	
44010039	
44010040	
44010041	
44010042	
44010043	
44010044	
44010045	
44010046	
44010047	
44010048	
44011001	
44011002	
44011003	
44011004	
44011005	
44011006	
44011007	
44011008	
44011009	
44011010	
44011011	
44011012	
44011013	
44011014	
44011015	
44011016	
44011017	
44011018	
44011019	
44011020	
44011021	
44011022	
44011023	
44011024	
44011025	
44011026	
44011027	
44011028	
44011029	
44011030	
44012001	
44012002	
44012003	
44012004	
44012005	
44012006	
44012007	
44012008	
44012009	
44012010	
44012011	
44012012	
44012013	
44012014	
44012015	
44012016	
44012017	
44012018	
44012019	
44012020	
44012021	
44012022	
44012023	
44012024	
44012025	
44013001	
44013002	
44013003	
44013004	
44013005	
44013006	
44013007	
44013008	
44013009	
44013010	
44013011	
44013012	
44013013	
44013014	
44013015	
44013016	
44013017	
44013018	
44013019	
44013020	
44013021	
44013022	
44013023	
44013024	
44013025	
44013026	
44013027	
44013028	
44013029	
44013030	
44013031	
44013032	
44013033	
44013034	
44013035	
44013036	
44013037	
44013038	
44013039	
44013040	
44013041	
44013042	
44013043	
44013044	
44013045	
44013046	
44013047	
44013048	
44013049	
44013050	
44013051	
44013052	
44014001	
44014002	
44014003	
44014004	
44014005	
44014006	
44014007	
44014008	
44014009	
44014010	
44014011	
44014012	
44014013	
44014014	
44014015	
44014016	
44014017	
44014018	
44014019	
44014020	
44014021	
44014022	
44014023	
44014024	
44014025	
44014026	
44014027	
44014028	
44015001	
44015002	
44015003	
44015004	
44015005	
44015006	
44015007	
44015008	
44015009	
44015010	
44015011	
44015012	
44015013	
44015014	
44015015	
44015016	
44015017	
44015018	
44015019	
44015020	
44015021	
44015022	
44015023	
44015024	
44015025	
44015026	
44015027	
44015028	
44015029	
44015030	
44015031	
44015032	
44015033	
44015034	
44015035	
44015036	
44015037	
44015038	
44015039	
44015040	
44015041	
44016001	
44016002	
44016003	
44016004	
44016005	
44016006	
44016007	
44016008	
44016009	
44016010	
44016011	
44016012	
44016013	
44016014	
44016015	
44016016	
44016017	
44016018	
44016019	
44016020	
44016021	
44016022	
44016023	
44016024	
44016025	
44016026	
44016027	
44016028	
44016029	
44016030	
44016031	
44016032	
44016033	
44016034	
44016035	
44016036	
44016037	
44016038	
44016039	
44016040	
44017001	
44017002	
44017003	
44017004	
44017005	
44017006	
44017007	
44017008	
44017009	
44017010	
44017011	
44017012	
44017013	
44017014	
44017015	
44017016	
44017017	
44017018	
44017019	
44017020	
44017021	
44017022	
44017023	
44017024	
44017025	
44017026	
44017027	
44017028	
44017029	
44017030	
44017031	
44017032	
44017033	
44017034	
44018001	
44018002	
44018003	
44018004	
44018005	
44018006	
44018007	
44018008	
44018009	
44018010	
44018011	
44018012	
44018013	
44018014	
44018015	
44018016	
44018017	
44018018	
44018019	
44018020	
44018021	
44018022	
44018023	
44018024	
44018025	
44018026	
44018027	
44018028	
44019001	
44019002	
44019003	
44019004	
44019005	
44019006	
44019007	
44019008	
44019009	
44019010	
44019011	
44019012	
44019013	
44019014	
44019015	
44019016	
44019017	
44019018	
44019019	
44019020	
44019021	
44019022	
44019023	
44019024	
44019025	
44019026	
44019027	
44019028	
44019029	
44019030	
44019031	
44019032	
44019033	
44019034	
44019035	
44019036	
44019037	
44019038	
44019039	
44019040	
44019041	
44020001	
44020002	
44020003	
44020004	
44020005	
44020006	
44020007	
44020008	
44020009	
44020010	
44020011	
44020012	
44020013	
44020014	
44020015	
44020016	
44020017	
44020018	
44020019	
44020020	
44020021	
44020022	
44020023	
44020024	
44020025	
44020026	
44020027	
44020028	
44020029	
44020030	
44020031	
44020032	
44020033	
44020034	
44020035	
44020036	
44020037	
44020038	
44021001	
44021002	
44021003	
44021004	
44021005	
44021006	
44021007	
44021008	
44021009	
44021010	
44021011	
44021012	
44021013	
44021014	
44021015	
44021016	
44021017	
44021018	
44021019	
44021020	
44021021	
44021022	
44021023	
44021024	
44021025	
44021026	
44021027	
44021028	
44021029	
44021030	
44021031	
44021032	
44021033	
44021034	
44021035	
44021036	
44021037	
44021038	
44021039	
44021040	
44022001	
44022002	
44022003	
44022004	
44022005	
44022006	
44022007	
44022008	
44022009	
44022010	
44022011	
44022012	
44022013	
44022014	
44022015	
44022016	
44022017	
44022018	
44022019	
44022020	
44022021	
44022022	
44022023	
44022024	
44022025	
44022026	
44022027	
44022028	
44022029	
44022030	
44023001	
44023002	
44023003	
44023004	
44023005	
44023006	
44023007	
44023008	
44023009	
44023010	
44023011	
44023012	
44023013	
44023014	
44023015	
44023016	
44023017	
44023018	
44023019	
44023020	
44023021	
44023022	
44023023	
44023024	
44023025	
44023026	
44023027	
44023028	
44023029	
44023030	
44023031	
44023032	
44023033	
44023034	
44023035	
44024001	
44024002	
44024003	
44024004	
44024005	
44024006	
44024008	
44024009	
44024010	
44024011	
44024012	
44024013	
44024014	
44024015	
44024016	
44024017	
44024018	
44024019	
44024020	
44024021	
44024022	
44024023	
44024024	
44024025	
44024026	
44024027	
44025001	
44025002	
44025003	
44025004	
44025005	
44025006	
44025007	
44025008	
44025009	
44025010	
44025011	
44025012	
44025013	
44025014	
44025015	
44025016	
44025017	
44025018	
44025019	
44025020	
44025021	
44025022	
44025023	
44025024	
44025025	
44025026	
44025027	
44026001	
44026002	
44026003	
44026004	
44026005	
44026006	
44026007	
44026008	
44026009	
44026010	
44026011	
44026012	
44026013	
44026014	
44026015	
44026016	
44026017	
44026018	
44026019	
44026020	
44026021	
44026022	
44026023	
44026024	
44026025	
44026026	
44026027	
44026028	
44026029	
44026030	
44026031	
44026032	
44027001	
44027002	
44027003	
44027004	
44027005	
44027006	
44027007	
44027008	
44027009	
44027010	
44027011	
44027012	
44027013	
44027014	
44027015	
44027016	
44027017	
44027018	
44027019	
44027020	
44027021	
44027022	
44027023	
44027024	
44027025	
44027026	
44027027	
44027028	
44027029	
44027030	
44027031	
44027032	
44027033	
44027034	
44027035	
44027036	
44027037	
44027038	
44027039	
44027040	
44027041	
44027042	
44027043	
44027044	
44028001	
44028002	
44028003	
44028004	
44028005	
44028006	
44028007	
44028008	
44028009	
44028010	
44028011	
44028012	
44028013	
44028014	
44028015	
44028016	
44028017	
44028018	
44028019	
44028020	
44028021	
44028022	
44028023	
44028024	
44028025	
44028026	
44028027	
44028028	
44028029	
44028030	
44028031	
52001001	
52001002	
52001003	
52001004	
52001005	
52001006	
52001007	
52001008	
52001009	
52001010	
52002001	
52002002	
52002003	
52002004	
52002005	
52002006	
52002007	
52002008	
52002009	
52002010	
52002011	
52002012	
52002013	
52002014	
52002015	
52002016	
52002017	
52002018	
52002019	
52002020	
52003001	
52003002	
52003003	
52003004	
52003005	
52003006	
52003007	
52003008	
52003009	
52003010	
52003011	
52003012	
52003013	
52004001	
52004002	
52004003	
52004004	
52004005	
52004006	
52004007	
52004008	
52004009	
52004010	
52004011	
52004012	
52004013	
52004014	
52004015	
52004016	
52004017	
52004018	
52005001	
52005002	
52005003	
52005004	
52005005	
52005006	
52005007	
52005008	
52005009	
52005010	
52005011	
52005012	
52005013	
52005014	
52005015	
52005016	
52005017	
52005018	
52005019	
52005020	
52005021	
52005022	
52005023	
52005024	
52005025	
52005026	
52005027	
52005028	
53001001	
53001002	
53001003	
53001004	
53001005	
53001006	
53001007	
53001008	
53001009	
53001010	
53001011	
53001012	
53002001	
53002002	
53002003	
53002004	
53002005	
53002006	
53002007	
53002008	
53002009	
53002010	
53002011	
53002012	
53002013	
53002014	
53002015	
53002016	
53002017	
53003001	
53003002	
53003003	
53003004	
53003005	
53003006	
53003007	
53003008	
53003009	
53003010	
53003011	
53003012	
53003013	
53003014	
53003015	
53003016	
53003017	
53003018	
54001001	
54001002	
54001003	
54001004	
54001005	
54001006	
54001007	
54001008	
54001009	
54001010	
54001011	
54001012	
54001013	
54001014	
54001015	
54001016	
54001017	
54001018	
54001019	
54001020	
54002001	
54002002	
54002003	
54002004	
54002005	
54002006	
54002007	
54002008	
54002009	
54002010	
54002011	
54002012	
54002013	
54002014	
54002015	
54003001	
54003002	
54003003	
54003004	
54003005	
54003006	
54003007	
54003008	
54003009	
54003010	
54003011	
54003012	
54003013	
54003014	
54003015	
54003016	
54004001	
54004002	
54004003	
54004004	
54004005	
54004006	
54004007	
54004008	
54004009	
54004010	
54004011	
54004012	
54004013	
54004014	
54004015	
54004016	
54005001	
54005002	
54005003	
54005004	
54005005	
54005006	
54005007	
54005008	
54005009	
54005010	
54005011	
54005012	
54005013	
54005014	
54005015	
54005016	
54005017	
54005018	
54005019	
54005020	
54005021	
54005022	
54005023	
54005024	
54005025	
54006001	
54006002	
54006003	
54006004	
54006005	
54006006	
54006007	
54006008	
54006009	
54006010	
54006011	
54006012	
54006013	
54006014	
54006015	
54006016	
54006017	
54006018	
54006019	
54006020	
54006021	
55001001	
55001002	
55001003	
55001004	
55001005	
55001006	
55001007	
55001008	
55001009	
55001010	
55001011	
55001012	
55001013	
55001014	
55001015	
55001016	
55001017	
55001018	
55002001	
55002002	
55002003	
55002004	
55002005	
55002006	
55002007	
55002008	
55002009	
55002010	
55002011	
55002012	
55002013	
55002014	
55002015	
55002016	
55002017	
55002018	
55002019	
55002020	
55002021	
55002022	
55002023	
55002024	
55002025	
55002026	
55003001	
55003002	
55003003	
55003004	
55003005	
55003006	
55003007	
55003008	
55003009	
55003010	
55003011	
55003012	
55003013	
55003014	
55003015	
55003016	
55003017	
55004001	
55004002	
55004003	
55004004	
55004005	
55004006	
55004007	
55004008	
55004009	
55004010	
55004011	
55004012	
55004013	
55004014	
55004015	
55004016	
55004017	
55004018	
55004019	
55004020	
55004021	
55004022	
56001001	
56001002	
56001003	
56001004	
56001005	
56001006	
56001007	
56001008	
56001009	
56001010	
56001011	
56001012	
56001013	
56001014	
56001015	
56001016	
56002001	
56002002	
56002003	
56002004	
56002005	
56002006	
56002007	
56002008	
56002009	
56002010	
56002011	
56002012	
56002013	
56002014	
56002015	
56003001	
56003002	
56003003	
56003004	
56003005	
56003006	
56003007	
56003008	
56003009	
56003010	
56003011	
56003012	
56003013	
56003014	
56003015	
59001001	
59001002	
59001003	
59001004	
59001005	
59001006	
59001007	
59001008	
59001009	
59001010	
59001011	
59001012	
59001013	
59001014	
59001015	
59001016	
59001017	
59001018	
59001019	
59001020	
59001021	
59001022	
59001023	
59001024	
59001025	
59001026	
59001027	
59002001	
59002002	
59002003	
59002004	
59002005	
59002006	
59002007	
59002008	
59002009	
59002010	
59002011	
59002012	
59002013	
59002014	
59002015	
59002016	
59002017	
59002018	
59002019	
59002020	
59002021	
59002022	
59002023	
59002024	
59002025	
59002026	
59003001	
59003002	
59003003	
59003004	
59003005	
59003006	
59003007	
59003008	
59003009	
59003010	
59003011	
59003012	
59003013	
59003014	
59003015	
59003016	
59003017	
59003018	
59004001	
59004002	
59004003	
59004004	
59004005	
59004006	
59004007	
59004008	
59004009	
59004010	
59004011	
59004012	
59004013	
59004014	
59004015	
59004016	
59004017	
59005001	
59005002	
59005003	
59005004	
59005005	
59005006	
59005007	
59005008	
59005009	
59005010	
59005011	
59005012	
59005013	
59005014	
59005015	
59005016	
59005017	
59005018	
59005019	
59005020	
62001001	
62001002	
62001003	
62001004	
62001005	
62001006	
62001007	
62001008	
62001009	
62001010	
62002001	
62002002	
62002003	
62002004	
62002005	
62002006	
62002007	
62002008	
62002009	
62002010	
62002011	
62002012	
62002013	
62002014	
62002015	
62002016	
62002017	
62002018	
62002019	
62002020	
62002021	
62002022	
62002023	
62002024	
62002025	
62002026	
62002027	
62002028	
62002029	
62003001	
62003002	
62003003	
62003004	
62003005	
62003006	
62003007	
62003008	
62003009	
62003010	
62003011	
62003012	
62003013	
62003014	
62003015	
62003016	
62003017	
62003018	
62003019	
62003020	
62003021	
62003022	
62003023	
62003024	
62004001	
62004002	
62004003	
62004004	
62004005	
62004006	
62004007	
62004008	
62004009	
62004010	
62004011	
62004012	
62004013	
62004014	
62004015	
62004016	
62004017	
62004018	
62004019	
62004020	
62004021	
62005001	
62005002	
62005003	
62005004	
62005005	
62005006	
62005007	
62005008	
62005009	
62005010	
62005011	
62005012	
62005013	
62005014	
62005015	
62005016	
62005017	
62005018	
62005019	
62005020	
62005021	
63001001	
63001002	
63001003	
63001004	
63001005	
63001006	
63001007	
63001008	
63001009	
63001010	
63001011	
63001012	
63001013	
64001001	
64001002	
64001003	
64001004	
64001005	
64001006	
64001007	
64001008	
64001009	
64001010	
64001011	
64001012	
64001013	
64001014	
64001015	
66001001	
66001002	
66001003	
66001004	
66001005	
66001006	
66001007	
66001008	
66001009	
66001010	
66001011	
66001012	
66001013	
66001014	
66001015	
66001016	
66001017	
66001018	
66001019	
66001020	
66002001	
66002002	
66002003	
66002004	
66002005	
66002006	
66002007	
66002008	
66002009	
66002010	
66002011	
66002012	
66002013	
66002014	
66002015	
66002016	
66002017	
66002018	
66002019	
66002020	
66002021	
66002022	
66002023	
66002024	
66002025	
66002026	
66002027	
66002028	
66002029	
66003001	
66003002	
66003003	
66003004	
66003005	
66003006	
66003007	
66003008	
66003009	
66003010	
66003011	
66003012	
66003013	
66003014	
66003015	
66003016	
66003017	
66003018	
66003019	
66003020	
66003021	
66003022	
66004001	
66004002	
66004003	
66004004	
66004005	
66004006	
66004007	
66004008	
66004009	
66004010	
66004011	
66005001	
66005002	
66005003	
66005004	
66005005	
66005006	
66005007	
66005008	
66005009	
66005010	
66005011	
66005012	
66005013	
66005014	
66006001	
66006002	
66006003	
66006004	
66006005	
66006006	
66006007	
66006008	
66006009	
66006010	
66006011	
66006012	
66006013	
66006014	
66006015	
66006016	
66006017	
66007001	
66007002	
66007003	
66007004	
66007005	
66007006	
66007007	
66007008	
66007009	
66007010	
66007011	
66007012	
66007013	
66007014	
66007015	
66007016	
66007017	
66008001	
66008002	
66008003	
66008004	
66008005	
66008006	
66008007	
66008008	
66008009	
66008010	
66008011	
66008012	
66008013	
66009001	
66009002	
66009003	
66009004	
66009005	
66009006	
66009007	
66009008	
66009009	
66009010	
66009011	
66009012	
66009013	
66009014	
66009015	
66009016	
66009017	
66009018	
66009019	
66009020	
66009021	
66010001	
66010002	
66010003	
66010004	
66010005	
66010006	
66010007	
66010008	
66010009	
66010010	
66010011	
66011001	
66011002	
66011003	
66011004	
66011005	
66011006	
66011007	
66011008	
66011009	
66011010	
66011011	
66011012	
66011013	
66011014	
66011015	
66011016	
66011017	
66011018	
66011019	
66012001	
66012002	
66012003	
66012004	
66012005	
66012006	
66012007	
66012008	
66012009	
66012010	
66012011	
66012012	
66012013	
66012014	
66012015	
66012016	
66012017	
66013001	
66013002	
66013003	
66013004	
66013005	
66013006	
66013007	
66013008	
66013009	
66013010	
66013011	
66013012	
66013013	
66013014	
66013015	
66013016	
66013017	
66013018	
66014001	
66014002	
66014003	
66014004	
66014005	
66014006	
66014007	
66014008	
66014009	
66014010	
66014011	
66014012	
66014013	
66014014	
66014015	
66014016	
66014017	
66014018	
66014019	
66014020	
66015001	
66015002	
66015003	
66015004	
66015005	
66015006	
66015007	
66015008	
66016001	
66016002	
66016003	
66016004	
66016005	
66016006	
66016007	
66016008	
66016009	
66016010	
66016011	
66016012	
66016013	
66016014	
66016015	
66016016	
66016017	
66016018	
66016019	
66016020	
66016021	
66017001	
66017002	
66017003	
66017004	
66017005	
66017006	
66017007	
66017008	
66017009	
66017010	
66017011	
66017012	
66017013	
66017014	
66017015	
66017016	
66017017	
66017018	
66018001	
66018002	
66018003	
66018004	
66018005	
66018006	
66018007	
66018008	
66018009	
66018010	
66018011	
66018012	
66018013	
66018014	
66018015	
66018016	
66018017	
66018018	
66018019	
66018020	
66018021	
66018022	
66018023	
66018024	
66019001	
66019002	
66019003	
66019004	
66019005	
66019006	
66019007	
66019008	
66019009	
66019010	
66019011	
66019012	
66019013	
66019014	
66019015	
66019016	
66019017	
66019018	
66019019	
66019020	
66019021	
66020001	
66020002	
66020003	
66020004	
66020005	
66020006	
66020007	
66020008	
66020009	
66020010	
66020011	
66020012	
66020013	
66020014	
66020015	
66021001	
66021002	
66021003	
66021004	
66021005	
66021006	
66021007	
66021008	
66021009	
66021010	
66021011	
66021012	
66021013	
66021014	
66021015	
66021016	
66021017	
66021018	
66021019	
66021020	
66021021	
66021022	
66021023	
66021024	
66021025	
66021026	
66021027	
66022001	
66022002	
66022003	
66022004	
66022005	
66022006	
66022007	
66022008	
66022009	
66022010	
66022011	
66022012	
66022013	
66022014	
66022015	
66022016	
66022017	
66022018	
66022019	
66022020	
66022021	
