01001001	
01001002	
01001003	
01001004	
01001005	
01001006	
01001007	
01001008	
01001009	
01001010	
01001011	
01001012	
01001013	
01001014	
01001015	
01001016	
01001017	
01001018	
01001019	
01001020	
01001021	
01001022	
01001023	
01001024	
01001025	
01001026	
01001027	
01001028	
01001029	
01001030	
01001031	
01002001	
01002002	
01002003	
01002004	
01002005	
01002006	
01002007	
01002008	
01002009	
01002015	
01002016	
01002017	
01002018	
01002019	
01002020	
01002021	
01002022	
01002023	
01002024	
01002025	
01003001	
01003002	
01003003	
01003004	
01003005	
01003006	
01003007	
01003008	
01003009	
01003010	
01003011	
01003012	
01003013	
01003014	
01003015	
01003016	
01003017	
01003018	
01003019	
01003020	
01003021	
01003022	
01003023	
01003024	
01004001	
01004002	
01004003	
01004004	
01004005	
01004006	
01004007	
01004008	
01004009	
01004010	
01004011	
01004012	
01004025	
01004026	
01006005	
01006006	
01006007	
01006008	
01006009	
01006010	
01006011	
01006012	
01006013	
01006014	
01006015	
01006016	
01006017	
01006018	
01006019	
01006020	
01006021	
01006022	
01007001	
01007002	
01007003	
01007004	
01007005	
01007016	
01007017	
01007023	
01008015	
01008016	
01008017	
01008018	
01008019	
01008020	
01008021	
01008022	
01009001	
01009002	
01009003	
01009004	
01009005	
01009006	
01009007	
01009008	
01009009	
01009010	
01009011	
01009012	
01009013	
01009014	
01009015	
01011001	
01011002	
01011003	
01011004	
01011005	
01011006	
01011007	
01011008	
01011009	
01012001	
01012002	
01012003	
01012004	
01012005	
01012006	
01012007	
01013005	
01013006	
01013009	
01013010	
01013011	
01013012	
01013013	
01013014	
01013015	
01013016	
01013017	
01013018	
01015001	
01015002	
01015003	
01015004	
01015005	
01015006	
01016001	
01016002	
01016003	
01016015	
01016016	
01017001	
01017002	
01017003	
01017004	
01017005	
01017006	
01017009	
01017010	
01017011	
01017012	
01017013	
01017014	
01017015	
01017016	
01017017	
01017018	
01017019	
01017020	
01017021	
01017022	
01017023	
01017024	
01017025	
01017026	
01017027	
01021001	
01021002	
01021003	
01021004	
01021005	
01021006	
01021007	
01021008	
01021009	
01021010	
01021011	
01021012	
01021013	
01021014	
01021015	
01021016	
01021017	
01021018	
01021019	
01021020	
01021021	
01022001	
01022002	
01022003	
01022004	
01022005	
01022006	
01022007	
01022008	
01022009	
01022010	
01022011	
01022012	
01022013	
01022014	
01022015	
01022016	
01022017	
01022018	
01022019	
01025019	
01025020	
01025021	
01025022	
01025023	
01025024	
01025025	
01025026	
01025027	
01025028	
01025029	
01025030	
01025031	
01025032	
01025033	
01025034	
01026001	
01026002	
01026003	
01026004	
01026005	
01026006	
01027001	
01027002	
01027003	
01027004	
01027005	
01027006	
01027007	
01027008	
01027009	
01027010	
01027011	
01027012	
01027013	
01027014	
01027015	
01027016	
01027017	
01027018	
01027019	
01027020	
01027021	
01027022	
01027023	
01027024	
01027025	
01027026	
01027027	
01027028	
01027029	
01027030	
01027031	
01027032	
01027033	
01027034	
01027035	
01027036	
01027037	
01027038	
01027039	
01027040	
01027041	
01027042	
01027043	
01027044	
01027045	
01027046	
01028001	
01028002	
01028003	
01028004	
01028005	
01028010	
01028011	
01028012	
01028013	
01028014	
01028015	
01028016	
01028017	
01028018	
01028019	
01035009	
01035010	
01035011	
01035012	
01035013	
01035014	
01035015	
01035016	
01035017	
01035018	
01035019	
01035020	
01035022	
01035023	
01035024	
01035025	
01035026	
01037001	
01037002	
01037003	
01037004	
01037005	
01037006	
01037007	
01037008	
01037009	
01037010	
01037011	
01037012	
01037013	
01037014	
01037015	
01037016	
01037017	
01037018	
01037019	
01037020	
01037021	
01037022	
01037023	
01037024	
01037025	
01037026	
01037027	
01037028	
01037029	
01037030	
01037031	
01037032	
01037033	
01037034	
01037035	
01039001	
01039002	
01039003	
01039004	
01039005	
01039006	
01039007	
01039008	
01039009	
01039010	
01039011	
01039012	
01039013	
01039014	
01039015	
01039016	
01039017	
01039018	
01039019	
01039020	
01039021	
01039022	
01039023	
01040001	
01040002	
01040003	
01040004	
01040005	
01040006	
01040007	
01040008	
01040009	
01040010	
01040011	
01040012	
01040013	
01040014	
01040015	
01040016	
01040017	
01040018	
01040019	
01040020	
01040021	
01040022	
01040023	
01041001	
01041002	
01041003	
01041004	
01041005	
01041006	
01041007	
01041008	
01041009	
01041010	
01041011	
01041012	
01041013	
01041014	
01041015	
01041016	
01041025	
01041026	
01041027	
01041028	
01041029	
01041030	
01041031	
01041032	
01041033	
01041034	
01041035	
01041036	
01041037	
01041038	
01041039	
01041040	
01041041	
01041042	
01041043	
01041047	
01041048	
01041049	
01041050	
01041051	
01041052	
01041053	
01041054	
01041055	
01041056	
01041057	
01042001	
01042002	
01042003	
01042004	
01042005	
01042006	
01042007	
01042008	
01045004	
01045005	
01045006	
01045007	
01045008	
01045009	
01045010	
01045011	
01045025	
01045026	
01045027	
01045028	
01046001	
01046002	
01046003	
01046004	
01046005	
01046006	
01046007	
01046028	
01046029	
01046030	
01047027	
01047028	
01048001	
01048002	
01048003	
01048004	
01048005	
01048006	
01048013	
01048014	
01048015	
01048016	
01048017	
01048018	
01048019	
01048020	
01048021	
01049008	
01049009	
01049010	
01049033	
01050022	
01050023	
01050024	
01050025	
01050026	
02001001	
02001002	
02001003	
02001004	
02001005	
02001006	
02001007	
02001008	
02001009	
02001010	
02001011	
02001012	
02001013	
02001014	
02001022	
02002001	
02002002	
02002003	
02002004	
02002005	
02002006	
02002007	
02002008	
02002009	
02002010	
02002011	
02002012	
02002013	
02002014	
02002015	
02003001	
02003002	
02003003	
02003004	
02003005	
02003006	
02003007	
02003008	
02003009	
02003010	
02003011	
02003012	
02003013	
02003014	
02003015	
02011001	
02011002	
02011003	
02011004	
02011005	
02011006	
02011007	
02011008	
02012001	
02012002	
02012003	
02012004	
02012005	
02012006	
02012007	
02012008	
02012009	
02012010	
02012011	
02012012	
02012013	
02012014	
02012015	
02012016	
02012017	
02012029	
02012030	
02012031	
02012032	
02012033	
02012037	
02012038	
02012039	
02012040	
02012043	
02012044	
02012045	
02012046	
02012047	
02013001	
02013002	
02013011	
02013012	
02013013	
02013014	
02013015	
02013016	
02013020	
02013021	
02014005	
02014006	
02014007	
02014008	
02014009	
02014010	
02014011	
02014012	
02014013	
02014014	
02014015	
02014016	
02014017	
02014018	
02014019	
02014020	
02014021	
02014022	
02014023	
02014024	
02014025	
02014026	
02014027	
02014028	
02014029	
02014030	
02014031	
02015022	
02015023	
02015024	
02015025	
02016001	
02016002	
02016003	
02016004	
02016005	
02016011	
02016012	
02016013	
02016014	
02016015	
02016016	
02016017	
02016018	
02016019	
02016020	
02016021	
02016022	
02016023	
02016024	
02016025	
02016026	
02016027	
02016028	
02016029	
02016030	
02016031	
02017001	
02017002	
02017003	
02017004	
02017005	
02017006	
02017007	
02017008	
02017009	
02017010	
02017011	
02017012	
02017013	
02018001	
02018005	
02018006	
02018007	
02018008	
02018009	
02018010	
02018011	
02018013	
02018014	
02018015	
02018016	
02018017	
02018018	
02018019	
02018020	
02018021	
02018022	
02018023	
02018024	
02018025	
02018026	
02018027	
02019001	
02019002	
02019003	
02019004	
02019005	
02019006	
02019007	
02019008	
02019016	
02019017	
02019018	
02019019	
02019020	
02020001	
02020002	
02020003	
02020004	
02020005	
02020006	
02020007	
02020008	
02020009	
02020010	
02020011	
02020012	
02020013	
02020014	
02020015	
02020016	
02020017	
02020018	
02020019	
02020020	
02020021	
02021012	
02021013	
02021014	
02021015	
02021016	
02021017	
02022016	
02022017	
02022018	
02022019	
02022020	
02022021	
02022022	
02022023	
02022024	
02022025	
02022026	
02022027	
02023001	
02023002	
02024003	
02024004	
02024005	
02024006	
02024007	
02024008	
02024012	
02024013	
02024014	
02024015	
02024016	
02024017	
02024018	
02025001	
02025002	
02025008	
02025009	
02025010	
02025011	
02025012	
02025013	
02025014	
02025015	
02025016	
02025017	
02025018	
02025019	
02025020	
02025021	
02025022	
02028001	
02028002	
02028003	
02032007	
02032008	
02032009	
02032010	
02032011	
02032012	
02032013	
02032014	
02032015	
02032016	
02032019	
02032020	
02032021	
02032022	
02032023	
02032030	
02032031	
02032032	
02032033	
02032034	
02032035	
02034001	
02034002	
02034004	
02034005	
02034006	
02034007	
02034008	
02034009	
02034010	
02034028	
02034029	
02034030	
02034031	
02034032	
02034033	
02034034	
02034035	
02040017	
02040018	
02040019	
02040020	
02040021	
02040022	
02040023	
02040024	
02040025	
02040026	
02040027	
02040028	
02040029	
02040030	
02040031	
02040032	
02040033	
02040034	
02040035	
02040036	
02040037	
02040038	
03001001	
03001002	
03001003	
03001004	
03001005	
03001006	
03001007	
03001008	
03001009	
03019001	
03019002	
03019017	
03019018	
03020006	
03020007	
03020008	
04006022	
04006023	
04006024	
04006025	
04006026	
04006027	
04013001	
04013002	
04013003	
04013017	
04013018	
04013019	
04013020	
04013021	
04013025	
04013026	
04013027	
04013028	
04013029	
04013030	
04013031	
04013032	
04013033	
04014001	
04014002	
04014003	
04014004	
04014005	
04014006	
04014007	
04014008	
04014009	
04014010	
04014026	
04014027	
04014028	
04014029	
04014030	
04014031	
04014032	
04014033	
04014034	
04014035	
04020001	
04020002	
04020003	
04020004	
04020005	
04020006	
04020007	
04020008	
04020009	
04020010	
04020011	
04020012	
04020022	
04020023	
04020024	
04020025	
04020026	
04020027	
04020028	
04020029	
04021004	
04021005	
04021006	
04021007	
04021008	
04021009	
04022001	
04022002	
04022003	
04022004	
04022005	
04022006	
04022007	
04022008	
04022012	
04022013	
04022014	
04022015	
04022016	
04022017	
04022018	
04022019	
04022020	
04022021	
04022028	
04022029	
04022030	
04022031	
04022032	
04022033	
04022034	
04022035	
04022039	
04022040	
04022041	
04023001	
04023002	
04023003	
04023004	
04023005	
04023006	
04023007	
04023008	
04023009	
04023010	
04023011	
04023012	
04024010	
04024011	
04024012	
04024013	
04024014	
04024015	
04024016	
04024017	
04024018	
04024019	
04024025	
04027018	
04027019	
04027020	
04027022	
04027023	
05006004	
05006005	
05006006	
05006007	
05007001	
05007002	
05007003	
05007004	
05007005	
05007006	
05007007	
05007008	
05007009	
05007010	
05007011	
05008002	
05008003	
05008011	
05008012	
05008013	
05008014	
05008015	
05008016	
05008017	
05008018	
05008019	
05008020	
05011018	
05011019	
05011026	
05011027	
05011028	
05018009	
05018010	
05018011	
05018012	
05018013	
05018014	
05018015	
05018016	
05018017	
05018018	
05018019	
05018020	
05018021	
05018022	
05026001	
05026002	
05026003	
05026009	
05026010	
05026011	
05031007	
05031008	
05034001	
05034002	
05034003	
05034004	
05034005	
05034006	
05034007	
05034008	
05034009	
06001001	
06001002	
06001003	
06001004	
06001005	
06001006	
06001007	
06001008	
06001009	
06002001	
06002002	
06002003	
06002004	
06002005	
06002006	
06002007	
06002008	
06002009	
06002010	
06002011	
06002012	
06002013	
06002014	
06002015	
06002016	
06002022	
06002023	
06002024	
06003005	
06003006	
06003014	
06003015	
06003016	
06003017	
06005001	
06005002	
06005003	
06005004	
06005005	
06005006	
06005007	
06005008	
06005009	
06005010	
06005011	
06005012	
06006001	
06006002	
06006003	
06006004	
06006005	
06006006	
06006007	
06006008	
06006009	
06006010	
06006011	
06006012	
06006013	
06006014	
06006015	
06006016	
06006017	
06006020	
06006021	
06006022	
06006023	
06006024	
06006025	
06024001	
06024002	
06024003	
06024013	
06024014	
06024015	
06024016	
06024017	
06024018	
07002006	
07002007	
07002008	
07002009	
07002010	
07002011	
07002012	
07002013	
07002014	
07002015	
07002016	
07002017	
07002018	
07002019	
08001001	
08001002	
08001003	
08001004	
08001005	
08001006	
08001007	
08001008	
08001009	
08001010	
08001011	
08001012	
08001013	
08001014	
08001015	
08001016	
08001017	
08001018	
08001019	
08001020	
08001021	
08001022	
08002001	
08002002	
08002003	
08002004	
08002005	
08002006	
08002007	
08002008	
08002009	
08002010	
08002011	
08002012	
08002013	
08002014	
08002015	
08002016	
08002017	
08002018	
08002019	
08002020	
08002021	
08002022	
08002023	
08003001	
08003002	
08003003	
08003004	
08003005	
08003006	
08003007	
08003008	
08003009	
08003010	
08003011	
08003012	
08003013	
08003014	
08003015	
08003016	
08003017	
08003018	
08004001	
08004002	
08004003	
08004004	
08004005	
08004006	
08004007	
08004008	
08004009	
08004010	
08004011	
08004012	
08004013	
08004014	
08004015	
08004016	
08004017	
08004018	
08004019	
08004020	
08004021	
08004022	
09001001	
09001002	
09001003	
09001004	
09001005	
09001006	
09001007	
09001008	
09001009	
09001010	
09001011	
09001012	
09001013	
09001014	
09001015	
09001016	
09001017	
09001018	
09001019	
09001020	
09001021	
09001022	
09001023	
09001024	
09001025	
09001026	
09001027	
09001028	
09002011	
09002019	
09002020	
09002021	
09002026	
09003001	
09003002	
09003003	
09003004	
09003005	
09003006	
09003007	
09003008	
09003009	
09003010	
09003011	
09003012	
09003013	
09003014	
09003015	
09003016	
09003017	
09003018	
09003019	
09003020	
09003021	
09008001	
09008002	
09008003	
09008004	
09008005	
09008006	
09008007	
09008008	
09008009	
09008010	
09008011	
09008012	
09008013	
09008014	
09008015	
09008016	
09008017	
09008018	
09008019	
09008020	
09008021	
09008022	
09009001	
09009002	
09009015	
09009016	
09009017	
09010001	
09010017	
09010018	
09010019	
09010024	
09011014	
09011015	
09013013	
09013014	
09013015	
09015001	
09015002	
09015003	
09015004	
09015007	
09015008	
09015009	
09015010	
09015011	
09015012	
09015013	
09015014	
09015015	
09015016	
09015017	
09015018	
09015019	
09015020	
09015021	
09015022	
09015023	
09015027	
09015028	
09015029	
09015034	
09015035	
09016001	
09016002	
09016003	
09016004	
09016005	
09016006	
09016007	
09016010	
09016011	
09016012	
09016013	
09016014	
09017001	
09017002	
09017003	
09017004	
09017008	
09017009	
09017010	
09017011	
09017013	
09017014	
09017015	
09017016	
09017020	
09017021	
09017022	
09017023	
09017024	
09017025	
09017026	
09017027	
09017031	
09017032	
09017033	
09017034	
09017035	
09017036	
09017037	
09017040	
09017041	
09017042	
09017043	
09017044	
09017045	
09017046	
09017047	
09017048	
09017049	
09017050	
09017051	
09017052	
09018006	
09018007	
09018008	
09018009	
09031001	
09031002	
09031003	
09031004	
09031005	
09031006	
10005001	
10005002	
10005003	
10005004	
10007001	
10007002	
10007003	
10007004	
10007005	
10007008	
10007009	
10007010	
10007011	
10007012	
10007013	
10007014	
10007015	
10007016	
10007017	
10011001	
10011002	
10011003	
10011004	
10011005	
10011006	
10011007	
10011008	
10011009	
10011010	
10011011	
10011012	
10011013	
10011014	
10011015	
10011016	
10011017	
10011026	
10011027	
10012001	
10012002	
10012003	
10012004	
10012005	
10012006	
10012007	
10012008	
10012009	
10012010	
10012011	
10012012	
10012013	
10012014	
10012015	
10012016	
10012017	
10012018	
10012019	
10012020	
10012021	
10012022	
10012023	
10012024	
10012025	
11002010	
11002011	
11002012	
11003003	
11003004	
11003005	
11003006	
11003007	
11003008	
11003009	
11003010	
11003011	
11003012	
11003013	
11003014	
11003015	
11004020	
11004021	
11004025	
11006001	
11006011	
11006012	
11006013	
11006014	
11008001	
11008003	
11008004	
11008005	
11008006	
11008010	
11008011	
11008022	
11008023	
11008027	
11008028	
11008029	
11008030	
11008041	
11008042	
11008043	
11011001	
11011002	
11011003	
11011004	
11011005	
11011007	
11011008	
11011009	
11011010	
11011011	
11011012	
11011013	
11011026	
11011027	
11011028	
11011029	
11011030	
11011031	
11011032	
11011033	
11011040	
11011042	
11011043	
11012001	
11012002	
11012003	
11012004	
11012005	
11012006	
11012007	
11012008	
11012009	
11012010	
11012011	
11012012	
11012013	
11012014	
11012015	
11012016	
11012017	
11012020	
11012025	
11012026	
11012027	
11012028	
11012029	
11012030	
11012031	
11016030	
11016031	
11016032	
11016033	
11017001	
11017002	
11017003	
11017004	
11017005	
11017006	
11017007	
11017008	
11017009	
11017010	
11017011	
11017012	
11017013	
11017014	
11017015	
11017016	
11017017	
11017018	
11017019	
11017020	
11017021	
11017022	
11017023	
11017024	
11018001	
11018002	
11018017	
11018018	
11018019	
11018020	
11018021	
11018022	
11018023	
11018024	
11018025	
11018026	
11018027	
11018028	
11018029	
11018030	
11018031	
11018032	
11018033	
11018034	
11018035	
11018036	
11018037	
11018038	
11018039	
11018040	
11018041	
11018042	
11018043	
11018044	
11018045	
11018046	
11019001	
11019002	
11019003	
11019004	
11019005	
11019006	
11019007	
11019008	
11019009	
11019010	
11019011	
11019012	
11019013	
11019014	
11019015	
11019016	
11019017	
11019018	
11019019	
11019020	
11019021	
12002001	
12002007	
12002008	
12002009	
12002010	
12002011	
12002012	
12002013	
12002014	
12002015	
12004001	
12004002	
12004003	
12004004	
12004005	
12004006	
12004007	
12005001	
12005002	
12005003	
12005009	
12005010	
12005011	
12005012	
12005013	
12005014	
12005015	
12017005	
12017006	
12017007	
12017008	
12017009	
12017010	
12017024	
12017025	
12017026	
12017027	
12017028	
12017029	
12018001	
12018002	
12018003	
12018004	
12018005	
12018006	
12018007	
12018008	
12021001	
12021002	
12021003	
12021004	
12021005	
12021006	
12021010	
12021011	
12021012	
12021013	
12021014	
12021015	
12021016	
12021019	
12021020	
12021021	
12021022	
12021023	
12021024	
12022001	
12022002	
12022011	
12022012	
12022013	
12022016	
12022017	
12022018	
12022019	
12022020	
12023001	
12023002	
12023003	
12023004	
14033010	
14033011	
14033012	
14033013	
14033015	
14033016	
14033017	
14033020	
14036014	
14036015	
14036016	
14036017	
14036018	
14036019	
14036020	
14036021	
14036022	
14036023	
15003001	
15003002	
15003003	
15003007	
15003008	
15006014	
15006015	
15006016	
15006017	
16008001	
16008002	
16008005	
16008006	
16008008	
16008009	
16008010	
16008012	
16008013	
16008014	
16008015	
16008016	
16008017	
16008018	
16009001	
16009002	
16009003	
16011001	
16011002	
18001001	
18001002	
18001003	
18001004	
18001005	
18001006	
18001007	
18001008	
18001009	
18001010	
18001011	
18001012	
18001013	
18001014	
18001015	
18001016	
18001017	
18001018	
18001019	
18001020	
18001021	
18001022	
18002001	
18002002	
18002003	
18002004	
18002005	
18002006	
18002007	
18002008	
18002009	
18002010	
18002011	
18002012	
18002013	
18003001	
18003002	
18003003	
18003004	
18003005	
18003006	
18003007	
18003008	
18003009	
18003010	
18003011	
18003012	
18003013	
18003025	
18003026	
18004001	
18004002	
18004003	
18004004	
18004005	
18004006	
18004007	
18004008	
18004009	
18005017	
18006001	
18006002	
18006003	
18006024	
18006025	
18006026	
18006030	
18018001	
18018002	
18018005	
18018012	
18018013	
18018018	
18018021	
18019001	
18019002	
18019003	
18019021	
18019022	
18020001	
18020002	
18020004	
18020005	
18020027	
18020028	
18020029	
18021001	
18021002	
18021005	
18021006	
18021007	
18021013	
18021014	
18021015	
18021017	
18021023	
18021024	
18021025	
18021026	
18021034	
18022001	
18022002	
18022004	
18022005	
18022010	
18022011	
18023001	
18023002	
18023003	
18023004	
18023005	
18023006	
18023007	
18027002	
18027003	
18027004	
18027005	
18027006	
18030020	
18030021	
18030022	
18030023	
18038001	
18038002	
18038003	
18038004	
18038005	
18038006	
18038007	
18038008	
18038009	
18038010	
18038011	
18038012	
18038013	
18038019	
18038020	
18038021	
18038034	
18038035	
18038036	
18038037	
18038038	
18040001	
18040002	
18040003	
18040004	
18040005	
18040006	
18040007	
18040008	
18040009	
18040010	
18040011	
18040012	
18040013	
18040014	
18042001	
18042002	
18042003	
18042004	
18042005	
18042006	
18042007	
18042008	
18042009	
18042010	
18042011	
18042012	
18042013	
18042014	
18042015	
18042016	
18042017	
19001001	
19001002	
19001003	
19001004	
19001005	
19001006	
19005001	
19005002	
19005003	
19005004	
19005005	
19005006	
19005007	
19005008	
19005009	
19005010	
19005011	
19005012	
19005013	
19006001	
19006002	
19006003	
19006004	
19006005	
19006006	
19006007	
19006008	
19006009	
19006010	
19006011	
19008001	
19008002	
19008003	
19008004	
19008005	
19008006	
19008007	
19008008	
19008009	
19008010	
19009001	
19009002	
19009003	
19009004	
19009005	
19009006	
19009007	
19009008	
19009009	
19009010	
19009011	
19009012	
19009013	
19009014	
19009015	
19009016	
19009017	
19009018	
19009019	
19009020	
19009021	
19011001	
19011002	
19011003	
19011004	
19011005	
19011006	
19011007	
19015001	
19015002	
19015003	
19015004	
19015005	
19016001	
19016002	
19016003	
19016004	
19016005	
19016006	
19016007	
19016008	
19016009	
19016010	
19016011	
19018001	
19018027	
19019001	
19019002	
19019003	
19019004	
19019005	
19019006	
19019007	
19019008	
19019009	
19019010	
19019011	
19019012	
19019013	
19019014	
19019015	
19023001	
19023002	
19023003	
19023004	
19023005	
19023006	
19024001	
19024002	
19024003	
19024004	
19024005	
19024006	
19024007	
19024008	
19024009	
19024010	
19027001	
19027002	
19027003	
19027004	
19027005	
19027006	
19027007	
19027008	
19027009	
19027010	
19027011	
19027012	
19027013	
19027014	
19029001	
19029002	
19029003	
19029004	
19029005	
19029006	
19029007	
19029008	
19029009	
19029010	
19029011	
19030001	
19030002	
19030003	
19030004	
19030005	
19030006	
19030007	
19030008	
19030009	
19030010	
19030011	
19030012	
19030013	
19032001	
19032002	
19032003	
19032004	
19032005	
19032006	
19032007	
19032008	
19032009	
19032010	
19032011	
19040001	
19040002	
19040003	
19040004	
19040005	
19040006	
19040007	
19040008	
19040009	
19040010	
19040011	
19040012	
19040013	
19040014	
19040015	
19040016	
19040017	
19040018	
19042001	
19042002	
19042003	
19042004	
19042005	
19042006	
19042007	
19042008	
19042009	
19042010	
19042011	
19042012	
19046001	
19046002	
19046003	
19046004	
19046005	
19046006	
19046007	
19046008	
19046009	
19046010	
19046011	
19046012	
19047001	
19047002	
19047003	
19047004	
19047005	
19047006	
19047007	
19047008	
19047009	
19047010	
19051001	
19051002	
19051003	
19051004	
19051005	
19051006	
19051007	
19051008	
19051009	
19051010	
19051011	
19051012	
19051013	
19051014	
19051015	
19051016	
19051017	
19051018	
19051019	
19051020	
19051021	
19053001	
19053002	
19053003	
19053004	
19053005	
19053006	
19053007	
19063001	
19063002	
19063003	
19063004	
19063005	
19063006	
19063007	
19063008	
19063009	
19063010	
19063011	
19063012	
19065001	
19065002	
19065003	
19065004	
19065005	
19065006	
19065007	
19065008	
19065009	
19065010	
19065011	
19065012	
19065013	
19065014	
19066001	
19066002	
19066003	
19066004	
19066005	
19066006	
19066007	
19066008	
19066009	
19066010	
19066011	
19066012	
19066013	
19066014	
19066015	
19066016	
19066017	
19066018	
19066019	
19066020	
19067001	
19067002	
19067003	
19067004	
19067005	
19067006	
19067007	
19067008	
19070001	
19070002	
19070003	
19070004	
19070005	
19070006	
19071001	
19071002	
19071003	
19071004	
19071005	
19071006	
19071007	
19071008	
19071009	
19071010	
19071011	
19071012	
19071013	
19071014	
19071015	
19071016	
19071017	
19071018	
19071019	
19071020	
19071021	
19071022	
19071023	
19071024	
19084001	
19084002	
19084003	
19084004	
19084005	
19084006	
19084007	
19084008	
19084009	
19084010	
19084011	
19084012	
19084013	
19085001	
19085002	
19085003	
19085004	
19085005	
19085006	
19085007	
19085008	
19085009	
19085010	
19085011	
19085012	
19085013	
19085014	
19119001	
19119002	
19119003	
19119004	
19119005	
19119006	
19119007	
19119008	
19119009	
19119010	
19119011	
19119012	
19119013	
19119014	
19119015	
19119016	
19119017	
19119018	
19119019	
19119020	
19119021	
19119022	
19119023	
19119024	
19119025	
19119026	
19119027	
19119028	
19119029	
19119030	
19119031	
19119032	
19119033	
19119034	
19119035	
19119036	
19119037	
19119038	
19119039	
19119040	
19119041	
19119042	
19119043	
19119044	
19119045	
19119046	
19119047	
19119048	
19119049	
19119050	
19119051	
19119052	
19119053	
19119054	
19119055	
19119056	
19119057	
19119058	
19119059	
19119060	
19119061	
19119062	
19119063	
19119064	
19119065	
19119066	
19119067	
19119068	
19119069	
19119070	
19119071	
19119072	
19119073	
19119074	
19119075	
19119076	
19119077	
19119078	
19119079	
19119080	
19119081	
19119082	
19119083	
19119084	
19119085	
19119086	
19119087	
19119088	
19119089	
19119090	
19119091	
19119092	
19119093	
19119094	
19119095	
19119096	
19119097	
19119098	
19119099	
19119100	
19119101	
19119102	
19119103	
19119104	
19119105	
19119106	
19119107	
19119108	
19119109	
19119110	
19119111	
19119112	
19119113	
19119114	
19119115	
19119116	
19119117	
19119118	
19119119	
19119120	
19119121	
19119122	
19119123	
19119124	
19119125	
19119126	
19119127	
19119128	
19119129	
19119130	
19119131	
19119132	
19119133	
19119134	
19119135	
19119136	
19119137	
19119138	
19119139	
19119140	
19119141	
19119142	
19119143	
19119144	
19119145	
19119146	
19119147	
19119148	
19119149	
19119150	
19119151	
19119152	
19119153	
19119154	
19119155	
19119156	
19119157	
19119158	
19119159	
19119160	
19119161	
19119162	
19119163	
19119164	
19119165	
19119166	
19119167	
19119168	
19119169	
19119170	
19119171	
19119172	
19119173	
19119174	
19119175	
19119176	
20003001	
20003002	
20003003	
20003004	
20003005	
20003006	
20003007	
20003008	
20003009	
20003010	
20003011	
20003012	
20003027	
20003028	
20003029	
20003030	
20003031	
20003032	
20003033	
20003034	
20003035	
20005015	
20005016	
20005017	
20005018	
20005019	
20005020	
20008022	
20008023	
20008024	
20008025	
20008026	
20008027	
20008028	
20008029	
20008030	
20008031	
20009007	
20009008	
20009009	
20009010	
20013001	
20013004	
20014023	
20014024	
20015001	
20015002	
20015018	
20015022	
20018022	
20019001	
20020001	
20020004	
20022006	
20023013	
20023014	
20023029	
20023030	
20023031	
20023032	
20023033	
20023034	
20023035	
20024030	
20024031	
20024032	
20024033	
20024034	
20029015	
20029017	
20031010	
20031011	
20031012	
20031013	
20031017	
20031020	
20031026	
20031027	
20031028	
20031029	
20031030	
20031031	
21001001	
21001002	
21001003	
21001004	
21001005	
21001006	
21001007	
21001008	
21001009	
21001010	
21001011	
21003001	
21003002	
21003003	
21003004	
21003005	
21003006	
21003007	
21003008	
21003011	
21003012	
21003013	
21003014	
21003015	
21003016	
21003017	
21004009	
21004010	
21004011	
21004012	
21005010	
21005011	
21005012	
21005013	
21005014	
21005015	
21011009	
21011010	
21012001	
21012002	
21012003	
21012004	
21012005	
21012007	
21012009	
21012010	
21012011	
21012012	
21012013	
21012014	
23006001	
23006002	
23006003	
23006004	
23006005	
23006006	
23006007	
23006008	
23006009	
23006010	
23007010	
23007011	
23007012	
23007013	
23007014	
23009006	
23009007	
23011001	
23011002	
23011003	
23011004	
23011005	
23011006	
23011007	
23011008	
23011009	
23011010	
23040001	
23040002	
23040003	
23040004	
23040005	
23040010	
23040011	
23040018	
23040019	
23040020	
23040021	
23040022	
23040023	
23040024	
23040025	
23040026	
23040027	
23040028	
23040029	
23040030	
23040031	
23042001	
23042002	
23042003	
23042004	
23042005	
23042006	
23042007	
23049005	
23049006	
23050004	
23050005	
23050006	
23050007	
23050008	
23050009	
23052013	
23052014	
23052015	
23053001	
23053002	
23053003	
23053004	
23053005	
23053006	
23053007	
23053008	
23053009	
23053010	
23053011	
23053012	
23055001	
23055002	
23055003	
23055006	
23055007	
23055008	
23055009	
23055010	
23055011	
23059001	
23059002	
23059003	
23059004	
23059009	
23059010	
23059012	
23059013	
23059014	
23059015	
23059016	
23059017	
23059020	
23061001	
23061002	
23061003	
23064004	
23064005	
23064006	
23064007	
23064008	
23064009	
24001001	
24001002	
24001003	
24001004	
24001005	
24001006	
24001007	
24001008	
24001009	
24001010	
24001017	
24001018	
24001019	
24006013	
24006014	
24017005	
24017006	
24017007	
24017008	
24017009	
24017010	
24020005	
24020007	
24020008	
24020009	
24020010	
24020011	
24020012	
24020013	
24023001	
24023002	
24023003	
24023004	
24023005	
24023006	
24029001	
24029010	
24029011	
24029012	
24029013	
24029014	
24031003	
24031031	
24031032	
24031033	
24031034	
25001008	
25002017	
25003019	
25003020	
25003021	
25003022	
25003023	
25003024	
25003025	
25003026	
26002001	
26002002	
26002003	
26002004	
26002005	
26033007	
26033008	
26033009	
26036016	
26036017	
26036018	
26036019	
26036020	
26036021	
26036022	
26036023	
26036024	
26036025	
26036026	
26036027	
27001001	
27001002	
27001003	
27001004	
27001005	
27001006	
27001007	
27001008	
27001009	
27001010	
27001011	
27001012	
27001013	
27001014	
27001015	
27001016	
27001017	
27001018	
27001019	
27001020	
27001021	
27002048	
27002049	
27003001	
27003002	
27003003	
27003004	
27003005	
27003006	
27003007	
27003008	
27003009	
27003010	
27003011	
27003012	
27003013	
27003014	
27003015	
27003016	
27003017	
27003018	
27003019	
27003020	
27003021	
27003022	
27003023	
27003091	
27003092	
27003093	
27003094	
27003095	
27003096	
27003097	
27004001	
27004002	
27004003	
27004004	
27004005	
27004006	
27004007	
27004008	
27004019	
27004020	
27004021	
27004022	
27004023	
27004024	
27004025	
27004026	
27004027	
27004028	
27004029	
27004030	
27004031	
27004032	
27004033	
27004034	
27004035	
27004036	
27004037	
27005001	
27005002	
27005003	
27005004	
27005005	
27005006	
27005007	
27005008	
27005009	
27005013	
27005014	
27005015	
27005016	
27005017	
27005018	
27005019	
27005020	
27005021	
27005022	
27005023	
27005024	
27005025	
27005026	
27005027	
27005028	
27005029	
27005030	
27005031	
27006001	
27006002	
27006003	
27006004	
27006005	
27006006	
27006007	
27006008	
27006009	
27006010	
27006011	
27006012	
27006013	
27006014	
27006015	
27006016	
27006017	
27006018	
27006019	
27006020	
27006021	
27006022	
27006023	
27006024	
27006025	
27006026	
27006027	
27006028	
32001001	
32001002	
32001003	
32001004	
32001005	
32001006	
32001007	
32001008	
32001009	
32001010	
32001011	
32001012	
32001013	
32001014	
32001015	
32001016	
32002001	
32002002	
32002003	
32002004	
32002005	
32002006	
32002007	
32002008	
32002009	
32002010	
32002011	
32003001	
32003002	
32003003	
32003004	
32003005	
32003006	
32003007	
32003008	
32003009	
32003010	
32004001	
32004002	
32004003	
32004004	
32004005	
32004006	
32004007	
32004008	
32004009	
32004010	
32004011	
33005001	
33005002	
33005003	
33005004	
33005005	
38009009	
38009010	
38012010	
38012011	
38013001	
40001001	
40001002	
40001003	
40001004	
40001005	
40001006	
40001007	
40001008	
40001009	
40001010	
40001011	
40001012	
40001013	
40001014	
40001015	
40001016	
40001017	
40001018	
40001019	
40001020	
40001021	
40001022	
40001023	
40001024	
40001025	
40002001	
40002002	
40002003	
40002004	
40002005	
40002006	
40002007	
40002008	
40002009	
40002010	
40002011	
40002012	
40002013	
40002014	
40002015	
40002016	
40002017	
40002018	
40002019	
40002020	
40002021	
40002022	
40002023	
40003001	
40003002	
40003003	
40003004	
40003005	
40003006	
40003007	
40003008	
40003009	
40003010	
40003011	
40003012	
40003013	
40003014	
40003015	
40003016	
40003017	
40004001	
40004002	
40004003	
40004004	
40004005	
40004006	
40004007	
40004008	
40004009	
40004010	
40004011	
40004012	
40004013	
40004014	
40004015	
40004016	
40004017	
40004018	
40004019	
40004020	
40004021	
40004022	
40004023	
40004024	
40004025	
40005001	
40005002	
40005003	
40005004	
40005005	
40005006	
40005007	
40005008	
40005009	
40005010	
40005011	
40005012	
40005013	
40005014	
40005015	
40005016	
40005017	
40005018	
40005019	
40005020	
40005021	
40005022	
40005023	
40005024	
40005025	
40005026	
40005027	
40005028	
40005029	
40005030	
40005031	
40005032	
40005033	
40005034	
40005035	
40005036	
40005037	
40005038	
40005039	
40005040	
40005041	
40005042	
40005043	
40005044	
40005045	
40005046	
40005047	
40005048	
40006001	
40006002	
40006003	
40006004	
40006005	
40006006	
40006007	
40006008	
40006009	
40006010	
40006011	
40006012	
40006013	
40006014	
40006015	
40006016	
40006017	
40006018	
40006019	
40006020	
40006021	
40006022	
40006023	
40006024	
40006025	
40006026	
40006027	
40006028	
40006029	
40006030	
40006031	
40006032	
40006033	
40006034	
40007001	
40007002	
40007003	
40007004	
40007005	
40007006	
40007007	
40007008	
40007009	
40007010	
40007011	
40007012	
40007013	
40007014	
40007015	
40007016	
40007017	
40007018	
40007019	
40007020	
40007021	
40007022	
40007023	
40007024	
40007025	
40007026	
40007027	
40007028	
40007029	
40008001	
40008002	
40008003	
40008004	
40008005	
40008006	
40008007	
40008008	
40008009	
40008010	
40008011	
40008012	
40008013	
40008014	
40008015	
40008016	
40008017	
40008018	
40008019	
40008020	
40008021	
40008022	
40008023	
40008024	
40008025	
40008026	
40008027	
40008028	
40008029	
40008030	
40008031	
40008032	
40008033	
40008034	
40009001	
40009002	
40009003	
40009004	
40009005	
40009006	
40009007	
40009008	
40009009	
40009010	
40009011	
40009012	
40009013	
40009014	
40009015	
40009016	
40009017	
40009018	
40009019	
40009020	
40009021	
40009022	
40009023	
40009024	
40009025	
40009026	
40009027	
40009028	
40009029	
40009030	
40009031	
40009032	
40009033	
40009034	
40009035	
40009036	
40009037	
40009038	
40010001	
40010002	
40010003	
40010004	
40010005	
40010006	
40010007	
40010008	
40010009	
40010010	
40010011	
40010012	
40010013	
40010014	
40010015	
40010016	
40010017	
40010018	
40010019	
40010020	
40010021	
40010022	
40010023	
40010024	
40010025	
40010026	
40010027	
40010028	
40010029	
40010030	
40010031	
40010032	
40010033	
40010034	
40010035	
40010036	
40010037	
40010038	
40010039	
40010040	
40010041	
40010042	
40011001	
40011002	
40011003	
40011004	
40011005	
40011006	
40011007	
40011008	
40011009	
40011010	
40011011	
40011012	
40011013	
40011014	
40011015	
40011016	
40011017	
40011018	
40011019	
40011020	
40011021	
40011022	
40011023	
40011024	
40011025	
40011026	
40011027	
40011028	
40011029	
40011030	
40012001	
40012002	
40012003	
40012004	
40012005	
40012006	
40012007	
40012008	
40012009	
40012010	
40012011	
40012012	
40012013	
40012014	
40012015	
40012016	
40012017	
40012018	
40012019	
40012020	
40012021	
40012022	
40012023	
40012024	
40012025	
40012026	
40012027	
40012028	
40012029	
40012030	
40012031	
40012032	
40012033	
40012034	
40012035	
40012036	
40012037	
40012038	
40012039	
40012040	
40012041	
40012042	
40012043	
40012044	
40012045	
40012046	
40012047	
40012048	
40012049	
40012050	
40013001	
40013002	
40013003	
40013004	
40013005	
40013006	
40013007	
40013008	
40013009	
40013010	
40013011	
40013012	
40013013	
40013014	
40013015	
40013016	
40013017	
40013018	
40013019	
40013020	
40013021	
40013022	
40013023	
40013024	
40013025	
40013026	
40013027	
40013028	
40013029	
40013030	
40013031	
40013032	
40013033	
40013034	
40013035	
40013036	
40013037	
40013038	
40013039	
40013040	
40013041	
40013042	
40013043	
40013044	
40013045	
40013046	
40013047	
40013048	
40013049	
40013050	
40013051	
40013052	
40013053	
40013054	
40013055	
40013056	
40013057	
40013058	
40014001	
40014002	
40014003	
40014004	
40014005	
40014006	
40014007	
40014008	
40014009	
40014010	
40014011	
40014012	
40014013	
40014014	
40014015	
40014016	
40014017	
40014018	
40014019	
40014020	
40014021	
40014022	
40014023	
40014024	
40014025	
40014026	
40014027	
40014028	
40014029	
40014030	
40014031	
40014032	
40014033	
40014034	
40014035	
40014036	
40015001	
40015002	
40015003	
40015004	
40015005	
40015006	
40015007	
40015008	
40015009	
40015010	
40015011	
40015012	
40015013	
40015014	
40015015	
40015016	
40015017	
40015018	
40015019	
40015020	
40015021	
40015022	
40015023	
40015024	
40015025	
40015026	
40015027	
40015028	
40015029	
40015030	
40015031	
40015032	
40015033	
40015034	
40015035	
40015036	
40015037	
40015038	
40015039	
40016001	
40016002	
40016003	
40016004	
40016005	
40016006	
40016007	
40016008	
40016009	
40016010	
40016011	
40016012	
40016013	
40016014	
40016015	
40016016	
40016017	
40016018	
40016019	
40016020	
40016021	
40016022	
40016023	
40016024	
40016025	
40016026	
40016027	
40016028	
40017001	
40017002	
40017003	
40017004	
40017005	
40017006	
40017007	
40017008	
40017009	
40017010	
40017011	
40017012	
40017013	
40017014	
40017015	
40017016	
40017017	
40017018	
40017019	
40017020	
40017021	
40017022	
40017023	
40017024	
40017025	
40017026	
40017027	
40018001	
40018002	
40018003	
40018004	
40018005	
40018006	
40018007	
40018008	
40018009	
40018010	
40018011	
40018012	
40018013	
40018014	
40018015	
40018016	
40018017	
40018018	
40018019	
40018020	
40018021	
40018022	
40018023	
40018024	
40018025	
40018026	
40018027	
40018028	
40018029	
40018030	
40018031	
40018032	
40018033	
40018034	
40018035	
40019001	
40019002	
40019003	
40019004	
40019005	
40019006	
40019007	
40019008	
40019009	
40019010	
40019011	
40019012	
40019013	
40019014	
40019015	
40019016	
40019017	
40019018	
40019019	
40019020	
40019021	
40019022	
40019023	
40019024	
40019025	
40019026	
40019027	
40019028	
40019029	
40019030	
40020001	
40020002	
40020003	
40020004	
40020005	
40020006	
40020007	
40020008	
40020009	
40020010	
40020011	
40020012	
40020013	
40020014	
40020015	
40020016	
40020017	
40020018	
40020019	
40020020	
40020021	
40020022	
40020023	
40020024	
40020025	
40020026	
40020027	
40020028	
40020029	
40020030	
40020031	
40020032	
40020033	
40020034	
40021001	
40021002	
40021003	
40021004	
40021005	
40021006	
40021007	
40021008	
40021009	
40021010	
40021011	
40021012	
40021013	
40021014	
40021015	
40021016	
40021017	
40021018	
40021019	
40021020	
40021021	
40021022	
40021023	
40021024	
40021025	
40021026	
40021027	
40021028	
40021029	
40021030	
40021031	
40021032	
40021033	
40021034	
40021035	
40021036	
40021037	
40021038	
40021039	
40021040	
40021041	
40021042	
40021043	
40021044	
40021045	
40021046	
40022001	
40022002	
40022003	
40022004	
40022005	
40022006	
40022007	
40022008	
40022009	
40022010	
40022011	
40022012	
40022013	
40022014	
40022015	
40022016	
40022017	
40022018	
40022019	
40022020	
40022021	
40022022	
40022023	
40022024	
40022025	
40022026	
40022027	
40022028	
40022029	
40022030	
40022031	
40022032	
40022033	
40022034	
40022035	
40022036	
40022037	
40022038	
40022039	
40022040	
40022041	
40022042	
40022043	
40022044	
40022045	
40022046	
40023001	
40023002	
40023003	
40023004	
40023005	
40023006	
40023007	
40023008	
40023009	
40023010	
40023011	
40023012	
40023013	
40023014	
40023015	
40023016	
40023017	
40023018	
40023019	
40023020	
40023021	
40023022	
40023023	
40023024	
40023025	
40023026	
40023027	
40023028	
40023029	
40023030	
40023031	
40023032	
40023033	
40023034	
40023035	
40023036	
40023037	
40023038	
40023039	
40024001	
40024002	
40024003	
40024004	
40024005	
40024006	
40024007	
40024008	
40024009	
40024010	
40024011	
40024012	
40024013	
40024014	
40024015	
40024016	
40024017	
40024018	
40024019	
40024020	
40024021	
40024022	
40024023	
40024024	
40024025	
40024026	
40024027	
40024028	
40024029	
40024030	
40024031	
40024032	
40024033	
40024034	
40024035	
40024036	
40024037	
40024038	
40024039	
40024040	
40024041	
40024042	
40024043	
40024044	
40024045	
40024046	
40024047	
40024048	
40024049	
40024050	
40024051	
40025001	
40025002	
40025003	
40025004	
40025005	
40025006	
40025007	
40025008	
40025009	
40025010	
40025011	
40025012	
40025013	
40025014	
40025015	
40025016	
40025017	
40025018	
40025019	
40025020	
40025021	
40025022	
40025023	
40025024	
40025025	
40025026	
40025027	
40025028	
40025029	
40025030	
40025031	
40025032	
40025033	
40025034	
40025035	
40025036	
40025037	
40025038	
40025039	
40025040	
40025041	
40025042	
40025043	
40025044	
40025045	
40025046	
40026001	
40026002	
40026003	
40026004	
40026005	
40026006	
40026007	
40026008	
40026009	
40026010	
40026011	
40026012	
40026013	
40026014	
40026015	
40026016	
40026017	
40026018	
40026019	
40026020	
40026021	
40026022	
40026023	
40026024	
40026025	
40026026	
40026027	
40026028	
40026029	
40026030	
40026031	
40026032	
40026033	
40026034	
40026035	
40026036	
40026037	
40026038	
40026039	
40026040	
40026041	
40026042	
40026043	
40026044	
40026045	
40026046	
40026047	
40026048	
40026049	
40026050	
40026051	
40026052	
40026053	
40026054	
40026055	
40026056	
40026057	
40026058	
40026059	
40026060	
40026061	
40026062	
40026063	
40026064	
40026065	
40026066	
40026067	
40026068	
40026069	
40026070	
40026071	
40026072	
40026073	
40026074	
40026075	
40027001	
40027002	
40027003	
40027004	
40027005	
40027006	
40027007	
40027008	
40027009	
40027010	
40027011	
40027012	
40027013	
40027014	
40027015	
40027016	
40027017	
40027018	
40027019	
40027020	
40027021	
40027022	
40027023	
40027024	
40027025	
40027026	
40027027	
40027028	
40027029	
40027030	
40027031	
40027032	
40027033	
40027034	
40027035	
40027036	
40027037	
40027038	
40027039	
40027040	
40027041	
40027042	
40027043	
40027044	
40027045	
40027046	
40027047	
40027048	
40027049	
40027050	
40027051	
40027052	
40027053	
40027054	
40027055	
40027056	
40027057	
40027058	
40027059	
40027060	
40027061	
40027062	
40027063	
40027064	
40027065	
40027066	
40028001	
40028002	
40028003	
40028004	
40028005	
40028006	
40028007	
40028008	
40028009	
40028010	
40028011	
40028012	
40028013	
40028014	
40028015	
40028016	
40028017	
40028018	
40028019	
40028020	
41001001	
41001002	
41001003	
41001004	
41001005	
41001006	
41001007	
41001008	
41001009	
41001010	
41001011	
41001012	
41001013	
41001014	
41001015	
41001016	
41001017	
41001018	
41001019	
41001020	
41001021	
41001022	
41001023	
41001024	
41001025	
41001026	
41001027	
41001028	
41001029	
41001030	
41001031	
41001032	
41001033	
41001034	
41001035	
41001036	
41001037	
41001038	
41001039	
41001040	
41001041	
41001042	
41001043	
41001044	
41001045	
41002001	
41002002	
41002003	
41002004	
41002005	
41002006	
41002007	
41002008	
41002009	
41002010	
41002011	
41002012	
41002013	
41002014	
41002015	
41002016	
41002017	
41002018	
41002019	
41002020	
41002021	
41002022	
41002023	
41002024	
41002025	
41002026	
41002027	
41002028	
41003001	
41003002	
41003003	
41003004	
41003005	
41003006	
41003007	
41003008	
41003009	
41003010	
41003011	
41003012	
41003013	
41003014	
41003015	
41003016	
41003017	
41003018	
41003019	
41003020	
41003021	
41003022	
41003023	
41003024	
41003025	
41003026	
41003027	
41003028	
41003029	
41003030	
41003031	
41003032	
41003033	
41003034	
41003035	
41004001	
41004002	
41004003	
41004004	
41004005	
41004006	
41004007	
41004008	
41004009	
41004010	
41004011	
41004012	
41004013	
41004014	
41004015	
41004016	
41004017	
41004018	
41004019	
41004020	
41004021	
41004022	
41004023	
41004024	
41004025	
41004026	
41004027	
41004028	
41004029	
41004030	
41004031	
41004032	
41004033	
41004034	
41004035	
41004036	
41004037	
41004038	
41004039	
41004040	
41004041	
41005001	
41005002	
41005003	
41005004	
41005005	
41005006	
41005007	
41005008	
41005009	
41005010	
41005011	
41005012	
41005013	
41005014	
41005015	
41005016	
41005017	
41005018	
41005019	
41005020	
41005021	
41005022	
41005023	
41005024	
41005025	
41005026	
41005027	
41005028	
41005029	
41005030	
41005031	
41005032	
41005033	
41005034	
41005035	
41005036	
41005037	
41005038	
41005039	
41005040	
41005041	
41005042	
41005043	
41006001	
41006002	
41006003	
41006004	
41006005	
41006006	
41006007	
41006008	
41006009	
41006010	
41006011	
41006012	
41006013	
41006014	
41006015	
41006016	
41006017	
41006018	
41006019	
41006020	
41006021	
41006022	
41006023	
41006024	
41006025	
41006026	
41006027	
41006028	
41006029	
41006030	
41006031	
41006032	
41006033	
41006034	
41006035	
41006036	
41006037	
41006038	
41006039	
41006040	
41006041	
41006042	
41006043	
41006044	
41006045	
41006046	
41006047	
41006048	
41006049	
41006050	
41006051	
41006052	
41006053	
41006054	
41006055	
41006056	
41007001	
41007002	
41007003	
41007004	
41007005	
41007006	
41007007	
41007008	
41007009	
41007010	
41007011	
41007012	
41007013	
41007014	
41007015	
41007016	
41007017	
41007018	
41007019	
41007020	
41007021	
41007022	
41007023	
41007024	
41007025	
41007026	
41007027	
41007028	
41007029	
41007030	
41007031	
41007032	
41007033	
41007034	
41007035	
41007036	
41007037	
41008001	
41008002	
41008003	
41008004	
41008005	
41008006	
41008007	
41008008	
41008009	
41008010	
41008011	
41008012	
41008013	
41008014	
41008015	
41008016	
41008017	
41008018	
41008019	
41008020	
41008021	
41008022	
41008023	
41008024	
41008025	
41008026	
41008027	
41008028	
41008029	
41008030	
41008031	
41008032	
41008033	
41008034	
41008035	
41008036	
41008037	
41008038	
41009001	
41009002	
41009003	
41009004	
41009005	
41009006	
41009007	
41009008	
41009009	
41009010	
41009011	
41009012	
41009013	
41009014	
41009015	
41009016	
41009017	
41009018	
41009019	
41009020	
41009021	
41009022	
41009023	
41009024	
41009025	
41009026	
41009027	
41009028	
41009029	
41009030	
41009031	
41009032	
41009033	
41009034	
41009035	
41009036	
41009037	
41009038	
41009039	
41009040	
41009041	
41009042	
41009043	
41009044	
41009045	
41009046	
41009047	
41009048	
41009049	
41009050	
41010001	
41010002	
41010003	
41010004	
41010005	
41010006	
41010007	
41010008	
41010009	
41010010	
41010011	
41010012	
41010013	
41010014	
41010015	
41010016	
41010017	
41010018	
41010019	
41010020	
41010021	
41010022	
41010023	
41010024	
41010025	
41010026	
41010027	
41010028	
41010029	
41010030	
41010031	
41010032	
41010033	
41010034	
41010035	
41010036	
41010037	
41010038	
41010039	
41010040	
41010041	
41010042	
41010043	
41010044	
41010045	
41010046	
41010047	
41010048	
41010049	
41010050	
41010051	
41010052	
41011001	
41011002	
41011003	
41011004	
41011005	
41011006	
41011007	
41011008	
41011009	
41011010	
41011011	
41011012	
41011013	
41011014	
41011015	
41011016	
41011017	
41011018	
41011019	
41011020	
41011021	
41011022	
41011023	
41011024	
41011025	
41011026	
41011027	
41011028	
41011029	
41011030	
41011031	
41011032	
41011033	
41012001	
41012002	
41012003	
41012004	
41012005	
41012006	
41012007	
41012008	
41012009	
41012010	
41012011	
41012012	
41012013	
41012014	
41012015	
41012016	
41012017	
41012018	
41012019	
41012020	
41012021	
41012022	
41012023	
41012024	
41012025	
41012026	
41012027	
41012028	
41012029	
41012030	
41012031	
41012032	
41012033	
41012034	
41012035	
41012036	
41012037	
41012038	
41012039	
41012040	
41012041	
41012042	
41012043	
41012044	
41013001	
41013002	
41013003	
41013004	
41013005	
41013006	
41013007	
41013008	
41013009	
41013010	
41013011	
41013012	
41013013	
41013014	
41013015	
41013016	
41013017	
41013018	
41013019	
41013020	
41013021	
41013022	
41013023	
41013024	
41013025	
41013026	
41013027	
41013028	
41013029	
41013030	
41013031	
41013032	
41013033	
41013034	
41013035	
41013036	
41013037	
41014001	
41014002	
41014003	
41014004	
41014005	
41014006	
41014007	
41014008	
41014009	
41014010	
41014011	
41014012	
41014013	
41014014	
41014015	
41014016	
41014017	
41014018	
41014019	
41014020	
41014021	
41014022	
41014023	
41014024	
41014025	
41014026	
41014027	
41014028	
41014029	
41014030	
41014031	
41014032	
41014033	
41014034	
41014035	
41014036	
41014037	
41014038	
41014039	
41014040	
41014041	
41014042	
41014043	
41014044	
41014045	
41014046	
41014047	
41014048	
41014049	
41014050	
41014051	
41014052	
41014053	
41014054	
41014055	
41014056	
41014057	
41014058	
41014059	
41014060	
41014061	
41014062	
41014063	
41014064	
41014065	
41014066	
41014067	
41014068	
41014069	
41014070	
41014071	
41014072	
41015001	
41015002	
41015003	
41015004	
41015005	
41015006	
41015007	
41015008	
41015009	
41015010	
41015011	
41015012	
41015013	
41015014	
41015015	
41015016	
41015017	
41015018	
41015019	
41015020	
41015021	
41015022	
41015023	
41015024	
41015025	
41015026	
41015027	
41015028	
41015029	
41015030	
41015031	
41015032	
41015033	
41015034	
41015035	
41015036	
41015037	
41015038	
41015039	
41015040	
41015041	
41015042	
41015043	
41015044	
41015045	
41015046	
41015047	
41016001	
41016002	
41016003	
41016004	
41016005	
41016006	
41016007	
41016008	
41016009	
41016010	
41016011	
41016012	
41016013	
41016014	
41016015	
41016016	
41016017	
41016018	
41016019	
41016020	
42001001	
42001002	
42001003	
42001004	
42001005	
42001006	
42001007	
42001008	
42001009	
42001010	
42001011	
42001012	
42001013	
42001014	
42001015	
42001016	
42001017	
42001018	
42001019	
42001020	
42001021	
42001022	
42001023	
42001024	
42001025	
42001026	
42001027	
42001028	
42001029	
42001030	
42001031	
42001032	
42001033	
42001034	
42001035	
42001036	
42001037	
42001038	
42001039	
42001040	
42001041	
42001042	
42001043	
42001044	
42001045	
42001046	
42001047	
42001048	
42001049	
42001050	
42001051	
42001052	
42001053	
42001054	
42001055	
42001056	
42001057	
42001058	
42001059	
42001060	
42001061	
42001062	
42001063	
42001064	
42001065	
42001066	
42001067	
42001068	
42001069	
42001070	
42001071	
42001072	
42001073	
42001074	
42001075	
42001076	
42001077	
42001078	
42001079	
42001080	
42002001	
42002002	
42002003	
42002004	
42002005	
42002006	
42002007	
42002008	
42002009	
42002010	
42002011	
42002012	
42002013	
42002014	
42002015	
42002016	
42002017	
42002018	
42002019	
42002020	
42002021	
42002022	
42002023	
42002024	
42002025	
42002026	
42002027	
42002028	
42002029	
42002030	
42002031	
42002032	
42002033	
42002034	
42002035	
42002036	
42002037	
42002038	
42002039	
42002040	
42002041	
42002042	
42002043	
42002044	
42002045	
42002046	
42002047	
42002048	
42002049	
42002050	
42002051	
42002052	
42003001	
42003002	
42003003	
42003004	
42003005	
42003006	
42003007	
42003008	
42003009	
42003010	
42003011	
42003012	
42003013	
42003014	
42003015	
42003016	
42003017	
42003018	
42003019	
42003020	
42003021	
42003022	
42003023	
42003024	
42003025	
42003026	
42003027	
42003028	
42003029	
42003030	
42003031	
42003032	
42003033	
42003034	
42003035	
42003036	
42003037	
42003038	
42004001	
42004002	
42004003	
42004004	
42004005	
42004006	
42004007	
42004008	
42004009	
42004010	
42004011	
42004012	
42004013	
42004014	
42004015	
42004016	
42004017	
42004018	
42004019	
42004020	
42004021	
42004022	
42004023	
42004024	
42004025	
42004026	
42004027	
42004028	
42004029	
42004030	
42004031	
42004032	
42004033	
42004034	
42004035	
42004036	
42004037	
42004038	
42004039	
42004040	
42004041	
42004042	
42004043	
42004044	
42005001	
42005002	
42005003	
42005004	
42005005	
42005006	
42005007	
42005008	
42005009	
42005010	
42005011	
42005012	
42005013	
42005014	
42005015	
42005016	
42005017	
42005018	
42005019	
42005020	
42005021	
42005022	
42005023	
42005024	
42005025	
42005026	
42005027	
42005028	
42005029	
42005030	
42005031	
42005032	
42005033	
42005034	
42005035	
42005036	
42005037	
42005038	
42005039	
42006001	
42006002	
42006003	
42006004	
42006005	
42006006	
42006007	
42006008	
42006009	
42006010	
42006011	
42006012	
42006013	
42006014	
42006015	
42006016	
42006017	
42006018	
42006019	
42006020	
42006021	
42006022	
42006023	
42006024	
42006025	
42006026	
42006027	
42006028	
42006029	
42006030	
42006031	
42006032	
42006033	
42006034	
42006035	
42006036	
42006037	
42006038	
42006039	
42006040	
42006041	
42006042	
42006043	
42006044	
42006045	
42006046	
42006047	
42006048	
42006049	
42007001	
42007002	
42007003	
42007004	
42007005	
42007006	
42007007	
42007008	
42007009	
42007010	
42007011	
42007012	
42007013	
42007014	
42007015	
42007016	
42007017	
42007018	
42007019	
42007020	
42007021	
42007022	
42007023	
42007024	
42007025	
42007026	
42007027	
42007028	
42007029	
42007030	
42007031	
42007032	
42007033	
42007034	
42007035	
42007036	
42007037	
42007038	
42007039	
42007040	
42007041	
42007042	
42007043	
42007044	
42007045	
42007046	
42007047	
42007048	
42007049	
42007050	
42008001	
42008002	
42008003	
42008004	
42008005	
42008006	
42008007	
42008008	
42008009	
42008010	
42008011	
42008012	
42008013	
42008014	
42008015	
42008016	
42008017	
42008018	
42008019	
42008020	
42008021	
42008022	
42008023	
42008024	
42008025	
42008026	
42008027	
42008028	
42008029	
42008030	
42008031	
42008032	
42008033	
42008034	
42008035	
42008036	
42008037	
42008038	
42008039	
42008040	
42008041	
42008042	
42008043	
42008044	
42008045	
42008046	
42008047	
42008048	
42008049	
42008050	
42008051	
42008052	
42008053	
42008054	
42008055	
42008056	
42009001	
42009002	
42009003	
42009004	
42009005	
42009006	
42009007	
42009008	
42009009	
42009010	
42009011	
42009012	
42009013	
42009014	
42009015	
42009016	
42009017	
42009018	
42009019	
42009020	
42009021	
42009022	
42009023	
42009024	
42009025	
42009026	
42009027	
42009028	
42009029	
42009030	
42009031	
42009032	
42009033	
42009034	
42009035	
42009036	
42009037	
42009038	
42009039	
42009040	
42009041	
42009042	
42009043	
42009044	
42009045	
42009046	
42009047	
42009048	
42009049	
42009050	
42009051	
42009052	
42009053	
42009054	
42009055	
42009056	
42009057	
42009058	
42009059	
42009060	
42009061	
42009062	
42010001	
42010002	
42010003	
42010004	
42010005	
42010006	
42010007	
42010008	
42010009	
42010010	
42010011	
42010012	
42010013	
42010014	
42010015	
42010016	
42010017	
42010018	
42010019	
42010020	
42010021	
42010022	
42010023	
42010024	
42010025	
42010026	
42010027	
42010028	
42010029	
42010030	
42010031	
42010032	
42010033	
42010034	
42010035	
42010036	
42010037	
42010038	
42010039	
42010040	
42010041	
42010042	
42011001	
42011002	
42011003	
42011004	
42011005	
42011006	
42011007	
42011008	
42011009	
42011010	
42011011	
42011012	
42011013	
42011014	
42011015	
42011016	
42011017	
42011018	
42011019	
42011020	
42011021	
42011022	
42011023	
42011024	
42011025	
42011026	
42011027	
42011028	
42011029	
42011030	
42011031	
42011032	
42011033	
42011034	
42011035	
42011036	
42011037	
42011038	
42011039	
42011040	
42011041	
42011042	
42011043	
42011044	
42011045	
42011046	
42011047	
42011048	
42011049	
42011050	
42011051	
42011052	
42011053	
42011054	
42012001	
42012002	
42012003	
42012004	
42012005	
42012006	
42012007	
42012008	
42012009	
42012010	
42012011	
42012012	
42012013	
42012014	
42012015	
42012016	
42012017	
42012018	
42012019	
42012020	
42012021	
42012022	
42012023	
42012024	
42012025	
42012026	
42012027	
42012028	
42012029	
42012030	
42012031	
42012032	
42012033	
42012034	
42012035	
42012036	
42012037	
42012038	
42012039	
42012040	
42012041	
42012042	
42012043	
42012044	
42012045	
42012046	
42012047	
42012048	
42012049	
42012050	
42012051	
42012052	
42012053	
42012054	
42012055	
42012056	
42012057	
42012058	
42012059	
42013001	
42013002	
42013003	
42013004	
42013005	
42013006	
42013007	
42013008	
42013009	
42013010	
42013011	
42013012	
42013013	
42013014	
42013015	
42013016	
42013017	
42013018	
42013019	
42013020	
42013021	
42013022	
42013023	
42013024	
42013025	
42013026	
42013027	
42013028	
42013029	
42013030	
42013031	
42013032	
42013033	
42013034	
42013035	
42014001	
42014002	
42014003	
42014004	
42014005	
42014006	
42014007	
42014008	
42014009	
42014010	
42014011	
42014012	
42014013	
42014014	
42014015	
42014016	
42014017	
42014018	
42014019	
42014020	
42014021	
42014022	
42014023	
42014024	
42014025	
42014026	
42014027	
42014028	
42014029	
42014030	
42014031	
42014032	
42014033	
42014034	
42014035	
42015001	
42015002	
42015003	
42015004	
42015005	
42015006	
42015007	
42015008	
42015009	
42015010	
42015011	
42015012	
42015013	
42015014	
42015015	
42015016	
42015017	
42015018	
42015019	
42015020	
42015021	
42015022	
42015023	
42015024	
42015025	
42015026	
42015027	
42015028	
42015029	
42015030	
42015031	
42015032	
42016001	
42016002	
42016003	
42016004	
42016005	
42016006	
42016007	
42016008	
42016009	
42016010	
42016011	
42016012	
42016013	
42016014	
42016015	
42016016	
42016017	
42016018	
42016019	
42016020	
42016021	
42016022	
42016023	
42016024	
42016025	
42016026	
42016027	
42016028	
42016029	
42016030	
42016031	
42017001	
42017002	
42017003	
42017004	
42017005	
42017006	
42017007	
42017008	
42017009	
42017010	
42017011	
42017012	
42017013	
42017014	
42017015	
42017016	
42017017	
42017018	
42017019	
42017020	
42017021	
42017022	
42017023	
42017024	
42017025	
42017026	
42017027	
42017028	
42017029	
42017030	
42017031	
42017032	
42017033	
42017034	
42017035	
42017036	
42017037	
42018001	
42018002	
42018003	
42018004	
42018005	
42018006	
42018007	
42018008	
42018009	
42018010	
42018011	
42018012	
42018013	
42018014	
42018015	
42018016	
42018017	
42018018	
42018019	
42018020	
42018021	
42018022	
42018023	
42018024	
42018025	
42018026	
42018027	
42018028	
42018029	
42018030	
42018031	
42018032	
42018033	
42018034	
42018035	
42018036	
42018037	
42018038	
42018039	
42018040	
42018041	
42018042	
42018043	
42019001	
42019002	
42019003	
42019004	
42019005	
42019006	
42019007	
42019008	
42019009	
42019010	
42019011	
42019012	
42019013	
42019014	
42019015	
42019016	
42019017	
42019018	
42019019	
42019020	
42019021	
42019022	
42019023	
42019024	
42019025	
42019026	
42019027	
42019028	
42019029	
42019030	
42019031	
42019032	
42019033	
42019034	
42019035	
42019036	
42019037	
42019038	
42019039	
42019040	
42019041	
42019042	
42019043	
42019044	
42019045	
42019046	
42019047	
42019048	
42020001	
42020002	
42020003	
42020004	
42020005	
42020006	
42020007	
42020008	
42020009	
42020010	
42020011	
42020012	
42020013	
42020014	
42020015	
42020016	
42020017	
42020018	
42020019	
42020020	
42020021	
42020022	
42020023	
42020024	
42020025	
42020026	
42020027	
42020028	
42020029	
42020030	
42020031	
42020032	
42020033	
42020034	
42020035	
42020036	
42020037	
42020038	
42020039	
42020040	
42020041	
42020042	
42020043	
42020044	
42020045	
42020046	
42020047	
42021001	
42021002	
42021003	
42021004	
42021005	
42021006	
42021007	
42021008	
42021009	
42021010	
42021011	
42021012	
42021013	
42021014	
42021015	
42021016	
42021017	
42021018	
42021019	
42021020	
42021021	
42021022	
42021023	
42021024	
42021025	
42021026	
42021027	
42021028	
42021029	
42021030	
42021031	
42021032	
42021033	
42021034	
42021035	
42021036	
42021037	
42021038	
42022001	
42022002	
42022003	
42022004	
42022005	
42022006	
42022007	
42022008	
42022009	
42022010	
42022011	
42022012	
42022013	
42022014	
42022015	
42022016	
42022017	
42022018	
42022019	
42022020	
42022021	
42022022	
42022023	
42022024	
42022025	
42022026	
42022027	
42022028	
42022029	
42022030	
42022031	
42022032	
42022033	
42022034	
42022035	
42022036	
42022037	
42022038	
42022039	
42022040	
42022041	
42022042	
42022043	
42022044	
42022045	
42022046	
42022047	
42022048	
42022049	
42022050	
42022051	
42022052	
42022053	
42022054	
42022055	
42022056	
42022057	
42022058	
42022059	
42022060	
42022061	
42022062	
42022063	
42022064	
42022065	
42022066	
42022067	
42022068	
42022069	
42022070	
42022071	
42023001	
42023002	
42023003	
42023004	
42023005	
42023006	
42023007	
42023008	
42023009	
42023010	
42023011	
42023012	
42023013	
42023014	
42023015	
42023016	
42023017	
42023018	
42023019	
42023020	
42023021	
42023022	
42023023	
42023024	
42023025	
42023026	
42023027	
42023028	
42023029	
42023030	
42023031	
42023032	
42023033	
42023034	
42023035	
42023036	
42023037	
42023038	
42023039	
42023040	
42023041	
42023042	
42023043	
42023044	
42023045	
42023046	
42023047	
42023048	
42023049	
42023050	
42023051	
42023052	
42023053	
42023054	
42023055	
42023056	
42024001	
42024002	
42024003	
42024004	
42024005	
42024006	
42024007	
42024008	
42024009	
42024010	
42024011	
42024012	
42024013	
42024014	
42024015	
42024016	
42024017	
42024018	
42024019	
42024020	
42024021	
42024022	
42024023	
42024024	
42024025	
42024026	
42024027	
42024028	
42024029	
42024030	
42024031	
42024032	
42024033	
42024034	
42024035	
42024036	
42024037	
42024038	
42024039	
42024040	
42024041	
42024042	
42024043	
42024044	
42024045	
42024046	
42024047	
42024048	
42024049	
42024050	
42024051	
42024052	
42024053	
46001001	
46001002	
46001003	
46001004	
46001005	
46001006	
46001007	
46001008	
46001009	
46001010	
46001011	
46001012	
46001013	
46001014	
46001015	
46001016	
46001017	
46001018	
46001019	
46001020	
46001021	
46001022	
46001023	
46001024	
46001025	
46001026	
46001027	
46001028	
46001029	
46001030	
46001031	
46002001	
46002002	
46002003	
46002004	
46002005	
46002006	
46002007	
46002008	
46002009	
46002010	
46002011	
46002012	
46002013	
46002014	
46002015	
46002016	
46003001	
46003002	
46003003	
46003004	
46003005	
46003006	
46003007	
46003008	
46003009	
46003010	
46003011	
46003012	
46003013	
46003014	
46003015	
46003016	
46003017	
46003018	
46003019	
46003020	
46003021	
46003022	
46003023	
46004001	
46004002	
46004003	
46004004	
46004005	
46004006	
46004007	
46004008	
46004009	
46004010	
46004011	
46004012	
46004013	
46004014	
46004015	
46004016	
46004017	
46004018	
46004019	
46004020	
46004021	
46005001	
46005002	
46005003	
46005004	
46005005	
46005006	
46005007	
46005008	
46005009	
46005010	
46005011	
46005012	
46005013	
46006001	
46006002	
46006003	
46006004	
46006005	
46006006	
46006007	
46006008	
46006009	
46006010	
46006011	
46006012	
46006013	
46006014	
46006015	
46006016	
46006017	
46006018	
46006019	
46006020	
46007001	
46007002	
46007003	
46007004	
46007005	
46007006	
46007007	
46007008	
46007009	
46007010	
46007011	
46007012	
46007013	
46007014	
46007015	
46007016	
46007017	
46007018	
46007019	
46007020	
46007021	
46007022	
46007023	
46007024	
46007025	
46007026	
46007027	
46007028	
46007029	
46007030	
46007031	
46007032	
46007033	
46007034	
46007035	
46007036	
46007037	
46007038	
46007039	
46007040	
46008001	
46008002	
46008003	
46008004	
46008005	
46008006	
46008007	
46008008	
46008009	
46008010	
46008011	
46008012	
46008013	
46009001	
46009002	
46009003	
46009004	
46009005	
46009006	
46009007	
46009008	
46009009	
46009010	
46009011	
46009012	
46009013	
46009014	
46009015	
46009016	
46009017	
46009018	
46009019	
46009020	
46009021	
46009022	
46009023	
46009024	
46009025	
46009026	
46009027	
46010001	
46010002	
46010003	
46010004	
46010005	
46010006	
46010007	
46010008	
46010009	
46010010	
46010011	
46010012	
46010013	
46010014	
46010015	
46010016	
46010017	
46010018	
46010019	
46010020	
46010021	
46010022	
46010023	
46010024	
46010025	
46010026	
46010027	
46010028	
46010029	
46010030	
46010031	
46010032	
46010033	
46011001	
46011002	
46011003	
46011004	
46011005	
46011006	
46011007	
46011008	
46011009	
46011010	
46011011	
46011012	
46011013	
46011014	
46011015	
46011016	
46011017	
46011018	
46011019	
46011020	
46011021	
46011022	
46011023	
46011024	
46011025	
46011026	
46011027	
46011028	
46011029	
46011030	
46011031	
46011032	
46011033	
46011034	
46012001	
46012002	
46012003	
46012004	
46012005	
46012006	
46012007	
46012008	
46012009	
46012010	
46012011	
46012012	
46012013	
46012014	
46012015	
46012016	
46012017	
46012018	
46012019	
46012020	
46012021	
46012022	
46012023	
46012024	
46012025	
46012026	
46012027	
46012028	
46012029	
46012030	
46012031	
46013001	
46013002	
46013003	
46013004	
46013005	
46013006	
46013007	
46013008	
46013009	
46013010	
46013011	
46013012	
46013013	
46014001	
46014002	
46014003	
46014004	
46014005	
46014006	
46014007	
46014008	
46014009	
46014010	
46014011	
46014012	
46014013	
46014014	
46014015	
46014016	
46014017	
46014018	
46014019	
46014020	
46014021	
46014022	
46014023	
46014024	
46014025	
46014026	
46014027	
46014028	
46014029	
46014030	
46014031	
46014032	
46014033	
46014034	
46014035	
46014036	
46014037	
46014038	
46014039	
46014040	
46015001	
46015002	
46015003	
46015004	
46015005	
46015006	
46015007	
46015008	
46015009	
46015010	
46015011	
46015012	
46015013	
46015014	
46015015	
46015016	
46015017	
46015018	
46015019	
46015020	
46015021	
46015022	
46015023	
46015024	
46015025	
46015026	
46015027	
46015028	
46015029	
46015030	
46015031	
46015032	
46015033	
46015034	
46015035	
46015036	
46015037	
46015038	
46015039	
46015040	
46015041	
46015042	
46015043	
46015044	
46015045	
46015046	
46015047	
46015048	
46015049	
46015050	
46015051	
46015052	
46015053	
46015054	
46015055	
46015056	
46015057	
46015058	
46016001	
46016002	
46016003	
46016004	
46016005	
46016006	
46016007	
46016008	
46016009	
46016010	
46016011	
46016012	
46016013	
46016014	
46016015	
46016016	
46016017	
46016018	
46016019	
46016020	
46016021	
46016022	
46016023	
46016024	
47001001	
47001002	
47001003	
47001004	
47001005	
47001006	
47001007	
47001008	
47001009	
47001010	
47001011	
47001012	
47001013	
47001014	
47001015	
47001016	
47001017	
47001018	
47001019	
47001020	
47001021	
47001022	
47001023	
47001024	
47002001	
47002002	
47002003	
47002004	
47002005	
47002006	
47002007	
47002008	
47002009	
47002010	
47002011	
47002012	
47002013	
47002014	
47002015	
47002016	
47002017	
47003001	
47003002	
47003003	
47003004	
47003005	
47003006	
47003007	
47003008	
47003009	
47003010	
47003011	
47003012	
47003013	
47003014	
47003015	
47003016	
47003017	
47003018	
47004001	
47004002	
47004003	
47004004	
47004005	
47004006	
47004007	
47004008	
47004009	
47004010	
47004011	
47004012	
47004013	
47004014	
47004015	
47004016	
47004017	
47004018	
47005001	
47005002	
47005003	
47005004	
47005005	
47005006	
47005007	
47005008	
47005009	
47005010	
47005011	
47005012	
47005013	
47005014	
47005015	
47005016	
47005017	
47005018	
47005019	
47005020	
47005021	
47006001	
47006002	
47006003	
47006004	
47006005	
47006006	
47006007	
47006008	
47006009	
47006010	
47006011	
47006012	
47006013	
47006014	
47006015	
47006016	
47006017	
47006018	
47007001	
47007002	
47007003	
47007004	
47007005	
47007006	
47007007	
47007008	
47007009	
47007010	
47007011	
47007012	
47007013	
47007014	
47007015	
47007016	
47008001	
47008002	
47008003	
47008004	
47008005	
47008006	
47008007	
47008008	
47008009	
47008010	
47008011	
47008012	
47008013	
47008014	
47008015	
47008016	
47008017	
47008018	
47008019	
47008020	
47008021	
47008022	
47008023	
47008024	
47009001	
47009002	
47009003	
47009004	
47009005	
47009006	
47009007	
47009008	
47009009	
47009010	
47009011	
47009012	
47009013	
47009014	
47009015	
47010001	
47010002	
47010003	
47010004	
47010005	
47010006	
47010007	
47010008	
47010009	
47010010	
47010011	
47010012	
47010013	
47010014	
47010015	
47010016	
47010017	
47010018	
47011001	
47011002	
47011003	
47011004	
47011005	
47011006	
47011007	
47011008	
47011009	
47011010	
47011011	
47011012	
47011013	
47011014	
47011015	
47011016	
47011017	
47011018	
47011019	
47011020	
47011021	
47011022	
47011023	
47011024	
47011025	
47011026	
47011027	
47011028	
47011029	
47011030	
47011031	
47011032	
47011033	
47012001	
47012002	
47012003	
47012004	
47012005	
47012006	
47012007	
47012008	
47012009	
47012010	
47012011	
47012012	
47012013	
47012014	
47012015	
47012016	
47012017	
47012018	
47012019	
47012020	
47012021	
47013001	
47013002	
47013003	
47013004	
47013005	
47013006	
47013007	
47013008	
47013009	
47013010	
47013011	
47013012	
47013013	
47013014	
50001001	
50001002	
50001003	
50001004	
50001005	
50001006	
50001007	
50001008	
50001009	
50001010	
50001011	
50001012	
50001013	
50001014	
50001015	
50001016	
50001017	
50001018	
50001019	
50001020	
50001021	
50001022	
50001023	
50001024	
50001025	
50001026	
50001027	
50001028	
50001029	
50001030	
50002001	
50002002	
50002003	
50002004	
50002005	
50002006	
50002007	
50002008	
50002009	
50002010	
50002011	
50002012	
50002013	
50002014	
50002015	
50002016	
50002017	
50002018	
50002019	
50002020	
50002021	
50002022	
50002023	
50002024	
50002025	
50002026	
50002027	
50002028	
50002029	
50002030	
50003001	
50003002	
50003003	
50003004	
50003005	
50003006	
50003007	
50003008	
50003009	
50003010	
50003011	
50003012	
50003013	
50003014	
50003015	
50003016	
50003017	
50003018	
50003019	
50003020	
50003021	
50004001	
50004002	
50004003	
50004004	
50004005	
50004006	
50004007	
50004008	
50004009	
50004010	
50004011	
50004012	
50004013	
50004014	
50004015	
50004016	
50004017	
50004018	
50004019	
50004020	
50004021	
50004022	
50004023	
51001001	
51001002	
51001003	
51001004	
51001005	
51001006	
51001007	
51001008	
51001009	
51001010	
51001011	
51001012	
51001013	
51001014	
51001015	
51001016	
51001017	
51001018	
51001019	
51001020	
51001021	
51001022	
51001023	
51001024	
51001025	
51001026	
51001027	
51001028	
51001029	
51002001	
51002002	
51002003	
51002004	
51002005	
51002006	
51002007	
51002008	
51002009	
51002010	
51002011	
51002012	
51002013	
51002014	
51002015	
51002016	
51002017	
51002018	
51002019	
51002020	
51002021	
51002022	
51002023	
51003001	
51003002	
51003003	
51003004	
51003005	
51003006	
51003007	
51003008	
51003009	
51003010	
51003011	
51003012	
51003013	
51003014	
51003015	
51003016	
51003017	
51003018	
51003019	
51003020	
51003021	
51003022	
51003023	
51003024	
51003025	
51004001	
51004002	
51004003	
51004004	
51004005	
51004006	
51004007	
51004008	
51004009	
51004010	
51004011	
51004012	
51004013	
51004014	
51004015	
51004016	
51004017	
51004018	
52001001	
52001002	
52001003	
52001004	
52001005	
52001006	
52001007	
52001008	
52001009	
52001010	
52002001	
52002002	
52002003	
52002004	
52002005	
52002006	
52002007	
52002008	
52002009	
52002010	
52002011	
52002012	
52002013	
52002014	
52002015	
52002016	
52002017	
52002018	
52002019	
52002020	
52003001	
52003002	
52003003	
52003004	
52003005	
52003006	
52003007	
52003008	
52003009	
52003010	
52003011	
52003012	
52003013	
52004001	
52004002	
52004003	
52004004	
52004005	
52004006	
52004007	
52004008	
52004009	
52004010	
52004011	
52004012	
52004013	
52004014	
52004015	
52004016	
52004017	
52004018	
52005001	
52005002	
52005003	
52005004	
52005005	
52005006	
52005007	
52005008	
52005009	
52005010	
52005011	
52005012	
52005013	
52005014	
52005015	
52005016	
52005017	
52005018	
52005019	
52005020	
52005021	
52005022	
52005023	
52005024	
52005025	
52005026	
52005027	
52005028	
53001001	
53001002	
53001003	
53001004	
53001005	
53001006	
53001007	
53001008	
53001009	
53001010	
53001011	
53001012	
53002001	
53002002	
53002003	
53002004	
53002005	
53002006	
53002007	
53002008	
53002009	
53002010	
53002011	
53002012	
53002013	
53002014	
53002015	
53002016	
53002017	
53003001	
53003002	
53003003	
53003004	
53003005	
53003006	
53003007	
53003008	
53003009	
53003010	
53003011	
53003012	
53003013	
53003014	
53003015	
53003016	
53003017	
53003018	
54001001	
54001002	
54001003	
54001004	
54001005	
54001006	
54001007	
54001008	
54001009	
54001010	
54001011	
54001012	
54001013	
54001014	
54001015	
54001016	
54001017	
54001018	
54001019	
54001020	
54002001	
54002002	
54002003	
54002004	
54002005	
54002006	
54002007	
54002008	
54002009	
54002010	
54002011	
54002012	
54002013	
54002014	
54002015	
54003001	
54003002	
54003003	
54003004	
54003005	
54003006	
54003007	
54003008	
54003009	
54003010	
54003011	
54003012	
54003013	
54003014	
54003015	
54003016	
54004001	
54004002	
54004003	
54004004	
54004005	
54004006	
54004007	
54004008	
54004009	
54004010	
54004011	
54004012	
54004013	
54004014	
54004015	
54004016	
54005001	
54005002	
54005003	
54005004	
54005005	
54005006	
54005007	
54005008	
54005009	
54005010	
54005011	
54005012	
54005013	
54005014	
54005015	
54005016	
54005017	
54005018	
54005019	
54005020	
54005021	
54005022	
54005023	
54005024	
54005025	
54006001	
54006002	
54006003	
54006004	
54006005	
54006006	
54006007	
54006008	
54006009	
54006010	
54006011	
54006012	
54006013	
54006014	
54006015	
54006016	
54006017	
54006018	
54006019	
54006020	
54006021	
55001001	
55001002	
55001003	
55001004	
55001005	
55001006	
55001007	
55001008	
55001009	
55001010	
55001011	
55001012	
55001013	
55001014	
55001015	
55001016	
55001017	
55001018	
55002001	
55002002	
55002003	
55002004	
55002005	
55002006	
55002007	
55002008	
55002009	
55002010	
55002011	
55002012	
55002013	
55002014	
55002015	
55002016	
55002017	
55002018	
55002019	
55002020	
55002021	
55002022	
55002023	
55002024	
55002025	
55002026	
55003001	
55003002	
55003003	
55003004	
55003005	
55003006	
55003007	
55003008	
55003009	
55003010	
55003011	
55003012	
55003013	
55003014	
55003015	
55003016	
55003017	
55004001	
55004002	
55004003	
55004004	
55004005	
55004006	
55004007	
55004008	
55004009	
55004010	
55004011	
55004012	
55004013	
55004014	
55004015	
55004016	
55004017	
55004018	
55004019	
55004020	
55004021	
55004022	
56001001	
56001002	
56001003	
56001004	
56001005	
56001006	
56001007	
56001008	
56001009	
56001010	
56001011	
56001012	
56001013	
56001014	
56001015	
56001016	
56002001	
56002002	
56002003	
56002004	
56002005	
56002006	
56002007	
56002008	
56002009	
56002010	
56002011	
56002012	
56002013	
56002014	
56002015	
56003001	
56003002	
56003003	
56003004	
56003005	
56003006	
56003007	
56003008	
56003009	
56003010	
56003011	
56003012	
56003013	
56003014	
56003015	
57001001	
57001002	
57001003	
57001004	
57001005	
57001006	
57001007	
57001008	
57001009	
57001010	
57001011	
57001012	
57001013	
57001014	
57001015	
57001016	
57001017	
57001018	
57001019	
57001020	
57001021	
57001022	
57001023	
57001024	
57001025	
60001001	
60001002	
60001003	
60001004	
60001005	
60001006	
60001007	
60001008	
60001009	
60001010	
60001011	
60001012	
60001013	
60001014	
60001015	
60001016	
60001017	
60001018	
60001019	
60001020	
60001021	
60001022	
60001023	
60001024	
60001025	
60002001	
60002002	
60002003	
60002004	
60002005	
60002006	
60002007	
60002008	
60002009	
60002010	
60002011	
60002012	
60002013	
60002014	
60002015	
60002016	
60002017	
60002018	
60002019	
60002020	
60002021	
60002022	
60002023	
60002024	
60002025	
60003001	
60003002	
60003003	
60003004	
60003005	
60003006	
60003007	
60003008	
60003009	
60003010	
60003011	
60003012	
60003013	
60003014	
60003015	
60003016	
60003017	
60003018	
60003019	
60003020	
60003021	
60003022	
60004001	
60004002	
60004003	
60004004	
60004005	
60004006	
60004007	
60004008	
60004009	
60004010	
60004011	
60004012	
60004013	
60004014	
60004015	
60004016	
60004017	
60004018	
60004019	
60005001	
60005002	
60005003	
60005004	
60005005	
60005006	
60005007	
60005008	
60005009	
60005010	
60005011	
60005012	
60005013	
60005014	
61001001	
61001002	
61001003	
61001004	
61001005	
61001006	
61001007	
61001008	
61001009	
61001010	
61001011	
61001012	
61001013	
61001014	
61001015	
61001016	
61001017	
61001018	
61001019	
61001020	
61001021	
61002001	
61002002	
61002003	
61002004	
61002005	
61002006	
61002007	
61002008	
61002009	
61002010	
61002011	
61002012	
61002013	
61002014	
61002015	
61002016	
61002017	
61002018	
61002019	
61002020	
61002021	
61002022	
61003001	
61003002	
61003003	
61003004	
61003005	
61003006	
61003007	
61003008	
61003009	
61003010	
61003011	
61003012	
61003013	
61003014	
61003015	
61003016	
61003017	
61003018	
62001001	
62001002	
62001003	
62001004	
62001005	
62001006	
62001007	
62001008	
62001009	
62001010	
62002001	
62002002	
62002003	
62002004	
62002005	
62002006	
62002007	
62002008	
62002009	
62002010	
62002011	
62002012	
62002013	
62002014	
62002015	
62002016	
62002017	
62002018	
62002019	
62002020	
62002021	
62002022	
62002023	
62002024	
62002025	
62002026	
62002027	
62002028	
62002029	
62003001	
62003002	
62003003	
62003004	
62003005	
62003006	
62003007	
62003008	
62003009	
62003010	
62003011	
62003012	
62003013	
62003014	
62003015	
62003016	
62003017	
62003018	
62003019	
62003020	
62003021	
62003022	
62003023	
62003024	
62004001	
62004002	
62004003	
62004004	
62004005	
62004006	
62004007	
62004008	
62004009	
62004010	
62004011	
62004012	
62004013	
62004014	
62004015	
62004016	
62004017	
62004018	
62004019	
62004020	
62004021	
62005001	
62005002	
62005003	
62005004	
62005005	
62005006	
62005007	
62005008	
62005009	
62005010	
62005011	
62005012	
62005013	
62005014	
62005015	
62005016	
62005017	
62005018	
62005019	
62005020	
62005021	
63001001	
63001002	
63001003	
63001004	
63001005	
63001006	
63001007	
63001008	
63001009	
63001010	
63001011	
63001012	
63001013	
64001001	
64001002	
64001003	
64001004	
64001005	
64001006	
64001007	
64001008	
64001009	
64001010	
64001011	
64001012	
64001013	
64001014	
64001015	
65001001	
65001002	
65001003	
65001004	
65001005	
65001006	
65001007	
65001008	
65001009	
65001010	
65001011	
65001012	
65001013	
65001014	
65001015	
65001016	
65001017	
65001018	
65001019	
65001020	
65001021	
65001022	
65001023	
65001024	
65001025	
66001001	
66001002	
66001003	
66001004	
66001005	
66001006	
66001007	
66001008	
66001009	
66001010	
66001011	
66001012	
66001013	
66001014	
66001015	
66001016	
66001017	
66001018	
66001019	
66001020	
66002001	
66002002	
66002003	
66002004	
66002005	
66002006	
66002007	
66002008	
66002009	
66002010	
66002011	
66002012	
66002013	
66002014	
66002015	
66002016	
66002017	
66002018	
66002019	
66002020	
66002021	
66002022	
66002023	
66002024	
66002025	
66002026	
66002027	
66002028	
66002029	
66003001	
66003002	
66003003	
66003004	
66003005	
66003006	
66003007	
66003008	
66003009	
66003010	
66003011	
66003012	
66003013	
66003014	
66003015	
66003016	
66003017	
66003018	
66003019	
66003020	
66003021	
66003022	
66004001	
66004002	
66004003	
66004004	
66004005	
66004006	
66004007	
66004008	
66004009	
66004010	
66004011	
66005001	
66005002	
66005003	
66005004	
66005005	
66005006	
66005007	
66005008	
66005009	
66005010	
66005011	
66005012	
66005013	
66005014	
66006001	
66006002	
66006003	
66006004	
66006005	
66006006	
66006007	
66006008	
66006009	
66006010	
66006011	
66006012	
66006013	
66006014	
66006015	
66006016	
66006017	
66007001	
66007002	
66007003	
66007004	
66007005	
66007006	
66007007	
66007008	
66007009	
66007010	
66007011	
66007012	
66007013	
66007014	
66007015	
66007016	
66007017	
66008001	
66008002	
66008003	
66008004	
66008005	
66008006	
66008007	
66008008	
66008009	
66008010	
66008011	
66008012	
66008013	
66009001	
66009002	
66009003	
66009004	
66009005	
66009006	
66009007	
66009008	
66009009	
66009010	
66009011	
66009012	
66009013	
66009014	
66009015	
66009016	
66009017	
66009018	
66009019	
66009020	
66009021	
66010001	
66010002	
66010003	
66010004	
66010005	
66010006	
66010007	
66010008	
66010009	
66010010	
66010011	
66011001	
66011002	
66011003	
66011004	
66011005	
66011006	
66011007	
66011008	
66011009	
66011010	
66011011	
66011012	
66011013	
66011014	
66011015	
66011016	
66011017	
66011018	
66011019	
66012001	
66012002	
66012003	
66012004	
66012005	
66012006	
66012007	
66012008	
66012009	
66012010	
66012011	
66012012	
66012013	
66012014	
66012015	
66012016	
66012017	
66013001	
66013002	
66013003	
66013004	
66013005	
66013006	
66013007	
66013008	
66013009	
66013010	
66013011	
66013012	
66013013	
66013014	
66013015	
66013016	
66013017	
66013018	
66014001	
66014002	
66014003	
66014004	
66014005	
66014006	
66014007	
66014008	
66014009	
66014010	
66014011	
66014012	
66014013	
66014014	
66014015	
66014016	
66014017	
66014018	
66014019	
66014020	
66015001	
66015002	
66015003	
66015004	
66015005	
66015006	
66015007	
66015008	
66016001	
66016002	
66016003	
66016004	
66016005	
66016006	
66016007	
66016008	
66016009	
66016010	
66016011	
66016012	
66016013	
66016014	
66016015	
66016016	
66016017	
66016018	
66016019	
66016020	
66016021	
66017001	
66017002	
66017003	
66017004	
66017005	
66017006	
66017007	
66017008	
66017009	
66017010	
66017011	
66017012	
66017013	
66017014	
66017015	
66017016	
66017017	
66017018	
66018001	
66018002	
66018003	
66018004	
66018005	
66018006	
66018007	
66018008	
66018009	
66018010	
66018011	
66018012	
66018013	
66018014	
66018015	
66018016	
66018017	
66018018	
66018019	
66018020	
66018021	
66018022	
66018023	
66018024	
66019001	
66019002	
66019003	
66019004	
66019005	
66019006	
66019007	
66019008	
66019009	
66019010	
66019011	
66019012	
66019013	
66019014	
66019015	
66019016	
66019017	
66019018	
66019019	
66019020	
66019021	
66020001	
66020002	
66020003	
66020004	
66020005	
66020006	
66020007	
66020008	
66020009	
66020010	
66020011	
66020012	
66020013	
66020014	
66020015	
66021001	
66021002	
66021003	
66021004	
66021005	
66021006	
66021007	
66021008	
66021009	
66021010	
66021011	
66021012	
66021013	
66021014	
66021015	
66021016	
66021017	
66021018	
66021019	
66021020	
66021021	
66021022	
66021023	
66021024	
66021025	
66021026	
66021027	
66022001	
66022002	
66022003	
66022004	
66022005	
66022006	
66022007	
66022008	
66022009	
66022010	
66022011	
66022012	
66022013	
66022014	
66022015	
66022016	
66022017	
66022018	
66022019	
66022020	
66022021	
