19023001	
19023002	
19023003	
19023004	
19023005	
19023006	
19034010	
19062008	
19079013	
19095006	
19095007	
19100003	
19119176	
23040011	
23053006	
23055006	
26034006	
26034011	
26034012	
26034015	
40009036	
40011028	
41006034	
42015003	
42015004	
42015005	
42015006	
42019010	
43006037	
43010001	
43010002	
43010003	
43010004	
43010005	
43010006	
43010007	
43010008	
43010009	
43010010	
43010011	
43010012	
43010013	
43010014	
43010015	
43010016	
43010017	
43010018	
43010027	
43010028	
43010029	
43010030	
45005006	
45005008	
55003014	
58013020	
58013021	
60001007	
60001008	
60002021	
60002025	
62004019	
66004011	
