40001001	
40001002	
40001003	
40001004	
40001005	
40001006	
40001007	
40001008	
40001009	
40001010	
40001011	
40001012	
40001013	
40001014	
40001015	
40001016	
40001017	
40001018	
40001019	
40001020	
40001021	
40001022	
40001023	
40001024	
40001025	
40002001	
40002002	
40002003	
40002004	
40002005	
40002006	
40002007	
40002008	
40002009	
40002010	
40002011	
40002012	
40002013	
40002014	
40002015	
40002016	
40002017	
40002018	
40002019	
40002020	
40002021	
40002022	
40002023	
40003001	
40003002	
40003003	
40003004	
40003005	
40003006	
40003007	
40003008	
40003009	
40003010	
40003011	
40003012	
40003013	
40003014	
40003015	
40003016	
40003017	
40004001	
40004002	
40004003	
40004004	
40004005	
40004006	
40004007	
40004008	
40004009	
40004010	
40004011	
40004012	
40004013	
40004014	
40004015	
40004016	
40004017	
40004018	
40004019	
40004020	
40004021	
40004022	
40004023	
40004024	
40004025	
40005001	
40005002	
40005003	
40005004	
40005005	
40005006	
40005007	
40005008	
40005009	
40005010	
40005011	
40005012	
40005013	
40005014	
40005015	
40005016	
40005017	
40005018	
40005019	
40005020	
40005021	
40005022	
40005023	
40005024	
40005025	
40005026	
40005027	
40005028	
40005029	
40005030	
40005031	
40005032	
40005033	
40005034	
40005035	
40005036	
40005037	
40005038	
40005039	
40005040	
40005041	
40005042	
40005043	
40005044	
40005045	
40005046	
40005047	
40005048	
40006001	
40006002	
40006003	
40006004	
40006005	
40006006	
40006007	
40006008	
40006009	
40006010	
40006011	
40006012	
40006013	
40006014	
40006015	
40006016	
40006017	
40006018	
40006019	
40006020	
40006021	
40006022	
40006023	
40006024	
40006025	
40006026	
40006027	
40006028	
40006029	
40006030	
40006031	
40006032	
40006033	
40006034	
40007001	
40007002	
40007003	
40007004	
40007005	
40007006	
40007007	
40007008	
40007009	
40007010	
40007011	
40007012	
40007013	
40007014	
40007015	
40007016	
40007017	
40007018	
40007019	
40007020	
40007021	
40007022	
40007023	
40007024	
40007025	
40007026	
40007027	
40007028	
40007029	
40008001	
40008002	
40008003	
40008004	
40008005	
40008006	
40008007	
40008008	
40008009	
40008010	
40008011	
40008012	
40008013	
40008014	
40008015	
40008016	
40008017	
40008018	
40008019	
40008020	
40008021	
40008022	
40008023	
40008024	
40008025	
40008026	
40008027	
40008028	
40008029	
40008030	
40008031	
40008032	
40008033	
40008034	
40009001	
40009002	
40009003	
40009004	
40009005	
40009006	
40009007	
40009008	
40009009	
40009010	
40009011	
40009012	
40009013	
40009014	
40009015	
40009016	
40009017	
40009018	
40009019	
40009020	
40009021	
40009022	
40009023	
40009024	
40009025	
40009026	
40009027	
40009028	
40009029	
40009030	
40009031	
40009032	
40009033	
40009034	
40009035	
40009036	
40009037	
40009038	
40010001	
40010002	
40010003	
40010004	
40010005	
40010006	
40010007	
40010008	
40010009	
40010010	
40010011	
40010012	
40010013	
40010014	
40010015	
40010016	
40010017	
40010018	
40010019	
40010020	
40010021	
40010022	
40010023	
40010024	
40010025	
40010026	
40010027	
40010028	
40010029	
40010030	
40010031	
40010032	
40010033	
40010034	
40010035	
40010036	
40010037	
40010038	
40010039	
40010040	
40010041	
40010042	
40011001	
40011002	
40011003	
40011004	
40011005	
40011006	
40011007	
40011008	
40011009	
40011010	
40011011	
40011012	
40011013	
40011014	
40011015	
40011016	
40011017	
40011018	
40011019	
40011020	
40011021	
40011022	
40011023	
40011024	
40011025	
40011026	
40011027	
40011028	
40011029	
40011030	
40012001	
40012002	
40012003	
40012004	
40012005	
40012006	
40012007	
40012008	
40012009	
40012010	
40012011	
40012012	
40012013	
40012014	
40012015	
40012016	
40012017	
40012018	
40012019	
40012020	
40012021	
40012022	
40012023	
40012024	
40012025	
40012026	
40012027	
40012028	
40012029	
40012030	
40012031	
40012032	
40012033	
40012034	
40012035	
40012036	
40012037	
40012038	
40012039	
40012040	
40012041	
40012042	
40012043	
40012044	
40012045	
40012046	
40012047	
40012048	
40012049	
40012050	
40013001	
40013002	
40013003	
40013004	
40013005	
40013006	
40013007	
40013008	
40013009	
40013010	
40013011	
40013012	
40013013	
40013014	
40013015	
40013016	
40013017	
40013018	
40013019	
40013020	
40013021	
40013022	
40013023	
40013024	
40013025	
40013026	
40013027	
40013028	
40013029	
40013030	
40013031	
40013032	
40013033	
40013034	
40013035	
40013036	
40013037	
40013038	
40013039	
40013040	
40013041	
40013042	
40013043	
40013044	
40013045	
40013046	
40013047	
40013048	
40013049	
40013050	
40013051	
40013052	
40013053	
40013054	
40013055	
40013056	
40013057	
40013058	
40014001	
40014002	
40014003	
40014004	
40014005	
40014006	
40014007	
40014008	
40014009	
40014010	
40014011	
40014012	
40014013	
40014014	
40014015	
40014016	
40014017	
40014018	
40014019	
40014020	
40014021	
40014022	
40014023	
40014024	
40014025	
40014026	
40014027	
40014028	
40014029	
40014030	
40014031	
40014032	
40014033	
40014034	
40014035	
40014036	
40015001	
40015002	
40015003	
40015004	
40015005	
40015006	
40015007	
40015008	
40015009	
40015010	
40015011	
40015012	
40015013	
40015014	
40015015	
40015016	
40015017	
40015018	
40015019	
40015020	
40015021	
40015022	
40015023	
40015024	
40015025	
40015026	
40015027	
40015028	
40015029	
40015030	
40015031	
40015032	
40015033	
40015034	
40015035	
40015036	
40015037	
40015038	
40015039	
40016001	
40016002	
40016003	
40016004	
40016005	
40016006	
40016007	
40016008	
40016009	
40016010	
40016011	
40016012	
40016013	
40016014	
40016015	
40016016	
40016017	
40016018	
40016019	
40016020	
40016021	
40016022	
40016023	
40016024	
40016025	
40016026	
40016027	
40016028	
40017001	
40017002	
40017003	
40017004	
40017005	
40017006	
40017007	
40017008	
40017009	
40017010	
40017011	
40017012	
40017013	
40017014	
40017015	
40017016	
40017017	
40017018	
40017019	
40017020	
40017021	
40017022	
40017023	
40017024	
40017025	
40017026	
40017027	
40018001	
40018002	
40018003	
40018004	
40018005	
40018006	
40018007	
40018008	
40018009	
40018010	
40018011	
40018012	
40018013	
40018014	
40018015	
40018016	
40018017	
40018018	
40018019	
40018020	
40018021	
40018022	
40018023	
40018024	
40018025	
40018026	
40018027	
40018028	
40018029	
40018030	
40018031	
40018032	
40018033	
40018034	
40018035	
40019001	
40019002	
40019003	
40019004	
40019005	
40019006	
40019007	
40019008	
40019009	
40019010	
40019011	
40019012	
40019013	
40019014	
40019015	
40019016	
40019017	
40019018	
40019019	
40019020	
40019021	
40019022	
40019023	
40019024	
40019025	
40019026	
40019027	
40019028	
40019029	
40019030	
40020001	
40020002	
40020003	
40020004	
40020005	
40020006	
40020007	
40020008	
40020009	
40020010	
40020011	
40020012	
40020013	
40020014	
40020015	
40020016	
40020017	
40020018	
40020019	
40020020	
40020021	
40020022	
40020023	
40020024	
40020025	
40020026	
40020027	
40020028	
40020029	
40020030	
40020031	
40020032	
40020033	
40020034	
40021001	
40021002	
40021003	
40021004	
40021005	
40021006	
40021007	
40021008	
40021009	
40021010	
40021011	
40021012	
40021013	
40021014	
40021015	
40021016	
40021017	
40021018	
40021019	
40021020	
40021021	
40021022	
40021023	
40021024	
40021025	
40021026	
40021027	
40021028	
40021029	
40021030	
40021031	
40021032	
40021033	
40021034	
40021035	
40021036	
40021037	
40021038	
40021039	
40021040	
40021041	
40021042	
40021043	
40021044	
40021045	
40021046	
40022001	
40022002	
40022003	
40022004	
40022005	
40022006	
40022007	
40022008	
40022009	
40022010	
40022011	
40022012	
40022013	
40022014	
40022015	
40022016	
40022017	
40022018	
40022019	
40022020	
40022021	
40022022	
40022023	
40022024	
40022025	
40022026	
40022027	
40022028	
40022029	
40022030	
40022031	
40022032	
40022033	
40022034	
40022035	
40022036	
40022037	
40022038	
40022039	
40022040	
40022041	
40022042	
40022043	
40022044	
40022045	
40022046	
40023001	
40023002	
40023003	
40023004	
40023005	
40023006	
40023007	
40023008	
40023009	
40023010	
40023011	
40023012	
40023013	
40023014	
40023015	
40023016	
40023017	
40023018	
40023019	
40023020	
40023021	
40023022	
40023023	
40023024	
40023025	
40023026	
40023027	
40023028	
40023029	
40023030	
40023031	
40023032	
40023033	
40023034	
40023035	
40023036	
40023037	
40023038	
40023039	
40024001	
40024002	
40024003	
40024004	
40024005	
40024006	
40024007	
40024008	
40024009	
40024010	
40024011	
40024012	
40024013	
40024014	
40024015	
40024016	
40024017	
40024018	
40024019	
40024020	
40024021	
40024022	
40024023	
40024024	
40024025	
40024026	
40024027	
40024028	
40024029	
40024030	
40024031	
40024032	
40024033	
40024034	
40024035	
40024036	
40024037	
40024038	
40024039	
40024040	
40024041	
40024042	
40024043	
40024044	
40024045	
40024046	
40024047	
40024048	
40024049	
40024050	
40024051	
40025001	
40025002	
40025003	
40025004	
40025005	
40025006	
40025007	
40025008	
40025009	
40025010	
40025011	
40025012	
40025013	
40025014	
40025015	
40025016	
40025017	
40025018	
40025019	
40025020	
40025021	
40025022	
40025023	
40025024	
40025025	
40025026	
40025027	
40025028	
40025029	
40025030	
40025031	
40025032	
40025033	
40025034	
40025035	
40025036	
40025037	
40025038	
40025039	
40025040	
40025041	
40025042	
40025043	
40025044	
40025045	
40025046	
40026001	
40026002	
40026003	
40026004	
40026005	
40026006	
40026007	
40026008	
40026009	
40026010	
40026011	
40026012	
40026013	
40026014	
40026015	
40026016	
40026017	
40026018	
40026019	
40026020	
40026021	
40026022	
40026023	
40026024	
40026025	
40026026	
40026027	
40026028	
40026029	
40026030	
40026031	
40026032	
40026033	
40026034	
40026035	
40026036	
40026037	
40026038	
40026039	
40026040	
40026041	
40026042	
40026043	
40026044	
40026045	
40026046	
40026047	
40026048	
40026049	
40026050	
40026051	
40026052	
40026053	
40026054	
40026055	
40026056	
40026057	
40026058	
40026059	
40026060	
40026061	
40026062	
40026063	
40026064	
40026065	
40026066	
40026067	
40026068	
40026069	
40026070	
40026071	
40026072	
40026073	
40026074	
40026075	
40027001	
40027002	
40027003	
40027004	
40027005	
40027006	
40027007	
40027008	
40027009	
40027010	
40027011	
40027012	
40027013	
40027014	
40027015	
40027016	
40027017	
40027018	
40027019	
40027020	
40027021	
40027022	
40027023	
40027024	
40027025	
40027026	
40027027	
40027028	
40027029	
40027030	
40027031	
40027032	
40027033	
40027034	
40027035	
40027036	
40027037	
40027038	
40027039	
40027040	
40027041	
40027042	
40027043	
40027044	
40027045	
40027046	
40027047	
40027048	
40027049	
40027050	
40027051	
40027052	
40027053	
40027054	
40027055	
40027056	
40027057	
40027058	
40027059	
40027060	
40027061	
40027062	
40027063	
40027064	
40027065	
40027066	
40028001	
40028002	
40028003	
40028004	
40028005	
40028006	
40028007	
40028008	
40028009	
40028010	
40028011	
40028012	
40028013	
40028014	
40028015	
40028016	
40028017	
40028018	
40028019	
40028020	
41001001	
41001002	
41001003	
41001004	
41001005	
41001006	
41001007	
41001008	
41001009	
41001010	
41001011	
41001012	
41001013	
41001014	
41001015	
41001016	
41001017	
41001018	
41001019	
41001020	
41001021	
41001022	
41001023	
41001024	
41001025	
41001026	
41001027	
41001028	
41001029	
41001030	
41001031	
41001032	
41001033	
41001034	
41001035	
41001036	
41001037	
41001038	
41001039	
41001040	
41001041	
41001042	
41001043	
41001044	
41001045	
41002001	
41002002	
41002003	
41002004	
41002005	
41002006	
41002007	
41002008	
41002009	
41002010	
41002011	
41002012	
41002013	
41002014	
41002015	
41002016	
41002017	
41002018	
41002019	
41002020	
41002021	
41002022	
41002023	
41002024	
41002025	
41002026	
41002027	
41002028	
41003001	
41003002	
41003003	
41003004	
41003005	
41003006	
41003007	
41003008	
41003009	
41003010	
41003011	
41003012	
41003013	
41003014	
41003015	
41003016	
41003017	
41003018	
41003019	
41003020	
41003021	
41003022	
41003023	
41003024	
41003025	
41003026	
41003027	
41003028	
41003029	
41003030	
41003031	
41003032	
41003033	
41003034	
41003035	
41004001	
41004002	
41004003	
41004004	
41004005	
41004006	
41004007	
41004008	
41004009	
41004010	
41004011	
41004012	
41004013	
41004014	
41004015	
41004016	
41004017	
41004018	
41004019	
41004020	
41004021	
41004022	
41004023	
41004024	
41004025	
41004026	
41004027	
41004028	
41004029	
41004030	
41004031	
41004032	
41004033	
41004034	
41004035	
41004036	
41004037	
41004038	
41004039	
41004040	
41004041	
41005001	
41005002	
41005003	
41005004	
41005005	
41005006	
41005007	
41005008	
41005009	
41005010	
41005011	
41005012	
41005013	
41005014	
41005015	
41005016	
41005017	
41005018	
41005019	
41005020	
41005021	
41005022	
41005023	
41005024	
41005025	
41005026	
41005027	
41005028	
41005029	
41005030	
41005031	
41005032	
41005033	
41005034	
41005035	
41005036	
41005037	
41005038	
41005039	
41005040	
41005041	
41005042	
41005043	
41006001	
41006002	
41006003	
41006004	
41006005	
41006006	
41006007	
41006008	
41006009	
41006010	
41006011	
41006012	
41006013	
41006014	
41006015	
41006016	
41006017	
41006018	
41006019	
41006020	
41006021	
41006022	
41006023	
41006024	
41006025	
41006026	
41006027	
41006028	
41006029	
41006030	
41006031	
41006032	
41006033	
41006034	
41006035	
41006036	
41006037	
41006038	
41006039	
41006040	
41006041	
41006042	
41006043	
41006044	
41006045	
41006046	
41006047	
41006048	
41006049	
41006050	
41006051	
41006052	
41006053	
41006054	
41006055	
41006056	
41007001	
41007002	
41007003	
41007004	
41007005	
41007006	
41007007	
41007008	
41007009	
41007010	
41007011	
41007012	
41007013	
41007014	
41007015	
41007016	
41007017	
41007018	
41007019	
41007020	
41007021	
41007022	
41007023	
41007024	
41007025	
41007026	
41007027	
41007028	
41007029	
41007030	
41007031	
41007032	
41007033	
41007034	
41007035	
41007036	
41007037	
41008001	
41008002	
41008003	
41008004	
41008005	
41008006	
41008007	
41008008	
41008009	
41008010	
41008011	
41008012	
41008013	
41008014	
41008015	
41008016	
41008017	
41008018	
41008019	
41008020	
41008021	
41008022	
41008023	
41008024	
41008025	
41008026	
41008027	
41008028	
41008029	
41008030	
41008031	
41008032	
41008033	
41008034	
41008035	
41008036	
41008037	
41008038	
41009001	
41009002	
41009003	
41009004	
41009005	
41009006	
41009007	
41009008	
41009009	
41009010	
41009011	
41009012	
41009013	
41009014	
41009015	
41009016	
41009017	
41009018	
41009019	
41009020	
41009021	
41009022	
41009023	
41009024	
41009025	
41009026	
41009027	
41009028	
41009029	
41009030	
41009031	
41009032	
41009033	
41009034	
41009035	
41009036	
41009037	
41009038	
41009039	
41009040	
41009041	
41009042	
41009043	
41009044	
41009045	
41009046	
41009047	
41009048	
41009049	
41009050	
41010001	
41010002	
41010003	
41010004	
41010005	
41010006	
41010007	
41010008	
41010009	
41010010	
41010011	
41010012	
41010013	
41010014	
41010015	
41010016	
41010017	
41010018	
41010019	
41010020	
41010021	
41010022	
41010023	
41010024	
41010025	
41010026	
41010027	
41010028	
41010029	
41010030	
41010031	
41010032	
41010033	
41010034	
41010035	
41010036	
41010037	
41010038	
41010039	
41010040	
41010041	
41010042	
41010043	
41010044	
41010045	
41010046	
41010047	
41010048	
41010049	
41010050	
41010051	
41010052	
41011001	
41011002	
41011003	
41011004	
41011005	
41011006	
41011007	
41011008	
41011009	
41011010	
41011011	
41011012	
41011013	
41011014	
41011015	
41011016	
41011017	
41011018	
41011019	
41011020	
41011021	
41011022	
41011023	
41011024	
41011025	
41011026	
41011027	
41011028	
41011029	
41011030	
41011031	
41011032	
41011033	
41012001	
41012002	
41012003	
41012004	
41012005	
41012006	
41012007	
41012008	
41012009	
41012010	
41012011	
41012012	
41012013	
41012014	
41012015	
41012016	
41012017	
41012018	
41012019	
41012020	
41012021	
41012022	
41012023	
41012024	
41012025	
41012026	
41012027	
41012028	
41012029	
41012030	
41012031	
41012032	
41012033	
41012034	
41012035	
41012036	
41012037	
41012038	
41012039	
41012040	
41012041	
41012042	
41012043	
41012044	
41013001	
41013002	
41013003	
41013004	
41013005	
41013006	
41013007	
41013008	
41013009	
41013010	
41013011	
41013012	
41013013	
41013014	
41013015	
41013016	
41013017	
41013018	
41013019	
41013020	
41013021	
41013022	
41013023	
41013024	
41013025	
41013026	
41013027	
41013028	
41013029	
41013030	
41013031	
41013032	
41013033	
41013034	
41013035	
41013036	
41013037	
41014001	
41014002	
41014003	
41014004	
41014005	
41014006	
41014007	
41014008	
41014009	
41014010	
41014011	
41014012	
41014013	
41014014	
41014015	
41014016	
41014017	
41014018	
41014019	
41014020	
41014021	
41014022	
41014023	
41014024	
41014025	
41014026	
41014027	
41014028	
41014029	
41014030	
41014031	
41014032	
41014033	
41014034	
41014035	
41014036	
41014037	
41014038	
41014039	
41014040	
41014041	
41014042	
41014043	
41014044	
41014045	
41014046	
41014047	
41014048	
41014049	
41014050	
41014051	
41014052	
41014053	
41014054	
41014055	
41014056	
41014057	
41014058	
41014059	
41014060	
41014061	
41014062	
41014063	
41014064	
41014065	
41014066	
41014067	
41014068	
41014069	
41014070	
41014071	
41014072	
41015001	
41015002	
41015003	
41015004	
41015005	
41015006	
41015007	
41015008	
41015009	
41015010	
41015011	
41015012	
41015013	
41015014	
41015015	
41015016	
41015017	
41015018	
41015019	
41015020	
41015021	
41015022	
41015023	
41015024	
41015025	
41015026	
41015027	
41015028	
41015029	
41015030	
41015031	
41015032	
41015033	
41015034	
41015035	
41015036	
41015037	
41015038	
41015039	
41015040	
41015041	
41015042	
41015043	
41015044	
41015045	
41015046	
41015047	
41016001	
41016002	
41016003	
41016004	
41016005	
41016006	
41016007	
41016008	
41016009	
41016010	
41016011	
41016012	
41016013	
41016014	
41016015	
41016016	
41016017	
41016018	
41016019	
41016020	
44001001	
44001002	
44001003	
44001004	
44001005	
44001006	
44001007	
44001008	
44001009	
44001010	
44001011	
44001012	
44001013	
44001014	
44001015	
44001016	
44001017	
44001018	
44001019	
44001020	
44001021	
44001022	
44001023	
44001024	
44001025	
44001026	
44002001	
44002002	
44002003	
44002004	
44002005	
44002006	
44002007	
44002008	
44002009	
44002010	
44002011	
44002012	
44002013	
44002014	
44002015	
44002016	
44002017	
44002018	
44002019	
44002020	
44002021	
44002022	
44002023	
44002024	
44002025	
44002026	
44002027	
44002028	
44002029	
44002030	
44002031	
44002032	
44002033	
44002034	
44002035	
44002036	
44002037	
44002038	
44002039	
44002040	
44002041	
44002042	
44002043	
44002044	
44002045	
44002046	
44002047	
44003001	
44003002	
44003003	
44003004	
44003005	
44003006	
44003007	
44003008	
44003009	
44003010	
44003011	
44003012	
44003013	
44003014	
44003015	
44003016	
44003017	
44003018	
44003019	
44003020	
44003021	
44003022	
44003023	
44003024	
44003025	
44003026	
44004001	
44004002	
44004003	
44004004	
44004005	
44004006	
44004007	
44004008	
44004009	
44004010	
44004011	
44004012	
44004013	
44004014	
44004015	
44004016	
44004017	
44004018	
44004019	
44004020	
44004021	
44004022	
44004023	
44004024	
44004025	
44004026	
44004027	
44004028	
44004029	
44004030	
44004031	
44004032	
44004033	
44004034	
44004035	
44004036	
44004037	
44005001	
44005002	
44005003	
44005004	
44005005	
44005006	
44005007	
44005008	
44005009	
44005010	
44005011	
44005012	
44005013	
44005014	
44005015	
44005016	
44005017	
44005018	
44005019	
44005020	
44005021	
44005022	
44005023	
44005024	
44005025	
44005026	
44005027	
44005028	
44005029	
44005030	
44005031	
44005032	
44005033	
44005034	
44005035	
44005036	
44005037	
44005038	
44005039	
44005040	
44005041	
44005042	
44006001	
44006002	
44006003	
44006004	
44006005	
44006006	
44006007	
44006008	
44006009	
44006010	
44006011	
44006012	
44006013	
44006014	
44006015	
44007001	
44007002	
44007003	
44007004	
44007005	
44007006	
44007007	
44007008	
44007009	
44007010	
44007011	
44007012	
44007013	
44007014	
44007015	
44007016	
44007017	
44007018	
44007019	
44007020	
44007021	
44007022	
44007023	
44007024	
44007025	
44007026	
44007027	
44007028	
44007029	
44007030	
44007031	
44007032	
44007033	
44007034	
44007035	
44007036	
44007037	
44007038	
44007039	
44007040	
44007041	
44007042	
44007043	
44007044	
44007045	
44007046	
44007047	
44007048	
44007049	
44007050	
44007051	
44007052	
44007053	
44007054	
44007055	
44007056	
44007057	
44007058	
44007059	
44007060	
44008001	
44008002	
44008003	
44008004	
44008005	
44008006	
44008007	
44008008	
44008009	
44008010	
44008011	
44008012	
44008013	
44008014	
44008015	
44008016	
44008017	
44008018	
44008019	
44008020	
44008021	
44008022	
44008023	
44008024	
44008025	
44008026	
44008027	
44008028	
44008029	
44008030	
44008031	
44008032	
44008033	
44008034	
44008035	
44008036	
44008037	
44008038	
44008039	
44008040	
44009001	
44009002	
44009003	
44009004	
44009005	
44009006	
44009007	
44009008	
44009009	
44009010	
44009011	
44009012	
44009013	
44009014	
44009015	
44009016	
44009017	
44009018	
44009019	
44009020	
44009021	
44009022	
44009023	
44009024	
44009025	
44009026	
44009027	
44009028	
44009029	
44009030	
44009031	
44009032	
44009033	
44009034	
44009035	
44009036	
44009037	
44009038	
44009039	
44009040	
44009041	
44009042	
44009043	
44010001	
44010002	
44010003	
44010004	
44010005	
44010006	
44010007	
44010008	
44010009	
44010010	
44010011	
44010012	
44010013	
44010014	
44010015	
44010016	
44010017	
44010018	
44010019	
44010020	
44010021	
44010022	
44010023	
44010024	
44010025	
44010026	
44010027	
44010028	
44010029	
44010030	
44010031	
44010032	
44010033	
44010034	
44010035	
44010036	
44010037	
44010038	
44010039	
44010040	
44010041	
44010042	
44010043	
44010044	
44010045	
44010046	
44010047	
44010048	
44011001	
44011002	
44011003	
44011004	
44011005	
44011006	
44011007	
44011008	
44011009	
44011010	
44011011	
44011012	
44011013	
44011014	
44011015	
44011016	
44011017	
44011018	
44011019	
44011020	
44011021	
44011022	
44011023	
44011024	
44011025	
44011026	
44011027	
44011028	
44011029	
44011030	
44012001	
44012002	
44012003	
44012004	
44012005	
44012006	
44012007	
44012008	
44012009	
44012010	
44012011	
44012012	
44012013	
44012014	
44012015	
44012016	
44012017	
44012018	
44012019	
44012020	
44012021	
44012022	
44012023	
44012024	
44012025	
44013001	
44013002	
44013003	
44013004	
44013005	
44013006	
44013007	
44013008	
44013009	
44013010	
44013011	
44013012	
44013013	
44013014	
44013015	
44013016	
44013017	
44013018	
44013019	
44013020	
44013021	
44013022	
44013023	
44013024	
44013025	
44013026	
44013027	
44013028	
44013029	
44013030	
44013031	
44013032	
44013033	
44013034	
44013035	
44013036	
44013037	
44013038	
44013039	
44013040	
44013041	
44013042	
44013043	
44013044	
44013045	
44013046	
44013047	
44013048	
44013049	
44013050	
44013051	
44013052	
44014001	
44014002	
44014003	
44014004	
44014005	
44014006	
44014007	
44014008	
44014009	
44014010	
44014011	
44014012	
44014013	
44014014	
44014015	
44014016	
44014017	
44014018	
44014019	
44014020	
44014021	
44014022	
44014023	
44014024	
44014025	
44014026	
44014027	
44014028	
44015001	
44015002	
44015003	
44015004	
44015005	
44015006	
44015007	
44015008	
44015009	
44015010	
44015011	
44015012	
44015013	
44015014	
44015015	
44015016	
44015017	
44015018	
44015019	
44015020	
44015021	
44015022	
44015023	
44015024	
44015025	
44015026	
44015027	
44015028	
44015029	
44015030	
44015031	
44015032	
44015033	
44015034	
44015035	
44015036	
44015037	
44015038	
44015039	
44015040	
44015041	
44016001	
44016002	
44016003	
44016004	
44016005	
44016006	
44016007	
44016008	
44016009	
44016010	
44016011	
44016012	
44016013	
44016014	
44016015	
44016016	
44016017	
44016018	
44016019	
44016020	
44016021	
44016022	
44016023	
44016024	
44016025	
44016026	
44016027	
44016028	
44016029	
44016030	
44016031	
44016032	
44016033	
44016034	
44016035	
44016036	
44016037	
44016038	
44016039	
44016040	
44017001	
44017002	
44017003	
44017004	
44017005	
44017006	
44017007	
44017008	
44017009	
44017010	
44017011	
44017012	
44017013	
44017014	
44017015	
44017016	
44017017	
44017018	
44017019	
44017020	
44017021	
44017022	
44017023	
44017024	
44017025	
44017026	
44017027	
44017028	
44017029	
44017030	
44017031	
44017032	
44017033	
44017034	
44018001	
44018002	
44018003	
44018004	
44018005	
44018006	
44018007	
44018008	
44018009	
44018010	
44018011	
44018012	
44018013	
44018014	
44018015	
44018016	
44018017	
44018018	
44018019	
44018020	
44018021	
44018022	
44018023	
44018024	
44018025	
44018026	
44018027	
44018028	
44019001	
44019002	
44019003	
44019004	
44019005	
44019006	
44019007	
44019008	
44019009	
44019010	
44019011	
44019012	
44019013	
44019014	
44019015	
44019016	
44019017	
44019018	
44019019	
44019020	
44019021	
44019022	
44019023	
44019024	
44019025	
44019026	
44019027	
44019028	
44019029	
44019030	
44019031	
44019032	
44019033	
44019034	
44019035	
44019036	
44019037	
44019038	
44019039	
44019040	
44019041	
44020001	
44020002	
44020003	
44020004	
44020005	
44020006	
44020007	
44020008	
44020009	
44020010	
44020011	
44020012	
44020013	
44020014	
44020015	
44020016	
44020017	
44020018	
44020019	
44020020	
44020021	
44020022	
44020023	
44020024	
44020025	
44020026	
44020027	
44020028	
44020029	
44020030	
44020031	
44020032	
44020033	
44020034	
44020035	
44020036	
44020037	
44020038	
44021001	
44021002	
44021003	
44021004	
44021005	
44021006	
44021007	
44021008	
44021009	
44021010	
44021011	
44021012	
44021013	
44021014	
44021015	
44021016	
44021017	
44021018	
44021019	
44021020	
44021021	
44021022	
44021023	
44021024	
44021025	
44021026	
44021027	
44021028	
44021029	
44021030	
44021031	
44021032	
44021033	
44021034	
44021035	
44021036	
44021037	
44021038	
44021039	
44021040	
44022001	
44022002	
44022003	
44022004	
44022005	
44022006	
44022007	
44022008	
44022009	
44022010	
44022011	
44022012	
44022013	
44022014	
44022015	
44022016	
44022017	
44022018	
44022019	
44022020	
44022021	
44022022	
44022023	
44022024	
44022025	
44022026	
44022027	
44022028	
44022029	
44022030	
44023001	
44023002	
44023003	
44023004	
44023005	
44023006	
44023007	
44023008	
44023009	
44023010	
44023011	
44023012	
44023013	
44023014	
44023015	
44023016	
44023017	
44023018	
44023019	
44023020	
44023021	
44023022	
44023023	
44023024	
44023025	
44023026	
44023027	
44023028	
44023029	
44023030	
44023031	
44023032	
44023033	
44023034	
44023035	
44024001	
44024002	
44024003	
44024004	
44024005	
44024006	
44024007	
44024008	
44024009	
44024010	
44024011	
44024012	
44024013	
44024014	
44024015	
44024016	
44024017	
44024018	
44024019	
44024020	
44024021	
44024022	
44024023	
44024024	
44024025	
44024026	
44024027	
44025001	
44025002	
44025003	
44025004	
44025005	
44025006	
44025007	
44025008	
44025009	
44025010	
44025011	
44025012	
44025013	
44025014	
44025015	
44025016	
44025017	
44025018	
44025019	
44025020	
44025021	
44025022	
44025023	
44025024	
44025025	
44025026	
44025027	
44026001	
44026002	
44026003	
44026004	
44026005	
44026006	
44026007	
44026008	
44026009	
44026010	
44026011	
44026012	
44026013	
44026014	
44026015	
44026016	
44026017	
44026018	
44026019	
44026020	
44026021	
44026022	
44026023	
44026024	
44026025	
44026026	
44026027	
44026028	
44026029	
44026030	
44026031	
44026032	
44027001	
44027002	
44027003	
44027004	
44027005	
44027006	
44027007	
44027008	
44027009	
44027010	
44027011	
44027012	
44027013	
44027014	
44027015	
44027016	
44027017	
44027018	
44027019	
44027020	
44027021	
44027022	
44027023	
44027024	
44027025	
44027026	
44027027	
44027028	
44027029	
44027030	
44027031	
44027032	
44027033	
44027034	
44027035	
44027036	
44027037	
44027038	
44027039	
44027040	
44027041	
44027042	
44027043	
44027044	
44028001	
44028002	
44028003	
44028004	
44028005	
44028006	
44028007	
44028008	
44028009	
44028010	
44028011	
44028012	
44028013	
44028014	
44028015	
44028016	
44028017	
44028018	
44028019	
44028020	
44028021	
44028022	
44028023	
44028024	
44028025	
44028026	
44028027	
44028028	
44028029	
44028030	
44028031	
