20001001	
20001002	
20001003	
20001004	
20001005	
20001006	
20001007	
20001008	
20001009	
20001010	
20001011	
20001012	
20001013	
20001014	
20001015	
20001016	
20001017	
20001018	
20001019	
20001020	
20001021	
20001022	
20001023	
20001024	
20001025	
20001026	
20001027	
20001028	
20001029	
20001030	
20001031	
20001032	
20001033	
20002001	
20002002	
20002003	
20002004	
20002005	
20002006	
20002007	
20002008	
20002009	
20002010	
20002011	
20002012	
20002013	
20002014	
20002015	
20002016	
20002017	
20002018	
20002019	
20002020	
20002021	
20002022	
20003001	
20003002	
20003003	
20003004	
20003005	
20003006	
20003007	
20003008	
20003009	
20003010	
20003011	
20003012	
20003013	
20003014	
20003015	
20003016	
20003017	
20003018	
20003019	
20003020	
20003021	
20003022	
20003023	
20003024	
20003025	
20003026	
20003027	
20003028	
20003029	
20003030	
20003031	
20003032	
20003033	
20003034	
20003035	
20004001	
20004002	
20004003	
20004004	
20004005	
20004006	
20004007	
20004008	
20004009	
20004010	
20004011	
20004012	
20004013	
20004014	
20004015	
20004016	
20004017	
20004018	
20004019	
20004020	
20004021	
20004022	
20004023	
20004024	
20004025	
20004026	
20004027	
20005001	
20005002	
20005003	
20005004	
20005005	
20005006	
20005007	
20005008	
20005009	
20005010	
20005011	
20005012	
20005013	
20005014	
20005015	
20005016	
20005017	
20005018	
20005019	
20005020	
20005021	
20005022	
20005023	
20006001	
20006002	
20006003	
20006004	
20006005	
20006006	
20006007	
20006008	
20006009	
20006010	
20006011	
20006012	
20006013	
20006014	
20006015	
20006016	
20006017	
20006018	
20006019	
20006020	
20006021	
20006022	
20006023	
20006024	
20006025	
20006026	
20006027	
20006028	
20006029	
20006030	
20006031	
20006032	
20006033	
20006034	
20006035	
20007001	
20007002	
20007003	
20007004	
20007005	
20007006	
20007007	
20007008	
20007009	
20007010	
20007011	
20007012	
20007013	
20007014	
20007015	
20007016	
20007017	
20007018	
20007019	
20007020	
20007021	
20007022	
20007023	
20007024	
20007025	
20007026	
20007027	
20008001	
20008002	
20008003	
20008004	
20008005	
20008006	
20008007	
20008008	
20008009	
20008010	
20008011	
20008012	
20008013	
20008014	
20008015	
20008016	
20008017	
20008018	
20008019	
20008020	
20008021	
20008022	
20008023	
20008024	
20008025	
20008026	
20008027	
20008028	
20008029	
20008030	
20008031	
20008032	
20008033	
20008034	
20008035	
20008036	
20009001	
20009002	
20009003	
20009004	
20009005	
20009006	
20009007	
20009008	
20009009	
20009010	
20009011	
20009012	
20009013	
20009014	
20009015	
20009016	
20009017	
20009018	
20010001	
20010002	
20010003	
20010004	
20010005	
20010006	
20010007	
20010008	
20010009	
20010010	
20010011	
20010012	
20010013	
20010014	
20010015	
20010016	
20010017	
20010018	
20010019	
20010020	
20010021	
20010022	
20010023	
20010024	
20010025	
20010026	
20010027	
20010028	
20010029	
20010030	
20010031	
20010032	
20011001	
20011002	
20011003	
20011004	
20011005	
20011006	
20011007	
20011008	
20011009	
20011010	
20011011	
20011012	
20011013	
20011014	
20011015	
20011016	
20011017	
20011018	
20011019	
20011020	
20011021	
20011022	
20011023	
20011024	
20011025	
20011026	
20011027	
20011028	
20011029	
20011030	
20011031	
20012001	
20012002	
20012003	
20012004	
20012005	
20012006	
20012007	
20012008	
20012009	
20012010	
20012011	
20012012	
20012013	
20012014	
20012015	
20012016	
20012017	
20012018	
20012019	
20012020	
20012021	
20012022	
20012023	
20012024	
20012025	
20012026	
20012027	
20012028	
20013001	
20013002	
20013003	
20013004	
20013005	
20013006	
20013007	
20013008	
20013009	
20013010	
20013011	
20013012	
20013013	
20013014	
20013015	
20013016	
20013017	
20013018	
20013019	
20013020	
20013021	
20013022	
20013023	
20013024	
20013025	
20014001	
20014002	
20014003	
20014004	
20014005	
20014006	
20014007	
20014008	
20014009	
20014010	
20014011	
20014012	
20014013	
20014014	
20014015	
20014016	
20014017	
20014018	
20014019	
20014020	
20014021	
20014022	
20014023	
20014024	
20014025	
20014026	
20014027	
20014028	
20014029	
20014030	
20014031	
20014032	
20014033	
20014034	
20014035	
20015001	
20015002	
20015003	
20015004	
20015005	
20015006	
20015007	
20015008	
20015009	
20015010	
20015011	
20015012	
20015013	
20015014	
20015015	
20015016	
20015017	
20015018	
20015019	
20015020	
20015021	
20015022	
20015023	
20015024	
20015025	
20015026	
20015027	
20015028	
20015029	
20015030	
20015031	
20015032	
20015033	
20016001	
20016002	
20016003	
20016004	
20016005	
20016006	
20016007	
20016008	
20016009	
20016010	
20016011	
20016012	
20016013	
20016014	
20016015	
20016016	
20016017	
20016018	
20016019	
20016020	
20016021	
20016022	
20016023	
20016024	
20016025	
20016026	
20016027	
20016028	
20016029	
20016030	
20016031	
20016032	
20016033	
20017001	
20017002	
20017003	
20017004	
20017005	
20017006	
20017007	
20017008	
20017009	
20017010	
20017011	
20017012	
20017013	
20017014	
20017015	
20017016	
20017017	
20017018	
20017019	
20017020	
20017021	
20017022	
20017023	
20017024	
20017025	
20017026	
20017027	
20017028	
20018001	
20018002	
20018003	
20018004	
20018005	
20018006	
20018007	
20018008	
20018009	
20018010	
20018011	
20018012	
20018013	
20018014	
20018015	
20018016	
20018017	
20018018	
20018019	
20018020	
20018021	
20018022	
20018023	
20018024	
20019001	
20019002	
20019003	
20019004	
20019005	
20019006	
20019007	
20019008	
20019009	
20019010	
20019011	
20019012	
20019013	
20019014	
20019015	
20019016	
20019017	
20019018	
20019019	
20019020	
20019021	
20019022	
20019023	
20019024	
20019025	
20019026	
20019027	
20019028	
20019029	
20020001	
20020002	
20020003	
20020004	
20020005	
20020006	
20020007	
20020008	
20020009	
20020010	
20020011	
20020012	
20020013	
20020014	
20020015	
20020016	
20020017	
20020018	
20020019	
20020020	
20020021	
20020022	
20020023	
20020024	
20020025	
20020026	
20020027	
20020028	
20020029	
20020030	
20021001	
20021002	
20021003	
20021004	
20021005	
20021006	
20021007	
20021008	
20021009	
20021010	
20021011	
20021012	
20021013	
20021014	
20021015	
20021016	
20021017	
20021018	
20021019	
20021020	
20021021	
20021022	
20021023	
20021024	
20021025	
20021026	
20021027	
20021028	
20021029	
20021030	
20021031	
20022001	
20022002	
20022003	
20022004	
20022005	
20022006	
20022007	
20022008	
20022009	
20022010	
20022011	
20022012	
20022013	
20022014	
20022015	
20022016	
20022017	
20022018	
20022019	
20022020	
20022021	
20022022	
20022023	
20022024	
20022025	
20022026	
20022027	
20022028	
20022029	
20023001	
20023002	
20023003	
20023004	
20023005	
20023006	
20023007	
20023008	
20023009	
20023010	
20023011	
20023012	
20023013	
20023014	
20023015	
20023016	
20023017	
20023018	
20023019	
20023020	
20023021	
20023022	
20023023	
20023024	
20023025	
20023026	
20023027	
20023028	
20023029	
20023030	
20023031	
20023032	
20023033	
20023034	
20023035	
20024001	
20024002	
20024003	
20024004	
20024005	
20024006	
20024007	
20024008	
20024009	
20024010	
20024011	
20024012	
20024013	
20024014	
20024015	
20024016	
20024017	
20024018	
20024019	
20024020	
20024021	
20024022	
20024023	
20024024	
20024025	
20024026	
20024027	
20024028	
20024029	
20024030	
20024031	
20024032	
20024033	
20024034	
20025001	
20025002	
20025003	
20025004	
20025005	
20025006	
20025007	
20025008	
20025009	
20025010	
20025011	
20025012	
20025013	
20025014	
20025015	
20025016	
20025017	
20025018	
20025019	
20025020	
20025021	
20025022	
20025023	
20025024	
20025025	
20025026	
20025027	
20025028	
20026001	
20026002	
20026003	
20026004	
20026005	
20026006	
20026007	
20026008	
20026009	
20026010	
20026011	
20026012	
20026013	
20026014	
20026015	
20026016	
20026017	
20026018	
20026019	
20026020	
20026021	
20026022	
20026023	
20026024	
20026025	
20026026	
20026027	
20026028	
20027001	
20027002	
20027003	
20027004	
20027005	
20027006	
20027007	
20027008	
20027009	
20027010	
20027011	
20027012	
20027013	
20027014	
20027015	
20027016	
20027017	
20027018	
20027019	
20027020	
20027021	
20027022	
20027023	
20027024	
20027025	
20027026	
20027027	
20028001	
20028002	
20028003	
20028004	
20028005	
20028006	
20028007	
20028008	
20028009	
20028010	
20028011	
20028012	
20028013	
20028014	
20028015	
20028016	
20028017	
20028018	
20028019	
20028020	
20028021	
20028022	
20028023	
20028024	
20028025	
20028026	
20028027	
20028028	
20029001	
20029002	
20029003	
20029004	
20029005	
20029006	
20029007	
20029008	
20029009	
20029010	
20029011	
20029012	
20029013	
20029014	
20029015	
20029016	
20029017	
20029018	
20029019	
20029020	
20029021	
20029022	
20029023	
20029024	
20029025	
20029026	
20029027	
20030001	
20030002	
20030003	
20030004	
20030005	
20030006	
20030007	
20030008	
20030009	
20030010	
20030011	
20030012	
20030013	
20030014	
20030015	
20030016	
20030017	
20030018	
20030019	
20030020	
20030021	
20030022	
20030023	
20030024	
20030025	
20030026	
20030027	
20030028	
20030029	
20030030	
20030031	
20030032	
20030033	
20031001	
20031002	
20031003	
20031004	
20031005	
20031006	
20031007	
20031008	
20031009	
20031010	
20031011	
20031012	
20031013	
20031014	
20031015	
20031016	
20031017	
20031018	
20031019	
20031020	
20031021	
20031022	
20031023	
20031024	
20031025	
20031026	
20031027	
20031028	
20031029	
20031030	
20031031	
