41001001	
41001002	
41001003	
41001004	
41001005	
41001006	
41001007	
41001008	
41001009	
41001010	
41001011	
41001012	
41001013	
41001014	
41001015	
41001016	
41001017	
41001018	
41001019	
41001020	
41001021	
41001022	
41001023	
41001024	
41001025	
41001026	
41001027	
41001028	
41001029	
41001030	
41001031	
41001032	
41001033	
41001034	
41001035	
41001036	
41001037	
41001038	
41001039	
41001040	
41001041	
41001042	
41001043	
41001044	
41001045	
41002001	
41002002	
41002003	
41002004	
41002005	
41002006	
41002007	
41002008	
41002009	
41002010	
41002011	
41002012	
41002013	
41002014	
41002015	
41002016	
41002017	
41002018	
41002019	
41002020	
41002021	
41002022	
41002023	
41002024	
41002025	
41002026	
41002027	
41002028	
41003001	
41003002	
41003003	
41003004	
41003005	
41003006	
41003007	
41003008	
41003009	
41003010	
41003011	
41003012	
41003013	
41003014	
41003015	
41003016	
41003017	
41003018	
41003019	
41003020	
41003021	
41003022	
41003023	
41003024	
41003025	
41003026	
41003027	
41003028	
41003029	
41003030	
41003031	
41003032	
41003033	
41003034	
41003035	
41004001	
41004002	
41004003	
41004004	
41004005	
41004006	
41004007	
41004008	
41004009	
41004010	
41004011	
41004012	
41004013	
41004014	
41004015	
41004016	
41004017	
41004018	
41004019	
41004020	
41004021	
41004022	
41004023	
41004024	
41004025	
41004026	
41004027	
41004028	
41004029	
41004030	
41004031	
41004032	
41004033	
41004034	
41004035	
41004036	
41004037	
41004038	
41004039	
41004040	
41004041	
41005001	
41005002	
41005003	
41005004	
41005005	
41005006	
41005007	
41005008	
41005009	
41005010	
41005011	
41005012	
41005013	
41005014	
41005015	
41005016	
41005017	
41005018	
41005019	
41005020	
41005021	
41005022	
41005023	
41005024	
41005025	
41005026	
41005027	
41005028	
41005029	
41005030	
41005031	
41005032	
41005033	
41005034	
41005035	
41005036	
41005037	
41005038	
41005039	
41005040	
41005041	
41005042	
41005043	
41006001	
41006002	
41006003	
41006004	
41006005	
41006006	
41006007	
41006008	
41006009	
41006010	
41006011	
41006012	
41006013	
41006014	
41006015	
41006016	
41006017	
41006018	
41006019	
41006020	
41006021	
41006022	
41006023	
41006024	
41006025	
41006026	
41006027	
41006028	
41006029	
41006030	
41006031	
41006032	
41006033	
41006034	
41006035	
41006036	
41006037	
41006038	
41006039	
41006040	
41006041	
41006042	
41006043	
41006044	
41006045	
41006046	
41006047	
41006048	
41006049	
41006050	
41006051	
41006052	
41006053	
41006054	
41006055	
41006056	
41007001	
41007002	
41007003	
41007004	
41007005	
41007006	
41007007	
41007008	
41007009	
41007010	
41007011	
41007012	
41007013	
41007014	
41007015	
41007016	
41007017	
41007018	
41007019	
41007020	
41007021	
41007022	
41007023	
41007024	
41007025	
41007026	
41007027	
41007028	
41007029	
41007030	
41007031	
41007032	
41007033	
41007034	
41007035	
41007036	
41007037	
41008001	
41008002	
41008003	
41008004	
41008005	
41008006	
41008007	
41008008	
41008009	
41008010	
41008011	
41008012	
41008013	
41008014	
41008015	
41008016	
41008017	
41008018	
41008019	
41008020	
41008021	
41008022	
41008023	
41008024	
41008025	
41008026	
41008027	
41008028	
41008029	
41008030	
41008031	
41008032	
41008033	
41008034	
41008035	
41008036	
41008037	
41008038	
41009001	
41009002	
41009003	
41009004	
41009005	
41009006	
41009007	
41009008	
41009009	
41009010	
41009011	
41009012	
41009013	
41009014	
41009015	
41009016	
41009017	
41009018	
41009019	
41009020	
41009021	
41009022	
41009023	
41009024	
41009025	
41009026	
41009027	
41009028	
41009029	
41009030	
41009031	
41009032	
41009033	
41009034	
41009035	
41009036	
41009037	
41009038	
41009039	
41009040	
41009041	
41009042	
41009043	
41009044	
41009045	
41009046	
41009047	
41009048	
41009049	
41009050	
41010001	
41010002	
41010003	
41010004	
41010005	
41010006	
41010007	
41010008	
41010009	
41010010	
41010011	
41010012	
41010013	
41010014	
41010015	
41010016	
41010017	
41010018	
41010019	
41010020	
41010021	
41010022	
41010023	
41010024	
41010025	
41010026	
41010027	
41010028	
41010029	
41010030	
41010031	
41010032	
41010033	
41010034	
41010035	
41010036	
41010037	
41010038	
41010039	
41010040	
41010041	
41010042	
41010043	
41010044	
41010045	
41010046	
41010047	
41010048	
41010049	
41010050	
41010051	
41010052	
41011001	
41011002	
41011003	
41011004	
41011005	
41011006	
41011007	
41011008	
41011009	
41011010	
41011011	
41011012	
41011013	
41011014	
41011015	
41011016	
41011017	
41011018	
41011019	
41011020	
41011021	
41011022	
41011023	
41011024	
41011025	
41011026	
41011027	
41011028	
41011029	
41011030	
41011031	
41011032	
41011033	
41012001	
41012002	
41012003	
41012004	
41012005	
41012006	
41012007	
41012008	
41012009	
41012010	
41012011	
41012012	
41012013	
41012014	
41012015	
41012016	
41012017	
41012018	
41012019	
41012020	
41012021	
41012022	
41012023	
41012024	
41012025	
41012026	
41012027	
41012028	
41012029	
41012030	
41012031	
41012032	
41012033	
41012034	
41012035	
41012036	
41012037	
41012038	
41012039	
41012040	
41012041	
41012042	
41012043	
41012044	
41013001	
41013002	
41013003	
41013004	
41013005	
41013006	
41013007	
41013008	
41013009	
41013010	
41013011	
41013012	
41013013	
41013014	
41013015	
41013016	
41013017	
41013018	
41013019	
41013020	
41013021	
41013022	
41013023	
41013024	
41013025	
41013026	
41013027	
41013028	
41013029	
41013030	
41013031	
41013032	
41013033	
41013034	
41013035	
41013036	
41013037	
41014001	
41014002	
41014003	
41014004	
41014005	
41014006	
41014007	
41014008	
41014009	
41014010	
41014011	
41014012	
41014013	
41014014	
41014015	
41014016	
41014017	
41014018	
41014019	
41014020	
41014021	
41014022	
41014023	
41014024	
41014025	
41014026	
41014027	
41014028	
41014029	
41014030	
41014031	
41014032	
41014033	
41014034	
41014035	
41014036	
41014037	
41014038	
41014039	
41014040	
41014041	
41014042	
41014043	
41014044	
41014045	
41014046	
41014047	
41014048	
41014049	
41014050	
41014051	
41014052	
41014053	
41014054	
41014055	
41014056	
41014057	
41014058	
41014059	
41014060	
41014061	
41014062	
41014063	
41014064	
41014065	
41014066	
41014067	
41014068	
41014069	
41014070	
41014071	
41014072	
41015001	
41015002	
41015003	
41015004	
41015005	
41015006	
41015007	
41015008	
41015009	
41015010	
41015011	
41015012	
41015013	
41015014	
41015015	
41015016	
41015017	
41015018	
41015019	
41015020	
41015021	
41015022	
41015023	
41015024	
41015025	
41015026	
41015027	
41015028	
41015029	
41015030	
41015031	
41015032	
41015033	
41015034	
41015035	
41015036	
41015037	
41015038	
41015039	
41015040	
41015041	
41015042	
41015043	
41015044	
41015045	
41015046	
41015047	
41016001	
41016002	
41016003	
41016004	
41016005	
41016006	
41016007	
41016008	
41016009	
41016010	
41016011	
41016012	
41016013	
41016014	
41016015	
41016016	
41016017	
41016018	
41016019	
41016020	
44001001	
44001002	
44001003	
44001004	
44001005	
44001006	
44001007	
44001008	
44001009	
44001010	
44001011	
44001012	
44001013	
44001014	
44001015	
44001016	
44001017	
44001018	
44001019	
44001020	
44001021	
44001022	
44001023	
44001024	
44001025	
44001026	
44002001	
44002002	
44002003	
44002004	
44002005	
44002006	
44002007	
44002008	
44002009	
44002010	
44002011	
44002012	
44002013	
44002014	
44002015	
44002016	
44002017	
44002018	
44002019	
44002020	
44002021	
44002022	
44002023	
44002024	
44002025	
44002026	
44002027	
44002028	
44002029	
44002030	
44002031	
44002032	
44002033	
44002034	
44002035	
44002036	
44002037	
44002038	
44002039	
44002040	
44002041	
44002042	
44002043	
44002044	
44002045	
44002046	
44002047	
44003001	
44003002	
44003003	
44003004	
44003005	
44003006	
44003007	
44003008	
44003009	
44003010	
44003011	
44003012	
44003013	
44003014	
44003015	
44003016	
44003017	
44003018	
44003019	
44003020	
44003021	
44003022	
44003023	
44003024	
44003025	
44003026	
44004001	
44004002	
44004003	
44004004	
44004005	
44004006	
44004007	
44004008	
44004009	
44004010	
44004011	
44004012	
44004013	
44004014	
44004015	
44004016	
44004017	
44004018	
44004019	
44004020	
44004021	
44004022	
44004023	
44004024	
44004025	
44004026	
44004027	
44004028	
44004029	
44004030	
44004031	
44004032	
44004033	
44004034	
44004035	
44004036	
44004037	
44005001	
44005002	
44005003	
44005004	
44005005	
44005006	
44005007	
44005008	
44005009	
44005010	
44005011	
44005012	
44005013	
44005014	
44005015	
44005016	
44005017	
44005018	
44005019	
44005020	
44005021	
44005022	
44005023	
44005024	
44005025	
44005026	
44005027	
44005028	
44005029	
44005030	
44005031	
44005032	
44005033	
44005034	
44005035	
44005036	
44005037	
44005038	
44005039	
44005040	
44005041	
44005042	
44006001	
44006002	
44006003	
44006004	
44006005	
44006006	
44006007	
44006008	
44006009	
44006010	
44006011	
44006012	
44006013	
44006014	
44006015	
44007001	
44007002	
44007003	
44007004	
44007005	
44007006	
44007007	
44007008	
44007009	
44007010	
44007011	
44007012	
44007013	
44007014	
44007015	
44007016	
44007017	
44007018	
44007019	
44007020	
44007021	
44007022	
44007023	
44007024	
44007025	
44007026	
44007027	
44007028	
44007029	
44007030	
44007031	
44007032	
44007033	
44007034	
44007035	
44007036	
44007037	
44007038	
44007039	
44007040	
44007041	
44007042	
44007043	
44007044	
44007045	
44007046	
44007047	
44007048	
44007049	
44007050	
44007051	
44007052	
44007053	
44007054	
44007055	
44007056	
44007057	
44007058	
44007059	
44007060	
44008001	
44008002	
44008003	
44008004	
44008005	
44008006	
44008007	
44008008	
44008009	
44008010	
44008011	
44008012	
44008013	
44008014	
44008015	
44008016	
44008017	
44008018	
44008019	
44008020	
44008021	
44008022	
44008023	
44008024	
44008025	
44008026	
44008027	
44008028	
44008029	
44008030	
44008031	
44008032	
44008033	
44008034	
44008035	
44008036	
44008037	
44008038	
44008039	
44008040	
44009001	
44009002	
44009003	
44009004	
44009005	
44009006	
44009007	
44009008	
44009009	
44009010	
44009011	
44009012	
44009013	
44009014	
44009015	
44009016	
44009017	
44009018	
44009019	
44009020	
44009021	
44009022	
44009023	
44009024	
44009025	
44009026	
44009027	
44009028	
44009029	
44009030	
44009031	
44009032	
44009033	
44009034	
44009035	
44009036	
44009037	
44009038	
44009039	
44009040	
44009041	
44009042	
44009043	
44010001	
44010002	
44010003	
44010004	
44010005	
44010006	
44010007	
44010008	
44010009	
44010010	
44010011	
44010012	
44010013	
44010014	
44010015	
44010016	
44010017	
44010018	
44010019	
44010020	
44010021	
44010022	
44010023	
44010024	
44010025	
44010026	
44010027	
44010028	
44010029	
44010030	
44010031	
44010032	
44010033	
44010034	
44010035	
44010036	
44010037	
44010038	
44010039	
44010040	
44010041	
44010042	
44010043	
44010044	
44010045	
44010046	
44010047	
44010048	
44011001	
44011002	
44011003	
44011004	
44011005	
44011006	
44011007	
44011008	
44011009	
44011010	
44011011	
44011012	
44011013	
44011014	
44011015	
44011016	
44011017	
44011018	
44011019	
44011020	
44011021	
44011022	
44011023	
44011024	
44011025	
44011026	
44011027	
44011028	
44011029	
44011030	
44012001	
44012002	
44012003	
44012004	
44012005	
44012006	
44012007	
44012008	
44012009	
44012010	
44012011	
44012012	
44012013	
44012014	
44012015	
44012016	
44012017	
44012018	
44012019	
44012020	
44012021	
44012022	
44012023	
44012024	
44012025	
44013001	
44013002	
44013003	
44013004	
44013005	
44013006	
44013007	
44013008	
44013009	
44013010	
44013011	
44013012	
44013013	
44013014	
44013015	
44013016	
44013017	
44013018	
44013019	
44013020	
44013021	
44013022	
44013023	
44013024	
44013025	
44013026	
44013027	
44013028	
44013029	
44013030	
44013031	
44013032	
44013033	
44013034	
44013035	
44013036	
44013037	
44013038	
44013039	
44013040	
44013041	
44013042	
44013043	
44013044	
44013045	
44013046	
44013047	
44013048	
44013049	
44013050	
44013051	
44013052	
44014001	
44014002	
44014003	
44014004	
44014005	
44014006	
44014007	
44014008	
44014009	
44014010	
44014011	
44014012	
44014013	
44014014	
44014015	
44014016	
44014017	
44014018	
44014019	
44014020	
44014021	
44014022	
44014023	
44014024	
44014025	
44014026	
44014027	
44014028	
44015001	
44015002	
44015003	
44015004	
44015005	
44015006	
44015007	
44015008	
44015009	
44015010	
44015011	
44015012	
44015013	
44015014	
44015015	
44015016	
44015017	
44015018	
44015019	
44015020	
44015021	
44015022	
44015023	
44015024	
44015025	
44015026	
44015027	
44015028	
44015029	
44015030	
44015031	
44015032	
44015033	
44015034	
44015035	
44015036	
44015037	
44015038	
44015039	
44015040	
44015041	
44016001	
44016002	
44016003	
44016004	
44016005	
44016006	
44016007	
44016008	
44016009	
44016010	
44016011	
44016012	
44016013	
44016014	
44016015	
44016016	
44016017	
44016018	
44016019	
44016020	
44016021	
44016022	
44016023	
44016024	
44016025	
44016026	
44016027	
44016028	
44016029	
44016030	
44016031	
44016032	
44016033	
44016034	
44016035	
44016036	
44016037	
44016038	
44016039	
44016040	
44017001	
44017002	
44017003	
44017004	
44017005	
44017006	
44017007	
44017008	
44017009	
44017010	
44017011	
44017012	
44017013	
44017014	
44017015	
44017016	
44017017	
44017018	
44017019	
44017020	
44017021	
44017022	
44017023	
44017024	
44017025	
44017026	
44017027	
44017028	
44017029	
44017030	
44017031	
44017032	
44017033	
44017034	
44018001	
44018002	
44018003	
44018004	
44018005	
44018006	
44018007	
44018008	
44018009	
44018010	
44018011	
44018012	
44018013	
44018014	
44018015	
44018016	
44018017	
44018018	
44018019	
44018020	
44018021	
44018022	
44018023	
44018024	
44018025	
44018026	
44018027	
44018028	
44019001	
44019002	
44019003	
44019004	
44019005	
44019006	
44019007	
44019008	
44019009	
44019010	
44019011	
44019012	
44019013	
44019014	
44019015	
44019016	
44019017	
44019018	
44019019	
44019020	
44019021	
44019022	
44019023	
44019024	
44019025	
44019026	
44019027	
44019028	
44019029	
44019030	
44019031	
44019032	
44019033	
44019034	
44019035	
44019036	
44019037	
44019038	
44019039	
44019040	
44019041	
44020001	
44020002	
44020003	
44020004	
44020005	
44020006	
44020007	
44020008	
44020009	
44020010	
44020011	
44020012	
44020013	
44020014	
44020015	
44020016	
44020017	
44020018	
44020019	
44020020	
44020021	
44020022	
44020023	
44020024	
44020025	
44020026	
44020027	
44020028	
44020029	
44020030	
44020031	
44020032	
44020033	
44020034	
44020035	
44020036	
44020037	
44020038	
44021001	
44021002	
44021003	
44021004	
44021005	
44021006	
44021007	
44021008	
44021009	
44021010	
44021011	
44021012	
44021013	
44021014	
44021015	
44021016	
44021017	
44021018	
44021019	
44021020	
44021021	
44021022	
44021023	
44021024	
44021025	
44021026	
44021027	
44021028	
44021029	
44021030	
44021031	
44021032	
44021033	
44021034	
44021035	
44021036	
44021037	
44021038	
44021039	
44021040	
44022001	
44022002	
44022003	
44022004	
44022005	
44022006	
44022007	
44022008	
44022009	
44022010	
44022011	
44022012	
44022013	
44022014	
44022015	
44022016	
44022017	
44022018	
44022019	
44022020	
44022021	
44022022	
44022023	
44022024	
44022025	
44022026	
44022027	
44022028	
44022029	
44022030	
44023001	
44023002	
44023003	
44023004	
44023005	
44023006	
44023007	
44023008	
44023009	
44023010	
44023011	
44023012	
44023013	
44023014	
44023015	
44023016	
44023017	
44023018	
44023019	
44023020	
44023021	
44023022	
44023023	
44023024	
44023025	
44023026	
44023027	
44023028	
44023029	
44023030	
44023031	
44023032	
44023033	
44023034	
44023035	
44024001	
44024002	
44024003	
44024004	
44024005	
44024006	
44024007	
44024008	
44024009	
44024010	
44024011	
44024012	
44024013	
44024014	
44024015	
44024016	
44024017	
44024018	
44024019	
44024020	
44024021	
44024022	
44024023	
44024024	
44024025	
44024026	
44024027	
44025001	
44025002	
44025003	
44025004	
44025005	
44025006	
44025007	
44025008	
44025009	
44025010	
44025011	
44025012	
44025013	
44025014	
44025015	
44025016	
44025017	
44025018	
44025019	
44025020	
44025021	
44025022	
44025023	
44025024	
44025025	
44025026	
44025027	
44026001	
44026002	
44026003	
44026004	
44026005	
44026006	
44026007	
44026008	
44026009	
44026010	
44026011	
44026012	
44026013	
44026014	
44026015	
44026016	
44026017	
44026018	
44026019	
44026020	
44026021	
44026022	
44026023	
44026024	
44026025	
44026026	
44026027	
44026028	
44026029	
44026030	
44026031	
44026032	
44027001	
44027002	
44027003	
44027004	
44027005	
44027006	
44027007	
44027008	
44027009	
44027010	
44027011	
44027012	
44027013	
44027014	
44027015	
44027016	
44027017	
44027018	
44027019	
44027020	
44027021	
44027022	
44027023	
44027024	
44027025	
44027026	
44027027	
44027028	
44027029	
44027030	
44027031	
44027032	
44027033	
44027034	
44027035	
44027036	
44027037	
44027038	
44027039	
44027040	
44027041	
44027042	
44027043	
44027044	
44028001	
44028002	
44028003	
44028004	
44028005	
44028006	
44028007	
44028008	
44028009	
44028010	
44028011	
44028012	
44028013	
44028014	
44028015	
44028016	
44028017	
44028018	
44028019	
44028020	
44028021	
44028022	
44028023	
44028024	
44028025	
44028026	
44028027	
44028028	
44028029	
44028030	
44028031	
46001001	
46001002	
46001003	
46001004	
46001005	
46001006	
46001007	
46001008	
46001009	
46001010	
46001011	
46001012	
46001013	
46001014	
46001015	
46001016	
46001017	
46001018	
46001019	
46001020	
46001021	
46001022	
46001023	
46001024	
46001025	
46001026	
46001027	
46001028	
46001029	
46001030	
46001031	
46002001	
46002002	
46002003	
46002004	
46002005	
46002006	
46002007	
46002008	
46002009	
46002010	
46002011	
46002012	
46002013	
46002014	
46002015	
46002016	
46003001	
46003002	
46003003	
46003004	
46003005	
46003006	
46003007	
46003008	
46003009	
46003010	
46003011	
46003012	
46003013	
46003014	
46003015	
46003016	
46003017	
46003018	
46003019	
46003020	
46003021	
46003022	
46003023	
46004001	
46004002	
46004003	
46004004	
46004005	
46004006	
46004007	
46004008	
46004009	
46004010	
46004011	
46004012	
46004013	
46004014	
46004015	
46004016	
46004017	
46004018	
46004019	
46004020	
46004021	
46005001	
46005002	
46005003	
46005004	
46005005	
46005006	
46005007	
46005008	
46005009	
46005010	
46005011	
46005012	
46005013	
46006001	
46006002	
46006003	
46006004	
46006005	
46006006	
46006007	
46006008	
46006009	
46006010	
46006011	
46006012	
46006013	
46006014	
46006015	
46006016	
46006017	
46006018	
46006019	
46006020	
46007001	
46007002	
46007003	
46007004	
46007005	
46007006	
46007007	
46007008	
46007009	
46007010	
46007011	
46007012	
46007013	
46007014	
46007015	
46007016	
46007017	
46007018	
46007019	
46007020	
46007021	
46007022	
46007023	
46007024	
46007025	
46007026	
46007027	
46007028	
46007029	
46007030	
46007031	
46007032	
46007033	
46007034	
46007035	
46007036	
46007037	
46007038	
46007039	
46007040	
46008001	
46008002	
46008003	
46008004	
46008005	
46008006	
46008007	
46008008	
46008009	
46008010	
46008011	
46008012	
46008013	
46009001	
46009002	
46009003	
46009004	
46009005	
46009006	
46009007	
46009008	
46009009	
46009010	
46009011	
46009012	
46009013	
46009014	
46009015	
46009016	
46009017	
46009018	
46009019	
46009020	
46009021	
46009022	
46009023	
46009024	
46009025	
46009026	
46009027	
46010001	
46010002	
46010003	
46010004	
46010005	
46010006	
46010007	
46010008	
46010009	
46010010	
46010011	
46010012	
46010013	
46010014	
46010015	
46010016	
46010017	
46010018	
46010019	
46010020	
46010021	
46010022	
46010023	
46010024	
46010025	
46010026	
46010027	
46010028	
46010029	
46010030	
46010031	
46010032	
46010033	
46011001	
46011002	
46011003	
46011004	
46011005	
46011006	
46011007	
46011008	
46011009	
46011010	
46011011	
46011012	
46011013	
46011014	
46011015	
46011016	
46011017	
46011018	
46011019	
46011020	
46011021	
46011022	
46011023	
46011024	
46011025	
46011026	
46011027	
46011028	
46011029	
46011030	
46011031	
46011032	
46011033	
46011034	
46012001	
46012002	
46012003	
46012004	
46012005	
46012006	
46012007	
46012008	
46012009	
46012010	
46012011	
46012012	
46012013	
46012014	
46012015	
46012016	
46012017	
46012018	
46012019	
46012020	
46012021	
46012022	
46012023	
46012024	
46012025	
46012026	
46012027	
46012028	
46012029	
46012030	
46012031	
46013001	
46013002	
46013003	
46013004	
46013005	
46013006	
46013007	
46013008	
46013009	
46013010	
46013011	
46013012	
46013013	
46014001	
46014002	
46014003	
46014004	
46014005	
46014006	
46014007	
46014008	
46014009	
46014010	
46014011	
46014012	
46014013	
46014014	
46014015	
46014016	
46014017	
46014018	
46014019	
46014020	
46014021	
46014022	
46014023	
46014024	
46014025	
46014026	
46014027	
46014028	
46014029	
46014030	
46014031	
46014032	
46014033	
46014034	
46014035	
46014036	
46014037	
46014038	
46014039	
46014040	
46015001	
46015002	
46015003	
46015004	
46015005	
46015006	
46015007	
46015008	
46015009	
46015010	
46015011	
46015012	
46015013	
46015014	
46015015	
46015016	
46015017	
46015018	
46015019	
46015020	
46015021	
46015022	
46015023	
46015024	
46015025	
46015026	
46015027	
46015028	
46015029	
46015030	
46015031	
46015032	
46015033	
46015034	
46015035	
46015036	
46015037	
46015038	
46015039	
46015040	
46015041	
46015042	
46015043	
46015044	
46015045	
46015046	
46015047	
46015048	
46015049	
46015050	
46015051	
46015052	
46015053	
46015054	
46015055	
46015056	
46015057	
46015058	
46016001	
46016002	
46016003	
46016004	
46016005	
46016006	
46016007	
46016008	
46016009	
46016010	
46016011	
46016012	
46016013	
46016014	
46016015	
46016016	
46016017	
46016018	
46016019	
46016020	
46016021	
46016022	
46016023	
46016024	
47001001	
47001002	
47001003	
47001004	
47001005	
47001006	
47001007	
47001008	
47001009	
47001010	
47001011	
47001012	
47001013	
47001014	
47001015	
47001016	
47001017	
47001018	
47001019	
47001020	
47001021	
47001022	
47001023	
47001024	
47002001	
47002002	
47002003	
47002004	
47002005	
47002006	
47002007	
47002008	
47002009	
47002010	
47002011	
47002012	
47002013	
47002014	
47002015	
47002016	
47002017	
47003001	
47003002	
47003003	
47003004	
47003005	
47003006	
47003007	
47003008	
47003009	
47003010	
47003011	
47003012	
47003013	
47003014	
47003015	
47003016	
47003017	
47003018	
47004001	
47004002	
47004003	
47004004	
47004005	
47004006	
47004007	
47004008	
47004009	
47004010	
47004011	
47004012	
47004013	
47004014	
47004015	
47004016	
47004017	
47004018	
47005001	
47005002	
47005003	
47005004	
47005005	
47005006	
47005007	
47005008	
47005009	
47005010	
47005011	
47005012	
47005013	
47005014	
47005015	
47005016	
47005017	
47005018	
47005019	
47005020	
47005021	
47006001	
47006002	
47006003	
47006004	
47006005	
47006006	
47006007	
47006008	
47006009	
47006010	
47006011	
47006012	
47006013	
47006014	
47006015	
47006016	
47006017	
47006018	
47007001	
47007002	
47007003	
47007004	
47007005	
47007006	
47007007	
47007008	
47007009	
47007010	
47007011	
47007012	
47007013	
47007014	
47007015	
47007016	
47008001	
47008002	
47008003	
47008004	
47008005	
47008006	
47008007	
47008008	
47008009	
47008010	
47008011	
47008012	
47008013	
47008014	
47008015	
47008016	
47008017	
47008018	
47008019	
47008020	
47008021	
47008022	
47008023	
47008024	
47009001	
47009002	
47009003	
47009004	
47009005	
47009006	
47009007	
47009008	
47009009	
47009010	
47009011	
47009012	
47009013	
47009014	
47009015	
47010001	
47010002	
47010003	
47010004	
47010005	
47010006	
47010007	
47010008	
47010009	
47010010	
47010011	
47010012	
47010013	
47010014	
47010015	
47010016	
47010017	
47010018	
47011001	
47011002	
47011003	
47011004	
47011005	
47011006	
47011007	
47011008	
47011009	
47011010	
47011011	
47011012	
47011013	
47011014	
47011015	
47011016	
47011017	
47011018	
47011019	
47011020	
47011021	
47011022	
47011023	
47011024	
47011025	
47011026	
47011027	
47011028	
47011029	
47011030	
47011031	
47011032	
47011033	
47012001	
47012002	
47012003	
47012004	
47012005	
47012006	
47012007	
47012008	
47012009	
47012010	
47012011	
47012012	
47012013	
47012014	
47012015	
47012016	
47012017	
47012018	
47012019	
47012020	
47012021	
47013001	
47013002	
47013003	
47013004	
47013005	
47013006	
47013007	
47013008	
47013009	
47013010	
47013011	
47013012	
47013013	
47013014	
50001001	
50001002	
50001003	
50001004	
50001005	
50001006	
50001007	
50001008	
50001009	
50001010	
50001011	
50001012	
50001013	
50001014	
50001015	
50001016	
50001017	
50001018	
50001019	
50001020	
50001021	
50001022	
50001023	
50001024	
50001025	
50001026	
50001027	
50001028	
50001029	
50001030	
50002001	
50002002	
50002003	
50002004	
50002005	
50002006	
50002007	
50002008	
50002009	
50002010	
50002011	
50002012	
50002013	
50002014	
50002015	
50002016	
50002017	
50002018	
50002019	
50002020	
50002021	
50002022	
50002023	
50002024	
50002025	
50002026	
50002027	
50002028	
50002029	
50002030	
50003001	
50003002	
50003003	
50003004	
50003005	
50003006	
50003007	
50003008	
50003009	
50003010	
50003011	
50003012	
50003013	
50003014	
50003015	
50003016	
50003017	
50003018	
50003019	
50003020	
50003021	
50004001	
50004002	
50004003	
50004004	
50004005	
50004006	
50004007	
50004008	
50004009	
50004010	
50004011	
50004012	
50004013	
50004014	
50004015	
50004016	
50004017	
50004018	
50004019	
50004020	
50004021	
50004022	
50004023	
52001001	
52001002	
52001003	
52001004	
52001005	
52001006	
52001007	
52001008	
52001009	
52001010	
52002001	
52002002	
52002003	
52002004	
52002005	
52002006	
52002007	
52002008	
52002009	
52002010	
52002011	
52002012	
52002013	
52002014	
52002015	
52002016	
52002017	
52002018	
52002019	
52002020	
52003001	
52003002	
52003003	
52003004	
52003005	
52003006	
52003007	
52003008	
52003009	
52003010	
52003011	
52003012	
52003013	
52004001	
52004002	
52004003	
52004004	
52004005	
52004006	
52004007	
52004008	
52004009	
52004010	
52004011	
52004012	
52004013	
52004014	
52004015	
52004016	
52004017	
52004018	
52005001	
52005002	
52005003	
52005004	
52005005	
52005006	
52005007	
52005008	
52005009	
52005010	
52005011	
52005012	
52005013	
52005014	
52005015	
52005016	
52005017	
52005018	
52005019	
52005020	
52005021	
52005022	
52005023	
52005024	
52005025	
52005026	
52005027	
52005028	
53001001	
53001002	
53001003	
53001004	
53001005	
53001006	
53001007	
53001008	
53001009	
53001010	
53001011	
53001012	
53002001	
53002002	
53002003	
53002004	
53002005	
53002006	
53002007	
53002008	
53002009	
53002010	
53002011	
53002012	
53002013	
53002014	
53002015	
53002016	
53002017	
53003001	
53003002	
53003003	
53003004	
53003005	
53003006	
53003007	
53003008	
53003009	
53003010	
53003011	
53003012	
53003013	
53003014	
53003015	
53003016	
53003017	
53003018	
59001001	
59001002	
59001003	
59001004	
59001005	
59001006	
59001007	
59001008	
59001009	
59001010	
59001011	
59001012	
59001013	
59001014	
59001015	
59001016	
59001017	
59001018	
59001019	
59001020	
59001021	
59001022	
59001023	
59001024	
59001025	
59001026	
59001027	
59002001	
59002002	
59002003	
59002004	
59002005	
59002006	
59002007	
59002008	
59002009	
59002010	
59002011	
59002012	
59002013	
59002014	
59002015	
59002016	
59002017	
59002018	
59002019	
59002020	
59002021	
59002022	
59002023	
59002024	
59002025	
59002026	
59003001	
59003002	
59003003	
59003004	
59003005	
59003006	
59003007	
59003008	
59003009	
59003010	
59003011	
59003012	
59003013	
59003014	
59003015	
59003016	
59003017	
59003018	
59004001	
59004002	
59004003	
59004004	
59004005	
59004006	
59004007	
59004008	
59004009	
59004010	
59004011	
59004012	
59004013	
59004014	
59004015	
59004016	
59004017	
59005001	
59005002	
59005003	
59005004	
59005005	
59005006	
59005007	
59005008	
59005009	
59005010	
59005011	
59005012	
59005013	
59005014	
59005015	
59005016	
59005017	
59005018	
59005019	
59005020	
62001001	
62001002	
62001003	
62001004	
62001005	
62001006	
62001007	
62001008	
62001009	
62001010	
62002001	
62002002	
62002003	
62002004	
62002005	
62002006	
62002007	
62002008	
62002009	
62002010	
62002011	
62002012	
62002013	
62002014	
62002015	
62002016	
62002017	
62002018	
62002019	
62002020	
62002021	
62002022	
62002023	
62002024	
62002025	
62002026	
62002027	
62002028	
62002029	
62003001	
62003002	
62003003	
62003004	
62003005	
62003006	
62003007	
62003008	
62003009	
62003010	
62003011	
62003012	
62003013	
62003014	
62003015	
62003016	
62003017	
62003018	
62003019	
62003020	
62003021	
62003022	
62003023	
62003024	
62004001	
62004002	
62004003	
62004004	
62004005	
62004006	
62004007	
62004008	
62004009	
62004010	
62004011	
62004012	
62004013	
62004014	
62004015	
62004016	
62004017	
62004018	
62004019	
62004020	
62004021	
62005001	
62005002	
62005003	
62005004	
62005005	
62005006	
62005007	
62005008	
62005009	
62005010	
62005011	
62005012	
62005013	
62005014	
62005015	
62005016	
62005017	
62005018	
62005019	
62005020	
62005021	
66001001	
66001002	
66001003	
66001004	
66001005	
66001006	
66001007	
66001008	
66001009	
66001010	
66001011	
66001012	
66001013	
66001014	
66001015	
66001016	
66001017	
66001018	
66001019	
66001020	
66002001	
66002002	
66002003	
66002004	
66002005	
66002006	
66002007	
66002008	
66002009	
66002010	
66002011	
66002012	
66002013	
66002014	
66002015	
66002016	
66002017	
66002018	
66002019	
66002020	
66002021	
66002022	
66002023	
66002024	
66002025	
66002026	
66002027	
66002028	
66002029	
66003001	
66003002	
66003003	
66003004	
66003005	
66003006	
66003007	
66003008	
66003009	
66003010	
66003011	
66003012	
66003013	
66003014	
66003015	
66003016	
66003017	
66003018	
66003019	
66003020	
66003021	
66003022	
66004001	
66004002	
66004003	
66004004	
66004005	
66004006	
66004007	
66004008	
66004009	
66004010	
66004011	
66005001	
66005002	
66005003	
66005004	
66005005	
66005006	
66005007	
66005008	
66005009	
66005010	
66005011	
66005012	
66005013	
66005014	
66006001	
66006002	
66006003	
66006004	
66006005	
66006006	
66006007	
66006008	
66006009	
66006010	
66006011	
66006012	
66006013	
66006014	
66006015	
66006016	
66006017	
66007001	
66007002	
66007003	
66007004	
66007005	
66007006	
66007007	
66007008	
66007009	
66007010	
66007011	
66007012	
66007013	
66007014	
66007015	
66007016	
66007017	
66008001	
66008002	
66008003	
66008004	
66008005	
66008006	
66008007	
66008008	
66008009	
66008010	
66008011	
66008012	
66008013	
66009001	
66009002	
66009003	
66009004	
66009005	
66009006	
66009007	
66009008	
66009009	
66009010	
66009011	
66009012	
66009013	
66009014	
66009015	
66009016	
66009017	
66009018	
66009019	
66009020	
66009021	
66010001	
66010002	
66010003	
66010004	
66010005	
66010006	
66010007	
66010008	
66010009	
66010010	
66010011	
66011001	
66011002	
66011003	
66011004	
66011005	
66011006	
66011007	
66011008	
66011009	
66011010	
66011011	
66011012	
66011013	
66011014	
66011015	
66011016	
66011017	
66011018	
66011019	
66012001	
66012002	
66012003	
66012004	
66012005	
66012006	
66012007	
66012008	
66012009	
66012010	
66012011	
66012012	
66012013	
66012014	
66012015	
66012016	
66012017	
66013001	
66013002	
66013003	
66013004	
66013005	
66013006	
66013007	
66013008	
66013009	
66013010	
66013011	
66013012	
66013013	
66013014	
66013015	
66013016	
66013017	
66013018	
66014001	
66014002	
66014003	
66014004	
66014005	
66014006	
66014007	
66014008	
66014009	
66014010	
66014011	
66014012	
66014013	
66014014	
66014015	
66014016	
66014017	
66014018	
66014019	
66014020	
66015001	
66015002	
66015003	
66015004	
66015005	
66015006	
66015007	
66015008	
66016001	
66016002	
66016003	
66016004	
66016005	
66016006	
66016007	
66016008	
66016009	
66016010	
66016011	
66016012	
66016013	
66016014	
66016015	
66016016	
66016017	
66016018	
66016019	
66016020	
66016021	
66017001	
66017002	
66017003	
66017004	
66017005	
66017006	
66017007	
66017008	
66017009	
66017010	
66017011	
66017012	
66017013	
66017014	
66017015	
66017016	
66017017	
66017018	
66018001	
66018002	
66018003	
66018004	
66018005	
66018006	
66018007	
66018008	
66018009	
66018010	
66018011	
66018012	
66018013	
66018014	
66018015	
66018016	
66018017	
66018018	
66018019	
66018020	
66018021	
66018022	
66018023	
66018024	
66019001	
66019002	
66019003	
66019004	
66019005	
66019006	
66019007	
66019008	
66019009	
66019010	
66019011	
66019012	
66019013	
66019014	
66019015	
66019016	
66019017	
66019018	
66019019	
66019020	
66019021	
66020001	
66020002	
66020003	
66020004	
66020005	
66020006	
66020007	
66020008	
66020009	
66020010	
66020011	
66020012	
66020013	
66020014	
66020015	
66021001	
66021002	
66021003	
66021004	
66021005	
66021006	
66021007	
66021008	
66021009	
66021010	
66021011	
66021012	
66021013	
66021014	
66021015	
66021016	
66021017	
66021018	
66021019	
66021020	
66021021	
66021022	
66021023	
66021024	
66021025	
66021026	
66021027	
66022001	
66022002	
66022003	
66022004	
66022005	
66022006	
66022007	
66022008	
66022009	
66022010	
66022011	
66022012	
66022013	
66022014	
66022015	
66022016	
66022017	
66022018	
66022019	
66022020	
66022021	
