41001001	
41001002	
41001003	
41001004	
41001005	
41001006	
41001007	
41001008	
41001009	
41001010	
41001011	
41001012	
41001013	
41001014	
41001015	
41001016	
41001017	
41001018	
41001019	
41001020	
41001021	
41001022	
41001023	
41001024	
41001025	
41001026	
41001027	
41001028	
41001029	
41001030	
41001031	
41001032	
41001033	
41001034	
41001035	
41001036	
41001037	
41001038	
41001039	
41001040	
41001041	
41001042	
41001043	
41001044	
41001045	
41002001	
41002002	
41002003	
41002004	
41002005	
41002006	
41002007	
41002008	
41002009	
41002010	
41002011	
41002012	
41002013	
41002014	
41002015	
41002016	
41002017	
41002018	
41002019	
41002020	
41002021	
41002022	
41002023	
41002024	
41002025	
41002026	
41002027	
41002028	
41003001	
41003002	
41003003	
41003004	
41003005	
41003006	
41003007	
41003008	
41003009	
41003010	
41003011	
41003012	
41003013	
41003014	
41003015	
41003016	
41003017	
41003018	
41003019	
41003020	
41003021	
41003022	
41003023	
41003024	
41003025	
41003026	
41003027	
41003028	
41003029	
41003030	
41003031	
41003032	
41003033	
41003034	
41003035	
41004001	
41004002	
41004003	
41004004	
41004005	
41004006	
41004007	
41004008	
41004009	
41004010	
41004011	
41004012	
41004013	
41004014	
41004015	
41004016	
41004017	
41004018	
41004019	
41004020	
41004021	
41004022	
41004023	
41004024	
41004025	
41004026	
41004027	
41004028	
41004029	
41004030	
41004031	
41004032	
41004033	
41004034	
41004035	
41004036	
41004037	
41004038	
41004039	
41004040	
41004041	
41005001	
41005002	
41005003	
41005004	
41005005	
41005006	
41005007	
41005008	
41005009	
41005010	
41005011	
41005012	
41005013	
41005014	
41005015	
41005016	
41005017	
41005018	
41005019	
41005020	
41005021	
41005022	
41005023	
41005024	
41005025	
41005026	
41005027	
41005028	
41005029	
41005030	
41005031	
41005032	
41005033	
41005034	
41005035	
41005036	
41005037	
41005038	
41005039	
41005040	
41005041	
41005042	
41005043	
41006001	
41006002	
41006003	
41006004	
41006005	
41006006	
41006007	
41006008	
41006009	
41006010	
41006011	
41006012	
41006013	
41006014	
41006015	
41006016	
41006017	
41006018	
41006019	
41006020	
41006021	
41006022	
41006023	
41006024	
41006025	
41006026	
41006027	
41006028	
41006029	
41006030	
41006031	
41006032	
41006033	
41006034	
41006035	
41006036	
41006037	
41006038	
41006039	
41006040	
41006041	
41006042	
41006043	
41006044	
41006045	
41006046	
41006047	
41006048	
41006049	
41006050	
41006051	
41006052	
41006053	
41006054	
41006055	
41006056	
41007001	
41007002	
41007003	
41007004	
41007005	
41007006	
41007007	
41007008	
41007009	
41007010	
41007011	
41007012	
41007013	
41007014	
41007015	
41007017	
41007018	
41007019	
41007020	
41007021	
41007022	
41007023	
41007024	
41007025	
41007026	
41007027	
41007028	
41007029	
41007030	
41007031	
41007032	
41007033	
41007034	
41007035	
41007036	
41007037	
41008001	
41008002	
41008003	
41008004	
41008005	
41008006	
41008007	
41008008	
41008009	
41008010	
41008011	
41008012	
41008013	
41008014	
41008015	
41008016	
41008017	
41008018	
41008019	
41008020	
41008021	
41008022	
41008023	
41008024	
41008025	
41008026	
41008027	
41008028	
41008029	
41008030	
41008031	
41008032	
41008033	
41008034	
41008035	
41008036	
41008037	
41008038	
41009001	
41009002	
41009003	
41009004	
41009005	
41009006	
41009007	
41009008	
41009009	
41009010	
41009011	
41009012	
41009013	
41009014	
41009015	
41009016	
41009017	
41009018	
41009019	
41009020	
41009021	
41009022	
41009023	
41009024	
41009025	
41009026	
41009027	
41009028	
41009029	
41009030	
41009031	
41009032	
41009033	
41009034	
41009035	
41009036	
41009037	
41009038	
41009039	
41009040	
41009041	
41009042	
41009043	
41009045	
41009047	
41009048	
41009049	
41009050	
41010001	
41010002	
41010003	
41010004	
41010005	
41010006	
41010007	
41010008	
41010009	
41010010	
41010011	
41010012	
41010013	
41010014	
41010015	
41010016	
41010017	
41010018	
41010019	
41010020	
41010021	
41010022	
41010023	
41010024	
41010025	
41010026	
41010027	
41010028	
41010029	
41010030	
41010031	
41010032	
41010033	
41010034	
41010035	
41010036	
41010037	
41010038	
41010039	
41010040	
41010041	
41010042	
41010043	
41010044	
41010045	
41010046	
41010047	
41010048	
41010049	
41010050	
41010051	
41010052	
41011001	
41011002	
41011003	
41011004	
41011005	
41011006	
41011007	
41011008	
41011009	
41011010	
41011011	
41011012	
41011013	
41011014	
41011015	
41011016	
41011017	
41011018	
41011019	
41011020	
41011021	
41011022	
41011023	
41011024	
41011025	
41011027	
41011028	
41011029	
41011030	
41011031	
41011032	
41011033	
41012001	
41012002	
41012003	
41012004	
41012005	
41012006	
41012007	
41012008	
41012009	
41012010	
41012011	
41012012	
41012013	
41012014	
41012015	
41012016	
41012017	
41012018	
41012019	
41012020	
41012021	
41012022	
41012023	
41012024	
41012025	
41012026	
41012027	
41012028	
41012029	
41012030	
41012031	
41012032	
41012033	
41012034	
41012035	
41012036	
41012037	
41012038	
41012039	
41012040	
41012041	
41012042	
41012043	
41012044	
41013001	
41013002	
41013003	
41013004	
41013005	
41013006	
41013007	
41013008	
41013009	
41013010	
41013011	
41013012	
41013013	
41013014	
41013015	
41013016	
41013017	
41013018	
41013019	
41013020	
41013021	
41013022	
41013023	
41013024	
41013025	
41013026	
41013027	
41013028	
41013029	
41013030	
41013031	
41013032	
41013033	
41013034	
41013035	
41013036	
41013037	
41014001	
41014002	
41014003	
41014004	
41014005	
41014006	
41014007	
41014008	
41014009	
41014010	
41014011	
41014012	
41014013	
41014014	
41014015	
41014016	
41014017	
41014018	
41014019	
41014020	
41014021	
41014022	
41014023	
41014024	
41014025	
41014026	
41014027	
41014028	
41014029	
41014030	
41014031	
41014032	
41014033	
41014034	
41014035	
41014036	
41014037	
41014038	
41014039	
41014040	
41014041	
41014042	
41014043	
41014044	
41014045	
41014046	
41014047	
41014048	
41014049	
41014050	
41014051	
41014052	
41014053	
41014054	
41014055	
41014056	
41014057	
41014058	
41014059	
41014060	
41014061	
41014062	
41014063	
41014064	
41014065	
41014066	
41014067	
41014068	
41014069	
41014070	
41014071	
41014072	
41015001	
41015002	
41015003	
41015004	
41015005	
41015006	
41015007	
41015008	
41015009	
41015010	
41015011	
41015012	
41015013	
41015014	
41015015	
41015016	
41015017	
41015018	
41015019	
41015020	
41015021	
41015022	
41015023	
41015024	
41015025	
41015026	
41015027	
41015028	
41015029	
41015030	
41015031	
41015032	
41015033	
41015034	
41015035	
41015036	
41015037	
41015038	
41015039	
41015040	
41015041	
41015042	
41015043	
41015044	
41015045	
41015046	
41015047	
41016001	
41016002	
41016003	
41016004	
41016005	
41016006	
41016007	
41016008	
41016009	
41016010	
41016011	
41016012	
41016013	
41016014	
41016015	
41016016	
41016017	
41016018	
41016019	
41016020	
