01001001	
01001002	
01001003	
01001004	
01001005	
01001006	
01001007	
01001008	
01001009	
01001010	
01001011	
01001012	
01001013	
01001014	
01001015	
01001016	
01001017	
01001018	
01001019	
01001020	
01001021	
01001022	
01001023	
01001024	
01001025	
01001026	
01001027	
01001028	
01001029	
01001030	
01001031	
01002001	
01002002	
01002003	
01002004	
01002005	
01002006	
01002007	
01002008	
01002009	
01002010	
01002011	
01002012	
01002013	
01002014	
01002015	
01002016	
01002017	
01002018	
01002019	
01002020	
01002021	
01002022	
01002023	
01002024	
01002025	
01003001	
01003002	
01003003	
01003004	
01003005	
01003006	
01003007	
01003008	
01003009	
01003010	
01003011	
01003012	
01003013	
01003014	
01003015	
01003016	
01003017	
01003018	
01003019	
01003020	
01003021	
01003022	
01003023	
01003024	
01004001	
01004002	
01004003	
01004004	
01004005	
01004006	
01004007	
01004008	
01004009	
01004010	
01004011	
01004012	
01004013	
01004014	
01004015	
01004016	
01004017	
01004018	
01004019	
01004020	
01004021	
01004022	
01004023	
01004024	
01004025	
01004026	
01005001	
01005002	
01005003	
01005004	
01005005	
01005006	
01005007	
01005008	
01005009	
01005010	
01005011	
01005012	
01005013	
01005014	
01005015	
01005016	
01005017	
01005018	
01005019	
01005020	
01005021	
01005022	
01005023	
01005024	
01005025	
01005026	
01005027	
01005028	
01005029	
01005030	
01005031	
01005032	
01006001	
01006002	
01006003	
01006004	
01006005	
01006006	
01006007	
01006008	
01006009	
01006010	
01006011	
01006012	
01006013	
01006014	
01006015	
01006016	
01006017	
01006018	
01006019	
01006020	
01006021	
01006022	
01007001	
01007002	
01007003	
01007004	
01007005	
01007006	
01007007	
01007008	
01007009	
01007010	
01007011	
01007012	
01007013	
01007014	
01007015	
01007016	
01007017	
01007018	
01007019	
01007020	
01007021	
01007022	
01007023	
01007024	
01008001	
01008002	
01008003	
01008004	
01008005	
01008006	
01008007	
01008008	
01008009	
01008010	
01008011	
01008012	
01008013	
01008014	
01008015	
01008016	
01008017	
01008018	
01008019	
01008020	
01008021	
01008022	
01009001	
01009002	
01009003	
01009004	
01009005	
01009006	
01009007	
01009008	
01009009	
01009010	
01009011	
01009012	
01009013	
01009014	
01009015	
01009016	
01009017	
01009018	
01009019	
01009020	
01009021	
01009022	
01009023	
01009024	
01009025	
01009026	
01009027	
01009028	
01009029	
01010001	
01010002	
01010003	
01010004	
01010005	
01010006	
01010007	
01010008	
01010009	
01010010	
01010011	
01010012	
01010013	
01010014	
01010015	
01010016	
01010017	
01010018	
01010019	
01010020	
01010021	
01010022	
01010023	
01010024	
01010025	
01010026	
01010027	
01010028	
01010029	
01010030	
01010031	
01010032	
01011001	
01011002	
01011003	
01011004	
01011005	
01011006	
01011007	
01011008	
01011009	
01011010	
01011011	
01011012	
01011013	
01011014	
01011015	
01011016	
01011017	
01011018	
01011019	
01011020	
01011021	
01011022	
01011023	
01011024	
01011025	
01011026	
01011027	
01011028	
01011029	
01011030	
01011031	
01011032	
01012001	
01012002	
01012003	
01012004	
01012005	
01012006	
01012007	
01012008	
01012009	
01012010	
01012011	
01012012	
01012013	
01012014	
01012015	
01012016	
01012017	
01012018	
01012019	
01012020	
01013001	
01013002	
01013003	
01013004	
01013005	
01013006	
01013007	
01013008	
01013009	
01013010	
01013011	
01013012	
01013013	
01013014	
01013015	
01013016	
01013017	
01013018	
01014001	
01014002	
01014003	
01014004	
01014005	
01014006	
01014007	
01014008	
01014009	
01014010	
01014011	
01014012	
01014013	
01014014	
01014015	
01014016	
01014017	
01014018	
01014019	
01014020	
01014021	
01014022	
01014023	
01014024	
01015001	
01015002	
01015003	
01015004	
01015005	
01015006	
01015007	
01015008	
01015009	
01015010	
01015011	
01015012	
01015013	
01015014	
01015015	
01015016	
01015017	
01015018	
01015019	
01015020	
01015021	
01016001	
01016002	
01016003	
01016004	
01016005	
01016006	
01016007	
01016008	
01016009	
01016010	
01016011	
01016012	
01016013	
01016014	
01016015	
01016016	
01017001	
01017002	
01017003	
01017004	
01017005	
01017006	
01017007	
01017008	
01017009	
01017010	
01017011	
01017012	
01017013	
01017014	
01017015	
01017016	
01017017	
01017018	
01017019	
01017020	
01017021	
01017022	
01017023	
01017024	
01017025	
01017026	
01017027	
01018001	
01018002	
01018003	
01018004	
01018005	
01018006	
01018007	
01018008	
01018009	
01018010	
01018011	
01018012	
01018013	
01018014	
01018015	
01018016	
01018017	
01018018	
01018019	
01018020	
01018021	
01018022	
01018023	
01018024	
01018025	
01018026	
01018027	
01018028	
01018029	
01018030	
01018031	
01018032	
01018033	
01019001	
01019002	
01019003	
01019004	
01019005	
01019006	
01019007	
01019008	
01019009	
01019010	
01019011	
01019012	
01019013	
01019014	
01019015	
01019016	
01019017	
01019018	
01019019	
01019020	
01019021	
01019022	
01019023	
01019024	
01019025	
01019026	
01019027	
01019028	
01019029	
01019030	
01019031	
01019032	
01019033	
01019034	
01019035	
01019036	
01019037	
01019038	
01020001	
01020002	
01020003	
01020004	
01020005	
01020006	
01020007	
01020008	
01020009	
01020010	
01020011	
01020012	
01020013	
01020014	
01020015	
01020016	
01020017	
01020018	
01021001	
01021002	
01021003	
01021004	
01021005	
01021006	
01021007	
01021008	
01021009	
01021010	
01021011	
01021012	
01021013	
01021014	
01021015	
01021016	
01021017	
01021018	
01021019	
01021020	
01021021	
01021022	
01021023	
01021024	
01021025	
01021026	
01021027	
01021028	
01021029	
01021030	
01021031	
01021032	
01021033	
01021034	
01022001	
01022002	
01022003	
01022004	
01022005	
01022006	
01022007	
01022008	
01022009	
01022010	
01022011	
01022012	
01022013	
01022014	
01022015	
01022016	
01022017	
01022018	
01022019	
01022020	
01022021	
01022022	
01022023	
01022024	
01023001	
01023002	
01023003	
01023004	
01023005	
01023006	
01023007	
01023008	
01023009	
01023010	
01023011	
01023012	
01023013	
01023014	
01023015	
01023016	
01023017	
01023018	
01023019	
01023020	
01024001	
01024002	
01024003	
01024004	
01024005	
01024006	
01024007	
01024008	
01024009	
01024010	
01024011	
01024012	
01024013	
01024014	
01024015	
01024016	
01024017	
01024018	
01024019	
01024020	
01024021	
01024022	
01024023	
01024024	
01024025	
01024026	
01024027	
01024028	
01024029	
01024030	
01024031	
01024032	
01024033	
01024034	
01024035	
01024036	
01024037	
01024038	
01024039	
01024040	
01024041	
01024042	
01024043	
01024044	
01024045	
01024046	
01024047	
01024048	
01024049	
01024050	
01024051	
01024052	
01024053	
01024054	
01024055	
01024056	
01024057	
01024058	
01024059	
01024060	
01024061	
01024062	
01024063	
01024064	
01024065	
01024066	
01024067	
01025001	
01025002	
01025003	
01025004	
01025005	
01025006	
01025007	
01025008	
01025009	
01025010	
01025011	
01025012	
01025013	
01025014	
01025015	
01025016	
01025017	
01025018	
01025019	
01025020	
01025021	
01025022	
01025023	
01025024	
01025025	
01025026	
01025027	
01025028	
01025029	
01025030	
01025031	
01025032	
01025033	
01025034	
01026001	
01026002	
01026003	
01026004	
01026005	
01026006	
01026007	
01026008	
01026009	
01026010	
01026011	
01026012	
01026013	
01026014	
01026015	
01026016	
01026017	
01026018	
01026019	
01026020	
01026021	
01026022	
01026023	
01026024	
01026025	
01026026	
01026027	
01026028	
01026029	
01026030	
01026031	
01026032	
01026033	
01026034	
01026035	
01027001	
01027002	
01027003	
01027004	
01027005	
01027006	
01027007	
01027008	
01027009	
01027010	
01027011	
01027012	
01027013	
01027014	
01027015	
01027016	
01027017	
01027018	
01027019	
01027020	
01027021	
01027022	
01027023	
01027024	
01027025	
01027026	
01027027	
01027028	
01027029	
01027030	
01027031	
01027032	
01027033	
01027034	
01027035	
01027036	
01027037	
01027038	
01027039	
01027040	
01027041	
01027042	
01027043	
01027044	
01027045	
01027046	
01028001	
01028002	
01028003	
01028004	
01028005	
01028006	
01028007	
01028008	
01028009	
01028010	
01028011	
01028012	
01028013	
01028014	
01028015	
01028016	
01028017	
01028018	
01028019	
01028020	
01028021	
01028022	
01029001	
01029002	
01029003	
01029004	
01029005	
01029006	
01029007	
01029008	
01029009	
01029010	
01029011	
01029012	
01029013	
01029014	
01029015	
01029016	
01029017	
01029018	
01029019	
01029020	
01029021	
01029022	
01029023	
01029024	
01029025	
01029026	
01029027	
01029028	
01029029	
01029030	
01029031	
01029032	
01029033	
01029034	
01029035	
01030001	
01030002	
01030003	
01030004	
01030005	
01030006	
01030007	
01030008	
01030009	
01030010	
01030011	
01030012	
01030013	
01030014	
01030015	
01030016	
01030017	
01030018	
01030019	
01030020	
01030021	
01030022	
01030023	
01030024	
01030025	
01030026	
01030027	
01030028	
01030029	
01030030	
01030031	
01030032	
01030033	
01030034	
01030035	
01030036	
01030037	
01030038	
01030039	
01030040	
01030041	
01030042	
01030043	
01031001	
01031002	
01031003	
01031004	
01031005	
01031006	
01031007	
01031008	
01031009	
01031010	
01031011	
01031012	
01031013	
01031014	
01031015	
01031016	
01031017	
01031018	
01031019	
01031020	
01031021	
01031022	
01031023	
01031024	
01031025	
01031026	
01031027	
01031028	
01031029	
01031030	
01031031	
01031032	
01031033	
01031034	
01031035	
01031036	
01031037	
01031038	
01031039	
01031040	
01031041	
01031042	
01031043	
01031044	
01031045	
01031046	
01031047	
01031048	
01031049	
01031050	
01031052	
01031053	
01031054	
01032001	
01032002	
01032003	
01032004	
01032005	
01032006	
01032007	
01032008	
01032009	
01032010	
01032011	
01032012	
01032013	
01032014	
01032015	
01032016	
01032017	
01032018	
01032019	
01032020	
01032021	
01032022	
01032023	
01032024	
01032025	
01032026	
01032027	
01032028	
01032029	
01032030	
01032031	
01032032	
01032033	
01033001	
01033002	
01033003	
01033004	
01033005	
01033006	
01033007	
01033008	
01033009	
01033010	
01033011	
01033012	
01033013	
01033014	
01033015	
01033016	
01033017	
01033018	
01033019	
01033020	
01034001	
01034002	
01034003	
01034004	
01034005	
01034006	
01034007	
01034008	
01034009	
01034010	
01034011	
01034012	
01034013	
01034014	
01034015	
01034016	
01034017	
01034018	
01034019	
01034020	
01034021	
01034022	
01034023	
01034024	
01034025	
01034026	
01034027	
01034028	
01034029	
01034030	
01034031	
01035001	
01035002	
01035003	
01035004	
01035005	
01035006	
01035007	
01035008	
01035009	
01035010	
01035011	
01035012	
01035013	
01035014	
01035015	
01035016	
01035017	
01035018	
01035019	
01035020	
01035022	
01035023	
01035024	
01035025	
01035026	
01035027	
01035028	
01035029	
01036001	
01036002	
01036003	
01036004	
01036005	
01036006	
01036007	
01036008	
01036009	
01036010	
01036011	
01036012	
01036013	
01036014	
01036015	
01036016	
01036017	
01036018	
01036019	
01036020	
01036021	
01036022	
01036023	
01036024	
01036025	
01036026	
01036027	
01036028	
01036029	
01036030	
01036031	
01036032	
01036033	
01036034	
01036035	
01036036	
01036037	
01036038	
01036039	
01036040	
01036041	
01036042	
01036043	
01037001	
01037002	
01037003	
01037004	
01037005	
01037006	
01037007	
01037008	
01037009	
01037010	
01037011	
01037012	
01037013	
01037014	
01037015	
01037016	
01037017	
01037018	
01037019	
01037020	
01037021	
01037022	
01037023	
01037024	
01037025	
01037026	
01037027	
01037028	
01037029	
01037030	
01037031	
01037032	
01037033	
01037034	
01037035	
01037036	
01038001	
01038002	
01038003	
01038004	
01038005	
01038006	
01038007	
01038008	
01038009	
01038010	
01038011	
01038012	
01038013	
01038014	
01038015	
01038016	
01038017	
01038018	
01038019	
01038020	
01038021	
01038022	
01038023	
01038024	
01038025	
01038026	
01038027	
01038028	
01038029	
01038030	
01039001	
01039002	
01039003	
01039004	
01039005	
01039006	
01039007	
01039008	
01039009	
01039010	
01039011	
01039012	
01039013	
01039014	
01039015	
01039016	
01039017	
01039018	
01039019	
01039020	
01039021	
01039022	
01039023	
01040001	
01040002	
01040003	
01040004	
01040005	
01040006	
01040007	
01040008	
01040009	
01040010	
01040011	
01040012	
01040013	
01040014	
01040015	
01040016	
01040017	
01040018	
01040019	
01040020	
01040021	
01040022	
01040023	
01041001	
01041002	
01041003	
01041004	
01041005	
01041006	
01041007	
01041008	
01041009	
01041010	
01041011	
01041012	
01041013	
01041014	
01041015	
01041016	
01041017	
01041018	
01041019	
01041020	
01041021	
01041022	
01041023	
01041024	
01041025	
01041026	
01041027	
01041028	
01041029	
01041030	
01041031	
01041032	
01041033	
01041034	
01041035	
01041036	
01041037	
01041038	
01041039	
01041040	
01041041	
01041042	
01041043	
01041044	
01041045	
01041046	
01041047	
01041048	
01041049	
01041050	
01041051	
01041052	
01041053	
01041054	
01041055	
01041056	
01041057	
01042001	
01042002	
01042003	
01042004	
01042005	
01042006	
01042007	
01042008	
01042009	
01042010	
01042011	
01042012	
01042013	
01042014	
01042015	
01042016	
01042017	
01042018	
01042019	
01042020	
01042021	
01042022	
01042023	
01042024	
01042025	
01042026	
01042027	
01042028	
01042029	
01042030	
01042031	
01042032	
01042033	
01042034	
01042035	
01042036	
01042037	
01042038	
01043001	
01043002	
01043003	
01043004	
01043005	
01043006	
01043007	
01043008	
01043009	
01043010	
01043011	
01043012	
01043013	
01043014	
01043015	
01043016	
01043017	
01043018	
01043019	
01043020	
01043021	
01043022	
01043023	
01043024	
01043025	
01043026	
01043027	
01043028	
01043029	
01043030	
01043031	
01043032	
01043033	
01043034	
01044001	
01044002	
01044003	
01044004	
01044005	
01044006	
01044007	
01044008	
01044009	
01044010	
01044011	
01044012	
01044013	
01044014	
01044015	
01044016	
01044017	
01044018	
01044019	
01044020	
01044021	
01044022	
01044023	
01044024	
01044025	
01044026	
01044027	
01044028	
01044029	
01044030	
01044031	
01044032	
01044033	
01044034	
01045001	
01045002	
01045003	
01045004	
01045005	
01045006	
01045007	
01045008	
01045009	
01045010	
01045011	
01045012	
01045013	
01045014	
01045015	
01045016	
01045017	
01045018	
01045019	
01045020	
01045021	
01045022	
01045023	
01045024	
01045025	
01045026	
01045027	
01045028	
01046001	
01046002	
01046003	
01046004	
01046005	
01046006	
01046007	
01046008	
01046009	
01046010	
01046011	
01046012	
01046013	
01046014	
01046015	
01046016	
01046017	
01046018	
01046019	
01046020	
01046021	
01046022	
01046023	
01046024	
01046025	
01046026	
01046027	
01046028	
01046029	
01046030	
01046031	
01046032	
01046033	
01046034	
01047001	
01047002	
01047003	
01047004	
01047005	
01047006	
01047007	
01047008	
01047009	
01047010	
01047011	
01047012	
01047013	
01047014	
01047015	
01047016	
01047017	
01047018	
01047019	
01047020	
01047021	
01047022	
01047023	
01047024	
01047025	
01047026	
01047027	
01047028	
01047029	
01047030	
01047031	
01048001	
01048002	
01048003	
01048004	
01048005	
01048006	
01048007	
01048008	
01048009	
01048010	
01048011	
01048012	
01048013	
01048014	
01048015	
01048016	
01048017	
01048018	
01048019	
01048020	
01048021	
01048022	
01049001	
01049002	
01049003	
01049004	
01049005	
01049006	
01049007	
01049008	
01049009	
01049010	
01049011	
01049012	
01049013	
01049014	
01049015	
01049016	
01049017	
01049018	
01049019	
01049020	
01049021	
01049022	
01049023	
01049024	
01049025	
01049026	
01049027	
01049028	
01049029	
01049030	
01049031	
01049032	
01049033	
01050001	
01050002	
01050003	
01050004	
01050005	
01050006	
01050007	
01050008	
01050009	
01050010	
01050011	
01050012	
01050013	
01050014	
01050015	
01050016	
01050017	
01050018	
01050019	
01050020	
01050021	
01050022	
01050023	
01050024	
01050025	
01050026	
02001001	
02001002	
02001003	
02001004	
02001005	
02001006	
02001007	
02001008	
02001009	
02001010	
02001011	
02001012	
02001013	
02001014	
02001015	
02001016	
02001017	
02001018	
02001019	
02001020	
02001021	
02001022	
02002001	
02002002	
02002003	
02002004	
02002005	
02002006	
02002007	
02002008	
02002009	
02002010	
02002011	
02002012	
02002013	
02002014	
02002015	
02002016	
02002017	
02002018	
02002019	
02002020	
02002021	
02002022	
02002023	
02002024	
02002025	
02003001	
02003002	
02003003	
02003004	
02003005	
02003006	
02003007	
02003008	
02003009	
02003010	
02003011	
02003012	
02003013	
02003014	
02003015	
02003016	
02003017	
02003018	
02003019	
02003020	
02003021	
02003022	
02004001	
02004002	
02004003	
02004004	
02004005	
02004006	
02004007	
02004008	
02004009	
02004010	
02004011	
02004012	
02004013	
02004014	
02004015	
02004016	
02004017	
02004018	
02004019	
02004020	
02004021	
02004022	
02004023	
02004024	
02004025	
02004026	
02004027	
02004028	
02004029	
02004030	
02004031	
02005001	
02005002	
02005003	
02005004	
02005005	
02005006	
02005007	
02005008	
02005009	
02005010	
02005011	
02005012	
02005013	
02005014	
02005015	
02005016	
02005017	
02005018	
02005019	
02005020	
02005021	
02005022	
02005023	
02006001	
02006002	
02006003	
02006004	
02006005	
02006006	
02006007	
02006008	
02006009	
02006010	
02006011	
02006012	
02006013	
02006014	
02006015	
02006016	
02006017	
02006018	
02006019	
02006020	
02006021	
02006022	
02006023	
02006024	
02006025	
02006026	
02006027	
02006028	
02006029	
02006030	
02007001	
02007002	
02007003	
02007004	
02007005	
02007006	
02007007	
02007008	
02007009	
02007010	
02007011	
02007012	
02007013	
02007014	
02007015	
02007016	
02007017	
02007018	
02007019	
02007020	
02007021	
02007022	
02007023	
02007024	
02007025	
02007026	
02007027	
02007028	
02007029	
02008001	
02008002	
02008003	
02008004	
02008005	
02008006	
02008007	
02008008	
02008009	
02008010	
02008011	
02008012	
02008013	
02008014	
02008015	
02008016	
02008017	
02008018	
02008019	
02008020	
02008021	
02008022	
02008023	
02008024	
02008025	
02008026	
02008027	
02008028	
02009001	
02009002	
02009003	
02009004	
02009005	
02009006	
02009007	
02009008	
02009009	
02009010	
02009011	
02009012	
02009013	
02009014	
02009015	
02009016	
02009017	
02009018	
02009019	
02009020	
02009021	
02009022	
02009023	
02009024	
02009025	
02009026	
02009027	
02009028	
02009029	
02009030	
02009031	
02009032	
02009033	
02009034	
02009035	
02010001	
02010002	
02010003	
02010004	
02010005	
02010006	
02010007	
02010008	
02010009	
02010010	
02010011	
02010012	
02010013	
02010014	
02010015	
02010016	
02010017	
02010018	
02010019	
02010020	
02010021	
02010022	
02010023	
02010024	
02010025	
02010026	
02010027	
02010028	
02010029	
02011001	
02011002	
02011003	
02011004	
02011005	
02011006	
02011007	
02011008	
02011009	
02011010	
02012001	
02012002	
02012003	
02012004	
02012005	
02012006	
02012007	
02012008	
02012009	
02012010	
02012011	
02012012	
02012013	
02012014	
02012015	
02012016	
02012017	
02012018	
02012019	
02012020	
02012021	
02012022	
02012023	
02012024	
02012025	
02012026	
02012027	
02012028	
02012029	
02012030	
02012031	
02012032	
02012033	
02012034	
02012035	
02012036	
02012037	
02012038	
02012039	
02012040	
02012041	
02012042	
02012043	
02012044	
02012045	
02012046	
02012047	
02012048	
02012049	
02012050	
02012051	
02013001	
02013002	
02013003	
02013004	
02013005	
02013006	
02013007	
02013008	
02013009	
02013010	
02013011	
02013012	
02013013	
02013014	
02013015	
02013016	
02013017	
02013018	
02013019	
02013020	
02013021	
02013022	
02014001	
02014002	
02014003	
02014004	
02014005	
02014006	
02014007	
02014008	
02014009	
02014010	
02014011	
02014012	
02014013	
02014014	
02014015	
02014016	
02014017	
02014018	
02014019	
02014020	
02014021	
02014022	
02014023	
02014024	
02014025	
02014026	
02014027	
02014028	
02014029	
02014030	
02014031	
02015001	
02015002	
02015003	
02015004	
02015005	
02015006	
02015007	
02015008	
02015009	
02015010	
02015011	
02015012	
02015013	
02015014	
02015015	
02015016	
02015017	
02015018	
02015019	
02015020	
02015021	
02015022	
02015023	
02015024	
02015025	
02015026	
02015027	
02016001	
02016002	
02016003	
02016004	
02016005	
02016006	
02016007	
02016008	
02016009	
02016010	
02016011	
02016012	
02016013	
02016014	
02016015	
02016016	
02016017	
02016018	
02016019	
02016020	
02016021	
02016022	
02016023	
02016024	
02016025	
02016026	
02016027	
02016028	
02016029	
02016030	
02016031	
02016032	
02016033	
02016034	
02016035	
02016036	
02017001	
02017002	
02017003	
02017004	
02017005	
02017006	
02017007	
02017008	
02017009	
02017010	
02017011	
02017012	
02017013	
02017014	
02017015	
02017016	
02018001	
02018002	
02018003	
02018004	
02018005	
02018006	
02018007	
02018008	
02018009	
02018010	
02018011	
02018012	
02018013	
02018014	
02018015	
02018016	
02018017	
02018018	
02018019	
02018020	
02018021	
02018022	
02018023	
02018024	
02018025	
02018026	
02018027	
02019001	
02019002	
02019003	
02019004	
02019005	
02019006	
02019007	
02019008	
02019009	
02019010	
02019011	
02019012	
02019013	
02019014	
02019015	
02019016	
02019017	
02019018	
02019019	
02019020	
02019021	
02019022	
02019023	
02019024	
02019025	
02020001	
02020002	
02020003	
02020004	
02020005	
02020006	
02020007	
02020008	
02020009	
02020010	
02020011	
02020012	
02020013	
02020014	
02020015	
02020016	
02020017	
02020018	
02020019	
02020020	
02020021	
02020022	
02020023	
02020024	
02020025	
02020026	
02021001	
02021002	
02021003	
02021004	
02021005	
02021006	
02021007	
02021008	
02021009	
02021010	
02021011	
02021012	
02021013	
02021014	
02021015	
02021016	
02021017	
02021018	
02021019	
02021020	
02021021	
02021022	
02021023	
02021024	
02021025	
02021026	
02021027	
02021028	
02021029	
02021030	
02021031	
02021032	
02021033	
02021034	
02021035	
02021036	
02021037	
02022001	
02022002	
02022003	
02022004	
02022005	
02022006	
02022007	
02022008	
02022009	
02022010	
02022011	
02022012	
02022013	
02022014	
02022015	
02022016	
02022017	
02022018	
02022019	
02022020	
02022021	
02022022	
02022023	
02022024	
02022025	
02022026	
02022027	
02022028	
02022029	
02022030	
02023001	
02023002	
02023003	
02023004	
02023005	
02023006	
02023007	
02023008	
02023009	
02023010	
02023011	
02023012	
02023013	
02023014	
02023015	
02023016	
02023017	
02023018	
02023019	
02023020	
02023021	
02023022	
02023023	
02023024	
02023025	
02023026	
02023027	
02023028	
02023029	
02023030	
02023031	
02023032	
02023033	
02024001	
02024002	
02024003	
02024004	
02024005	
02024006	
02024007	
02024008	
02024009	
02024010	
02024011	
02024012	
02024013	
02024014	
02024015	
02024016	
02024017	
02024018	
02025001	
02025002	
02025003	
02025004	
02025005	
02025007	
02025008	
02025009	
02025010	
02025011	
02025012	
02025013	
02025014	
02025015	
02025016	
02025017	
02025018	
02025019	
02025020	
02025021	
02025022	
02025023	
02025024	
02025025	
02025026	
02025027	
02025028	
02025029	
02025030	
02025031	
02025032	
02025033	
02025034	
02025035	
02025036	
02025037	
02025038	
02025039	
02025040	
02026001	
02026002	
02026003	
02026004	
02026005	
02026006	
02026007	
02026008	
02026009	
02026010	
02026011	
02026012	
02026013	
02026014	
02026015	
02026016	
02026017	
02026018	
02026019	
02026020	
02026021	
02026022	
02026023	
02026024	
02026025	
02026026	
02026027	
02026028	
02026029	
02026030	
02026031	
02026032	
02026033	
02026034	
02026035	
02026036	
02026037	
02027001	
02027002	
02027003	
02027004	
02027005	
02027006	
02027007	
02027008	
02027009	
02027010	
02027011	
02027012	
02027013	
02027014	
02027015	
02027016	
02027017	
02027018	
02027019	
02027020	
02027021	
02028001	
02028002	
02028003	
02028004	
02028005	
02028006	
02028007	
02028008	
02028009	
02028010	
02028011	
02028012	
02028013	
02028014	
02028015	
02028016	
02028017	
02028018	
02028019	
02028020	
02028021	
02028022	
02028029	
02028030	
02028031	
02028032	
02028033	
02028034	
02028035	
02028036	
02028037	
02028038	
02028039	
02028040	
02028041	
02028042	
02028043	
02029001	
02029002	
02029003	
02029004	
02029005	
02029006	
02029007	
02029008	
02029009	
02029010	
02029011	
02029012	
02029013	
02029014	
02029015	
02029016	
02029017	
02029018	
02029019	
02029020	
02029021	
02029022	
02029023	
02029024	
02029025	
02029026	
02029027	
02029028	
02029029	
02029030	
02029031	
02029032	
02029033	
02029034	
02029035	
02029036	
02029037	
02029038	
02029039	
02029040	
02029041	
02029042	
02029043	
02029044	
02029045	
02029046	
02030001	
02030002	
02030003	
02030004	
02030005	
02030006	
02030007	
02030008	
02030009	
02030010	
02030011	
02030012	
02030013	
02030014	
02030015	
02030016	
02030017	
02030018	
02030019	
02030020	
02030021	
02030022	
02030023	
02030024	
02030025	
02030026	
02030027	
02030028	
02030029	
02030030	
02030031	
02030032	
02030033	
02030034	
02030035	
02030036	
02030037	
02030038	
02031001	
02031002	
02031003	
02031004	
02031005	
02031006	
02031007	
02031008	
02031009	
02031010	
02031011	
02031012	
02031013	
02031014	
02031015	
02031016	
02031017	
02031018	
02032001	
02032002	
02032003	
02032004	
02032005	
02032006	
02032007	
02032008	
02032010	
02032011	
02032012	
02032013	
02032014	
02032015	
02032016	
02032017	
02032018	
02032019	
02032020	
02032021	
02032022	
02032023	
02032024	
02032025	
02032026	
02032027	
02032028	
02032029	
02032030	
02032031	
02032032	
02032033	
02032034	
02032035	
02033001	
02033002	
02033003	
02033004	
02033005	
02033006	
02033007	
02033008	
02033009	
02033010	
02033011	
02033012	
02033013	
02033014	
02033015	
02033016	
02033017	
02033018	
02033019	
02033020	
02033021	
02033022	
02033023	
02034001	
02034002	
02034003	
02034004	
02034005	
02034006	
02034007	
02034008	
02034009	
02034010	
02034011	
02034012	
02034013	
02034014	
02034015	
02034016	
02034017	
02034018	
02034019	
02034020	
02034021	
02034022	
02034023	
02034024	
02034025	
02034026	
02034027	
02034028	
02034029	
02034030	
02034031	
02034032	
02034033	
02034034	
02034035	
02035001	
02035002	
02035003	
02035004	
02035005	
02035006	
02035007	
02035009	
02035010	
02035011	
02035012	
02035013	
02035014	
02035016	
02035019	
02035020	
02035021	
02035022	
02035023	
02035024	
02035025	
02035026	
02035027	
02035028	
02035029	
02035030	
02035031	
02035032	
02035033	
02035034	
02035035	
02036001	
02036002	
02036003	
02036004	
02036005	
02036006	
02036007	
02036008	
02036009	
02036010	
02036011	
02036012	
02036013	
02036014	
02036015	
02036016	
02036017	
02036018	
02036019	
02036020	
02036021	
02036022	
02036023	
02036024	
02036025	
02036026	
02036027	
02036028	
02036029	
02036030	
02036031	
02036032	
02036033	
02036034	
02036035	
02036036	
02036037	
02036038	
02037001	
02037002	
02037003	
02037004	
02037005	
02037006	
02037007	
02037008	
02037009	
02037010	
02037011	
02037012	
02037013	
02037014	
02037015	
02037016	
02037017	
02037018	
02037019	
02037020	
02037021	
02038001	
02038002	
02038003	
02038004	
02038005	
02038006	
02038007	
02038008	
02038009	
02038010	
02038011	
02038012	
02038013	
02038014	
02038015	
02038016	
02038017	
02038018	
02038019	
02038020	
02038021	
02038022	
02038023	
02038024	
02038025	
02038026	
02038027	
02039001	
02039002	
02039003	
02039004	
02039005	
02039006	
02039007	
02039008	
02039009	
02039010	
02039011	
02039012	
02039013	
02039014	
02039015	
02039016	
02039017	
02039018	
02039019	
02039020	
02039021	
02039022	
02039023	
02040001	
02040002	
02040003	
02040004	
02040005	
02040006	
02040008	
02040009	
02040010	
02040012	
02040013	
02040014	
02040015	
02040016	
02040017	
02040018	
02040019	
02040020	
02040021	
02040022	
02040023	
02040024	
02040025	
02040026	
02040027	
02040029	
02040033	
02040034	
02040035	
02040036	
02040037	
02040038	
03001001	
03001002	
03001003	
03001004	
03001005	
03001006	
03001007	
03001008	
03001009	
03001010	
03001011	
03001012	
03001013	
03001014	
03001015	
03001016	
03001017	
03002001	
03002002	
03002003	
03002004	
03002005	
03002006	
03002007	
03002008	
03002009	
03002010	
03002011	
03002012	
03002013	
03002014	
03002015	
03002016	
03003001	
03003002	
03003003	
03003004	
03003005	
03003006	
03003007	
03003008	
03003009	
03003010	
03003011	
03003012	
03003013	
03003014	
03003015	
03003016	
03003017	
03004001	
03004002	
03004003	
03004004	
03004005	
03004006	
03004007	
03004008	
03004009	
03004010	
03004011	
03004012	
03004013	
03004014	
03004015	
03004016	
03004017	
03004018	
03004019	
03004020	
03004021	
03004022	
03004023	
03004024	
03004025	
03004026	
03004027	
03004028	
03004029	
03004030	
03004031	
03004032	
03004033	
03004034	
03004035	
03005001	
03005002	
03005003	
03005004	
03005005	
03005006	
03005007	
03005008	
03005009	
03005010	
03005011	
03005012	
03005013	
03005014	
03005015	
03005016	
03005017	
03005018	
03005019	
03005020	
03005021	
03005022	
03005023	
03005024	
03005025	
03005026	
03006001	
03006002	
03006003	
03006004	
03006005	
03006006	
03006007	
03006008	
03006009	
03006010	
03006011	
03006012	
03006013	
03006014	
03006015	
03006016	
03006017	
03006018	
03006019	
03006020	
03006021	
03006022	
03006023	
03007001	
03007002	
03007003	
03007004	
03007005	
03007006	
03007007	
03007008	
03007009	
03007010	
03007011	
03007012	
03007013	
03007014	
03007015	
03007016	
03007017	
03007018	
03007019	
03007020	
03007021	
03007022	
03007023	
03007024	
03007025	
03007026	
03007027	
03007028	
03007029	
03007030	
03007031	
03007032	
03007033	
03007034	
03007035	
03007036	
03007037	
03007038	
03008001	
03008002	
03008003	
03008004	
03008005	
03008006	
03008007	
03008008	
03008009	
03008010	
03008011	
03008012	
03008013	
03008014	
03008015	
03008016	
03008017	
03008018	
03008019	
03008020	
03008021	
03008022	
03008023	
03008024	
03008025	
03008026	
03008027	
03008028	
03008029	
03008030	
03008031	
03008032	
03008033	
03008034	
03008035	
03008036	
03009001	
03009002	
03009003	
03009004	
03009005	
03009006	
03009007	
03009008	
03009009	
03009010	
03009011	
03009012	
03009013	
03009014	
03009015	
03009016	
03009017	
03009018	
03009019	
03009020	
03009021	
03009022	
03009023	
03009024	
03010001	
03010002	
03010003	
03010004	
03010005	
03010006	
03010007	
03010008	
03010009	
03010010	
03010011	
03010012	
03010013	
03010014	
03010015	
03010016	
03010017	
03010018	
03010019	
03010020	
03011001	
03011002	
03011003	
03011004	
03011005	
03011006	
03011007	
03011008	
03011009	
03011010	
03011011	
03011012	
03011013	
03011014	
03011015	
03011016	
03011017	
03011018	
03011019	
03011020	
03011021	
03011022	
03011023	
03011024	
03011025	
03011026	
03011027	
03011028	
03011029	
03011030	
03011031	
03011032	
03011033	
03011034	
03011035	
03011036	
03011037	
03011038	
03011039	
03011040	
03011041	
03011042	
03011043	
03011044	
03011045	
03011046	
03011047	
03012001	
03012002	
03012003	
03012004	
03012005	
03012006	
03012007	
03012008	
03013001	
03013002	
03013003	
03013004	
03013005	
03013006	
03013007	
03013008	
03013009	
03013010	
03013011	
03013012	
03013013	
03013014	
03013015	
03013016	
03013017	
03013018	
03013019	
03013020	
03013021	
03013022	
03013023	
03013024	
03013025	
03013026	
03013027	
03013028	
03013029	
03013030	
03013031	
03013032	
03013033	
03013034	
03013035	
03013036	
03013037	
03013038	
03013039	
03013040	
03013041	
03013042	
03013043	
03013044	
03013045	
03013046	
03013047	
03013048	
03013049	
03013050	
03013051	
03013052	
03013053	
03013054	
03013055	
03013056	
03013057	
03013058	
03013059	
03014001	
03014002	
03014003	
03014004	
03014005	
03014006	
03014007	
03014008	
03014009	
03014010	
03014011	
03014012	
03014013	
03014014	
03014015	
03014016	
03014017	
03014018	
03014019	
03014020	
03014021	
03014022	
03014023	
03014024	
03014025	
03014026	
03014027	
03014028	
03014029	
03014030	
03014031	
03014032	
03014033	
03014034	
03014035	
03014036	
03014037	
03014038	
03014039	
03014040	
03014041	
03014042	
03014043	
03014044	
03014045	
03014046	
03014047	
03014048	
03014049	
03014050	
03014051	
03014052	
03014053	
03014054	
03014055	
03014056	
03014057	
03015001	
03015002	
03015003	
03015004	
03015005	
03015006	
03015007	
03015008	
03015009	
03015010	
03015011	
03015012	
03015013	
03015014	
03015015	
03015016	
03015017	
03015018	
03015019	
03015020	
03015021	
03015022	
03015023	
03015024	
03015025	
03015026	
03015027	
03015028	
03015029	
03015030	
03015031	
03015032	
03015033	
03016001	
03016002	
03016003	
03016004	
03016005	
03016006	
03016007	
03016008	
03016009	
03016010	
03016011	
03016012	
03016013	
03016014	
03016015	
03016016	
03016017	
03016018	
03016019	
03016020	
03016021	
03016022	
03016023	
03016024	
03016025	
03016026	
03016027	
03016028	
03016029	
03016030	
03016031	
03016032	
03016033	
03016034	
03017001	
03017002	
03017003	
03017004	
03017005	
03017006	
03017007	
03017008	
03017009	
03017010	
03017011	
03017012	
03017013	
03017014	
03017015	
03017016	
03018001	
03018002	
03018003	
03018004	
03018005	
03018006	
03018007	
03018008	
03018009	
03018010	
03018011	
03018012	
03018013	
03018014	
03018015	
03018016	
03018017	
03018018	
03018019	
03018020	
03018021	
03018022	
03018023	
03018024	
03018025	
03018026	
03018027	
03018028	
03018029	
03018030	
03019001	
03019002	
03019003	
03019004	
03019005	
03019006	
03019007	
03019008	
03019009	
03019010	
03019011	
03019012	
03019013	
03019014	
03019015	
03019016	
03019017	
03019018	
03019019	
03019020	
03019021	
03019022	
03019023	
03019024	
03019025	
03019026	
03019027	
03019028	
03019029	
03019030	
03019031	
03019032	
03019033	
03019034	
03019035	
03019036	
03019037	
03020001	
03020002	
03020003	
03020004	
03020005	
03020006	
03020007	
03020008	
03020009	
03020010	
03020011	
03020012	
03020013	
03020014	
03020015	
03020016	
03020017	
03020018	
03020019	
03020020	
03020021	
03020022	
03020023	
03020024	
03020025	
03020026	
03020027	
03021001	
03021002	
03021003	
03021004	
03021005	
03021006	
03021007	
03021008	
03021009	
03021010	
03021011	
03021012	
03021013	
03021014	
03021015	
03021016	
03021017	
03021018	
03021019	
03021020	
03021021	
03021022	
03021023	
03021024	
03022001	
03022002	
03022003	
03022004	
03022005	
03022006	
03022007	
03022008	
03022009	
03022010	
03022011	
03022012	
03022013	
03022014	
03022015	
03022016	
03022017	
03022018	
03022019	
03022020	
03022021	
03022022	
03022023	
03022024	
03022025	
03022026	
03022027	
03022028	
03022029	
03022030	
03022031	
03022032	
03022033	
03023001	
03023002	
03023003	
03023004	
03023005	
03023006	
03023007	
03023008	
03023009	
03023010	
03023011	
03023012	
03023013	
03023014	
03023015	
03023016	
03023017	
03023018	
03023019	
03023020	
03023021	
03023022	
03023023	
03023024	
03023025	
03023026	
03023027	
03023028	
03023029	
03023030	
03023031	
03023032	
03023033	
03023034	
03023035	
03023036	
03023037	
03023038	
03023039	
03023040	
03023041	
03023042	
03023043	
03023044	
03024001	
03024002	
03024003	
03024004	
03024005	
03024006	
03024007	
03024008	
03024009	
03024010	
03024011	
03024012	
03024013	
03024014	
03024015	
03024016	
03024017	
03024018	
03024019	
03024020	
03024021	
03024022	
03024023	
03025001	
03025002	
03025003	
03025004	
03025005	
03025006	
03025007	
03025008	
03025009	
03025010	
03025011	
03025012	
03025013	
03025014	
03025015	
03025016	
03025017	
03025018	
03025019	
03025020	
03025021	
03025022	
03025023	
03025024	
03025025	
03025026	
03025027	
03025028	
03025029	
03025030	
03025031	
03025032	
03025033	
03025034	
03025035	
03025036	
03025037	
03025038	
03025039	
03025040	
03025041	
03025042	
03025043	
03025044	
03025045	
03025046	
03025047	
03025048	
03025049	
03025050	
03025051	
03025052	
03025053	
03025054	
03025055	
03026001	
03026002	
03026003	
03026004	
03026005	
03026006	
03026007	
03026008	
03026009	
03026010	
03026011	
03026012	
03026013	
03026014	
03026015	
03026016	
03026017	
03026018	
03026019	
03026020	
03026021	
03026022	
03026023	
03026024	
03026025	
03026026	
03026027	
03026028	
03026029	
03026030	
03026031	
03026032	
03026033	
03026034	
03026035	
03026036	
03026037	
03026038	
03026039	
03026040	
03026041	
03026042	
03026043	
03026044	
03026045	
03026046	
03027001	
03027002	
03027003	
03027004	
03027005	
03027006	
03027007	
03027008	
03027009	
03027010	
03027011	
03027012	
03027013	
03027014	
03027015	
03027016	
03027017	
03027018	
03027019	
03027020	
03027021	
03027022	
03027023	
03027024	
03027025	
03027026	
03027027	
03027028	
03027029	
03027030	
03027031	
03027032	
03027033	
03027034	
04001001	
04001002	
04001003	
04001004	
04001005	
04001006	
04001007	
04001008	
04001009	
04001010	
04001011	
04001012	
04001013	
04001014	
04001015	
04001016	
04001017	
04001018	
04001019	
04001020	
04001021	
04001022	
04001023	
04001024	
04001025	
04001026	
04001027	
04001028	
04001029	
04001030	
04001031	
04001032	
04001033	
04001034	
04001035	
04001036	
04001037	
04001038	
04001039	
04001040	
04001041	
04001042	
04001043	
04001044	
04001045	
04001046	
04001047	
04001048	
04001049	
04001050	
04001051	
04001052	
04001053	
04001054	
04002001	
04002002	
04002003	
04002004	
04002005	
04002006	
04002007	
04002008	
04002009	
04002010	
04002011	
04002012	
04002013	
04002014	
04002015	
04002016	
04002017	
04002018	
04002019	
04002020	
04002021	
04002022	
04002023	
04002024	
04002025	
04002026	
04002027	
04002028	
04002029	
04002030	
04002031	
04002032	
04002033	
04002034	
04003001	
04003002	
04003003	
04003004	
04003005	
04003006	
04003007	
04003008	
04003009	
04003010	
04003011	
04003012	
04003013	
04003014	
04003015	
04003016	
04003017	
04003018	
04003019	
04003020	
04003021	
04003022	
04003023	
04003024	
04003025	
04003026	
04003027	
04003028	
04003029	
04003030	
04003031	
04003032	
04003033	
04003034	
04003035	
04003036	
04003037	
04003038	
04003039	
04003040	
04003041	
04003042	
04003043	
04003044	
04003045	
04003046	
04003047	
04003048	
04003049	
04003050	
04003051	
04004001	
04004002	
04004003	
04004004	
04004005	
04004006	
04004007	
04004008	
04004009	
04004010	
04004011	
04004012	
04004013	
04004014	
04004015	
04004016	
04004017	
04004018	
04004019	
04004020	
04004021	
04004022	
04004023	
04004024	
04004025	
04004026	
04004027	
04004028	
04004029	
04004030	
04004031	
04004032	
04004033	
04004034	
04004035	
04004036	
04004037	
04004038	
04004039	
04004040	
04004041	
04004042	
04004043	
04004044	
04004045	
04004046	
04004047	
04004048	
04004049	
04005001	
04005002	
04005003	
04005004	
04005005	
04005006	
04005007	
04005008	
04005009	
04005010	
04005011	
04005012	
04005013	
04005014	
04005015	
04005016	
04005017	
04005018	
04005019	
04005020	
04005021	
04005022	
04005023	
04005024	
04005025	
04005026	
04005027	
04005028	
04005029	
04005030	
04005031	
04006001	
04006002	
04006003	
04006004	
04006005	
04006006	
04006007	
04006008	
04006009	
04006010	
04006011	
04006012	
04006013	
04006014	
04006015	
04006016	
04006017	
04006018	
04006019	
04006020	
04006021	
04006022	
04006023	
04006024	
04006025	
04006026	
04006027	
04007001	
04007002	
04007003	
04007004	
04007005	
04007006	
04007007	
04007008	
04007009	
04007010	
04007011	
04007012	
04007013	
04007014	
04007015	
04007016	
04007017	
04007018	
04007019	
04007020	
04007021	
04007022	
04007023	
04007024	
04007025	
04007026	
04007027	
04007028	
04007029	
04007030	
04007031	
04007032	
04007033	
04007034	
04007035	
04007036	
04007037	
04007038	
04007039	
04007040	
04007041	
04007042	
04007043	
04007044	
04007045	
04007046	
04007047	
04007048	
04007049	
04007050	
04007051	
04007052	
04007053	
04007054	
04007055	
04007056	
04007057	
04007058	
04007059	
04007060	
04007061	
04007062	
04007063	
04007064	
04007065	
04007066	
04007067	
04007068	
04007069	
04007070	
04007071	
04007072	
04007073	
04007074	
04007075	
04007076	
04007077	
04007078	
04007079	
04007080	
04007081	
04007082	
04007083	
04007084	
04007085	
04007086	
04007087	
04007088	
04007089	
04008001	
04008002	
04008003	
04008004	
04008005	
04008006	
04008007	
04008008	
04008009	
04008010	
04008011	
04008012	
04008013	
04008014	
04008015	
04008016	
04008017	
04008018	
04008019	
04008020	
04008021	
04008022	
04008023	
04008024	
04008025	
04008026	
04009001	
04009002	
04009003	
04009004	
04009005	
04009006	
04009007	
04009008	
04009009	
04009010	
04009011	
04009012	
04009013	
04009014	
04009015	
04009016	
04009017	
04009018	
04009019	
04009020	
04009021	
04009022	
04009023	
04010001	
04010002	
04010003	
04010004	
04010005	
04010006	
04010007	
04010008	
04010009	
04010010	
04010011	
04010012	
04010013	
04010014	
04010015	
04010016	
04010017	
04010018	
04010019	
04010020	
04010021	
04010022	
04010023	
04010024	
04010025	
04010026	
04010027	
04010028	
04010029	
04010030	
04010031	
04010032	
04010033	
04010034	
04010035	
04010036	
04011001	
04011002	
04011003	
04011004	
04011005	
04011006	
04011007	
04011008	
04011009	
04011010	
04011011	
04011012	
04011013	
04011014	
04011015	
04011016	
04011017	
04011018	
04011019	
04011020	
04011021	
04011022	
04011023	
04011024	
04011025	
04011026	
04011027	
04011028	
04011029	
04011030	
04011031	
04011032	
04011033	
04011034	
04011035	
04012001	
04012002	
04012003	
04012004	
04012005	
04012006	
04012007	
04012008	
04012009	
04012010	
04012011	
04012012	
04012013	
04012014	
04012015	
04012016	
04013001	
04013002	
04013003	
04013004	
04013005	
04013006	
04013007	
04013008	
04013009	
04013010	
04013011	
04013012	
04013013	
04013014	
04013015	
04013016	
04013017	
04013018	
04013019	
04013020	
04013021	
04013022	
04013023	
04013024	
04013025	
04013026	
04013027	
04013028	
04013029	
04013030	
04013031	
04013032	
04013033	
04014001	
04014002	
04014003	
04014004	
04014005	
04014006	
04014007	
04014008	
04014009	
04014010	
04014011	
04014012	
04014013	
04014014	
04014015	
04014016	
04014017	
04014018	
04014019	
04014020	
04014021	
04014022	
04014023	
04014024	
04014025	
04014026	
04014027	
04014028	
04014029	
04014030	
04014031	
04014032	
04014033	
04014034	
04014035	
04014036	
04014037	
04014038	
04014039	
04014040	
04014041	
04014042	
04014043	
04014044	
04014045	
04015001	
04015002	
04015003	
04015004	
04015005	
04015006	
04015007	
04015008	
04015009	
04015010	
04015011	
04015012	
04015013	
04015014	
04015015	
04015016	
04015017	
04015018	
04015019	
04015020	
04015021	
04015022	
04015023	
04015024	
04015025	
04015026	
04015027	
04015028	
04015029	
04015030	
04015031	
04015032	
04015033	
04015034	
04015035	
04015036	
04015037	
04015038	
04015039	
04015040	
04015041	
04016001	
04016002	
04016003	
04016004	
04016005	
04016006	
04016007	
04016008	
04016009	
04016010	
04016011	
04016012	
04016013	
04016014	
04016015	
04016016	
04016017	
04016018	
04016019	
04016020	
04016021	
04016022	
04016023	
04016024	
04016025	
04016026	
04016027	
04016028	
04016029	
04016030	
04016031	
04016032	
04016033	
04016034	
04016035	
04017001	
04017002	
04017003	
04017004	
04017005	
04017006	
04017007	
04017008	
04017009	
04017010	
04017011	
04017012	
04017013	
04017014	
04017015	
04017016	
04017017	
04017018	
04017019	
04017020	
04017021	
04017022	
04017023	
04017024	
04017025	
04017026	
04017027	
04017028	
04018001	
04018002	
04018003	
04018004	
04018005	
04018006	
04018007	
04018008	
04018009	
04018010	
04018011	
04018012	
04018013	
04018014	
04018015	
04018016	
04018017	
04018018	
04018019	
04018020	
04018021	
04018022	
04018023	
04018024	
04018025	
04018026	
04018027	
04018028	
04018029	
04018030	
04018031	
04018032	
04019001	
04019002	
04019003	
04019004	
04019005	
04019006	
04019007	
04019008	
04019009	
04019010	
04019011	
04019012	
04019013	
04019014	
04019015	
04019016	
04019017	
04019018	
04019019	
04019020	
04019021	
04019022	
04020001	
04020002	
04020003	
04020004	
04020005	
04020006	
04020007	
04020008	
04020009	
04020010	
04020011	
04020012	
04020013	
04020014	
04020015	
04020016	
04020017	
04020018	
04020019	
04020020	
04020021	
04020022	
04020023	
04020024	
04020025	
04020026	
04020027	
04020028	
04020029	
04021001	
04021002	
04021003	
04021004	
04021005	
04021006	
04021007	
04021008	
04021009	
04021010	
04021011	
04021012	
04021013	
04021014	
04021015	
04021016	
04021017	
04021018	
04021019	
04021020	
04021021	
04021022	
04021023	
04021024	
04021025	
04021026	
04021027	
04021028	
04021029	
04021030	
04021031	
04021032	
04021033	
04021034	
04021035	
04022001	
04022002	
04022003	
04022004	
04022005	
04022006	
04022007	
04022008	
04022009	
04022010	
04022011	
04022012	
04022013	
04022014	
04022015	
04022016	
04022017	
04022018	
04022019	
04022020	
04022021	
04022022	
04022023	
04022024	
04022025	
04022026	
04022027	
04022028	
04022029	
04022030	
04022031	
04022032	
04022033	
04022034	
04022035	
04022036	
04022037	
04022038	
04022039	
04022040	
04022041	
04023001	
04023002	
04023003	
04023004	
04023005	
04023006	
04023007	
04023008	
04023009	
04023010	
04023011	
04023012	
04023013	
04023014	
04023015	
04023016	
04023017	
04023018	
04023019	
04023020	
04023021	
04023022	
04023023	
04023024	
04023025	
04023026	
04023027	
04023028	
04023029	
04023030	
04024001	
04024002	
04024003	
04024004	
04024005	
04024006	
04024007	
04024008	
04024009	
04024010	
04024011	
04024012	
04024013	
04024014	
04024015	
04024016	
04024017	
04024018	
04024019	
04024020	
04024021	
04024022	
04024023	
04024024	
04024025	
04025001	
04025002	
04025003	
04025004	
04025005	
04025006	
04025007	
04025008	
04025009	
04025010	
04025011	
04025012	
04025013	
04025014	
04025015	
04025016	
04025017	
04025018	
04026001	
04026002	
04026003	
04026004	
04026005	
04026006	
04026007	
04026008	
04026009	
04026010	
04026011	
04026012	
04026013	
04026014	
04026015	
04026016	
04026017	
04026018	
04026019	
04026020	
04026021	
04026022	
04026023	
04026024	
04026025	
04026026	
04026027	
04026028	
04026029	
04026030	
04026031	
04026032	
04026033	
04026034	
04026035	
04026036	
04026037	
04026038	
04026039	
04026040	
04026041	
04026042	
04026043	
04026044	
04026045	
04026046	
04026047	
04026048	
04026049	
04026050	
04026051	
04026052	
04026053	
04026054	
04026055	
04026056	
04026057	
04026058	
04026059	
04026060	
04026061	
04026062	
04026063	
04026064	
04026065	
04027001	
04027002	
04027003	
04027004	
04027005	
04027006	
04027007	
04027008	
04027009	
04027010	
04027011	
04027012	
04027013	
04027014	
04027015	
04027016	
04027017	
04027018	
04027019	
04027020	
04027021	
04027022	
04027023	
04028001	
04028002	
04028003	
04028004	
04028005	
04028006	
04028007	
04028008	
04028009	
04028010	
04028011	
04028012	
04028013	
04028014	
04028015	
04028016	
04028017	
04028018	
04028019	
04028020	
04028021	
04028022	
04028023	
04028024	
04028025	
04028026	
04028027	
04028028	
04028029	
04028030	
04028031	
04029001	
04029002	
04029003	
04029004	
04029005	
04029006	
04029007	
04029008	
04029009	
04029010	
04029011	
04029012	
04029013	
04029014	
04029015	
04029016	
04029017	
04029018	
04029019	
04029020	
04029021	
04029022	
04029023	
04029024	
04029025	
04029026	
04029027	
04029028	
04029029	
04029030	
04029031	
04029032	
04029033	
04029034	
04029035	
04029036	
04029037	
04029038	
04029039	
04030001	
04030002	
04030003	
04030004	
04030005	
04030006	
04030007	
04030008	
04030009	
04030010	
04030011	
04030012	
04030013	
04030014	
04030015	
04030016	
04030017	
04031001	
04031002	
04031003	
04031004	
04031005	
04031006	
04031007	
04031008	
04031009	
04031010	
04031011	
04031012	
04031013	
04031014	
04031015	
04031016	
04031017	
04031018	
04031019	
04031020	
04031021	
04031022	
04031023	
04031024	
04031025	
04031026	
04031027	
04031028	
04031029	
04031030	
04031031	
04031032	
04031033	
04031034	
04031035	
04031036	
04031037	
04031038	
04031039	
04031040	
04031041	
04031042	
04031043	
04031044	
04031045	
04031046	
04031047	
04031048	
04031049	
04031050	
04031051	
04031052	
04031053	
04031054	
04032001	
04032002	
04032003	
04032004	
04032005	
04032006	
04032007	
04032008	
04032009	
04032010	
04032011	
04032012	
04032013	
04032014	
04032015	
04032016	
04032017	
04032018	
04032019	
04032020	
04032021	
04032022	
04032023	
04032024	
04032025	
04032026	
04032027	
04032028	
04032029	
04032030	
04032031	
04032032	
04032033	
04032034	
04032035	
04032036	
04032037	
04032038	
04032039	
04032040	
04032041	
04032042	
04033001	
04033002	
04033003	
04033004	
04033005	
04033006	
04033007	
04033008	
04033009	
04033010	
04033011	
04033012	
04033013	
04033014	
04033015	
04033016	
04033017	
04033018	
04033019	
04033020	
04033021	
04033022	
04033023	
04033024	
04033025	
04033026	
04033027	
04033028	
04033029	
04033030	
04033031	
04033032	
04033033	
04033034	
04033035	
04033036	
04033037	
04033038	
04033039	
04033040	
04033041	
04033042	
04033043	
04033044	
04033045	
04033046	
04033047	
04033048	
04033049	
04033050	
04033051	
04033052	
04033053	
04033054	
04033055	
04033056	
04034001	
04034002	
04034003	
04034004	
04034005	
04034006	
04034007	
04034008	
04034009	
04034010	
04034011	
04034012	
04034013	
04034014	
04034015	
04034016	
04034017	
04034018	
04034019	
04034020	
04034021	
04034022	
04034023	
04034024	
04034025	
04034026	
04034027	
04034028	
04034029	
04035001	
04035002	
04035003	
04035004	
04035005	
04035006	
04035007	
04035008	
04035009	
04035010	
04035011	
04035012	
04035013	
04035014	
04035015	
04035016	
04035017	
04035018	
04035019	
04035020	
04035021	
04035022	
04035023	
04035024	
04035025	
04035026	
04035027	
04035028	
04035029	
04035030	
04035031	
04035032	
04035033	
04035034	
04036001	
04036002	
04036003	
04036004	
04036005	
04036006	
04036007	
04036008	
04036009	
04036010	
04036011	
04036012	
04036013	
05001001	
05001002	
05001003	
05001004	
05001005	
05001006	
05001007	
05001008	
05001009	
05001010	
05001011	
05001012	
05001013	
05001014	
05001015	
05001016	
05001017	
05001018	
05001019	
05001020	
05001021	
05001022	
05001023	
05001024	
05001025	
05001026	
05001027	
05001028	
05001029	
05001030	
05001031	
05001032	
05001033	
05001034	
05001035	
05001036	
05001037	
05001038	
05001039	
05001040	
05001041	
05001042	
05001043	
05001044	
05001045	
05001046	
05002001	
05002002	
05002003	
05002004	
05002005	
05002006	
05002007	
05002008	
05002009	
05002010	
05002011	
05002012	
05002013	
05002014	
05002015	
05002016	
05002017	
05002018	
05002019	
05002020	
05002021	
05002022	
05002023	
05002024	
05002025	
05002026	
05002027	
05002028	
05002029	
05002030	
05002031	
05002032	
05002033	
05002034	
05002035	
05002036	
05002037	
05003001	
05003002	
05003003	
05003004	
05003005	
05003006	
05003007	
05003008	
05003009	
05003010	
05003011	
05003012	
05003013	
05003014	
05003015	
05003016	
05003017	
05003018	
05003019	
05003020	
05003021	
05003022	
05003023	
05003024	
05003025	
05003026	
05003027	
05003028	
05003029	
05004001	
05004002	
05004003	
05004004	
05004005	
05004006	
05004007	
05004008	
05004009	
05004010	
05004011	
05004012	
05004013	
05004014	
05004015	
05004016	
05004017	
05004018	
05004019	
05004020	
05004021	
05004022	
05004023	
05004024	
05004025	
05004026	
05004027	
05004028	
05004029	
05004030	
05004031	
05004032	
05004033	
05004034	
05004035	
05004036	
05004037	
05004038	
05004039	
05004040	
05004041	
05004042	
05004043	
05004044	
05004045	
05004046	
05004047	
05004048	
05004049	
05005001	
05005002	
05005003	
05005004	
05005005	
05005006	
05005007	
05005008	
05005009	
05005010	
05005011	
05005012	
05005013	
05005014	
05005015	
05005016	
05005017	
05005018	
05005019	
05005020	
05005021	
05005022	
05005023	
05005024	
05005025	
05005026	
05005027	
05005028	
05005029	
05005030	
05005031	
05005032	
05005033	
05006001	
05006002	
05006003	
05006004	
05006005	
05006006	
05006007	
05006008	
05006009	
05006010	
05006011	
05006012	
05006013	
05006014	
05006015	
05006016	
05006017	
05006018	
05006019	
05006020	
05006021	
05006022	
05006023	
05006024	
05006025	
05007001	
05007002	
05007003	
05007004	
05007005	
05007006	
05007007	
05007008	
05007009	
05007010	
05007011	
05007012	
05007013	
05007014	
05007015	
05007016	
05007017	
05007018	
05007019	
05007020	
05007021	
05007022	
05007023	
05007024	
05007025	
05007026	
05008001	
05008002	
05008003	
05008004	
05008005	
05008006	
05008007	
05008008	
05008009	
05008010	
05008011	
05008012	
05008013	
05008014	
05008015	
05008016	
05008017	
05008018	
05008019	
05008020	
05009001	
05009002	
05009003	
05009004	
05009005	
05009006	
05009007	
05009008	
05009009	
05009010	
05009011	
05009012	
05009013	
05009014	
05009015	
05009016	
05009017	
05009018	
05009019	
05009020	
05009021	
05009022	
05009023	
05009024	
05009025	
05009026	
05009027	
05009028	
05009029	
05010001	
05010002	
05010003	
05010004	
05010005	
05010006	
05010007	
05010008	
05010009	
05010010	
05010011	
05010012	
05010013	
05010014	
05010015	
05010016	
05010017	
05010018	
05010019	
05010020	
05010021	
05010022	
05011001	
05011002	
05011003	
05011004	
05011005	
05011006	
05011007	
05011008	
05011009	
05011010	
05011011	
05011012	
05011013	
05011014	
05011015	
05011016	
05011017	
05011018	
05011019	
05011020	
05011021	
05011022	
05011023	
05011024	
05011025	
05011026	
05011027	
05011028	
05011029	
05011030	
05011031	
05011032	
05012001	
05012002	
05012003	
05012004	
05012005	
05012006	
05012007	
05012008	
05012009	
05012010	
05012011	
05012012	
05012013	
05012014	
05012015	
05012016	
05012017	
05012018	
05012019	
05012020	
05012021	
05012022	
05012023	
05012024	
05012025	
05012026	
05012027	
05012028	
05012029	
05012030	
05012031	
05013001	
05013002	
05013003	
05013004	
05013005	
05013006	
05013007	
05013008	
05013009	
05013010	
05013011	
05013012	
05013013	
05013014	
05013015	
05013016	
05013017	
05013018	
05013019	
05014001	
05014002	
05014003	
05014004	
05014005	
05014006	
05014007	
05014008	
05014009	
05014010	
05014011	
05014012	
05014013	
05014014	
05014015	
05014016	
05014017	
05014018	
05014019	
05014020	
05014021	
05014022	
05014023	
05014024	
05014025	
05014026	
05014027	
05014028	
05014029	
05015001	
05015002	
05015003	
05015004	
05015005	
05015006	
05015007	
05015008	
05015009	
05015010	
05015011	
05015012	
05015013	
05015014	
05015015	
05015016	
05015017	
05015018	
05015019	
05015020	
05015021	
05015022	
05015023	
05016001	
05016002	
05016003	
05016004	
05016005	
05016006	
05016007	
05016008	
05016009	
05016010	
05016011	
05016012	
05016013	
05016014	
05016015	
05016016	
05016017	
05016018	
05016019	
05016020	
05016021	
05016022	
05017001	
05017002	
05017003	
05017004	
05017005	
05017006	
05017007	
05017008	
05017009	
05017010	
05017011	
05017012	
05017013	
05017014	
05017015	
05017016	
05017017	
05017018	
05017019	
05017020	
05018001	
05018002	
05018003	
05018004	
05018005	
05018006	
05018007	
05018008	
05018009	
05018010	
05018011	
05018012	
05018013	
05018014	
05018015	
05018016	
05018017	
05018018	
05018019	
05018020	
05018021	
05018022	
05019001	
05019002	
05019003	
05019004	
05019005	
05019006	
05019007	
05019008	
05019009	
05019010	
05019011	
05019012	
05019013	
05019014	
05019015	
05019016	
05019017	
05019018	
05019019	
05019020	
05019021	
05020001	
05020002	
05020003	
05020004	
05020005	
05020006	
05020007	
05020008	
05020009	
05020010	
05020011	
05020012	
05020013	
05020014	
05020015	
05020016	
05020017	
05020018	
05020019	
05020020	
05021001	
05021002	
05021003	
05021004	
05021005	
05021006	
05021007	
05021008	
05021009	
05021010	
05021011	
05021012	
05021013	
05021014	
05021015	
05021016	
05021017	
05021018	
05021019	
05021020	
05021021	
05021022	
05021023	
05022001	
05022002	
05022003	
05022004	
05022005	
05022006	
05022007	
05022008	
05022009	
05022010	
05022011	
05022012	
05022013	
05022014	
05022015	
05022016	
05022017	
05022018	
05022019	
05022020	
05022021	
05022022	
05022023	
05022024	
05022025	
05022026	
05022027	
05022028	
05022029	
05023001	
05023002	
05023003	
05023004	
05023005	
05023006	
05023007	
05023008	
05023009	
05023010	
05023011	
05023012	
05023013	
05023014	
05023015	
05023016	
05023017	
05023018	
05023019	
05023020	
05023021	
05023022	
05023023	
05023024	
05023025	
05023026	
05024001	
05024002	
05024003	
05024004	
05024005	
05024006	
05024007	
05024008	
05024009	
05024010	
05024011	
05024012	
05024013	
05024014	
05024015	
05024016	
05024017	
05024018	
05024019	
05024020	
05024021	
05024022	
05025001	
05025002	
05025003	
05025004	
05025005	
05025006	
05025007	
05025008	
05025009	
05025010	
05025011	
05025012	
05025013	
05025014	
05025015	
05025016	
05025017	
05025018	
05025019	
05026001	
05026002	
05026003	
05026004	
05026005	
05026006	
05026007	
05026008	
05026009	
05026010	
05026011	
05026012	
05026013	
05026014	
05026015	
05026016	
05026017	
05026018	
05026019	
05027001	
05027002	
05027003	
05027004	
05027005	
05027006	
05027007	
05027008	
05027009	
05027010	
05027011	
05027012	
05027013	
05027014	
05027015	
05027016	
05027017	
05027018	
05027019	
05027020	
05027021	
05027022	
05027023	
05027024	
05027025	
05027026	
05028001	
05028002	
05028003	
05028004	
05028005	
05028006	
05028007	
05028008	
05028009	
05028010	
05028011	
05028012	
05028013	
05028014	
05028015	
05028016	
05028017	
05028018	
05028019	
05028020	
05028021	
05028022	
05028023	
05028024	
05028025	
05028026	
05028027	
05028028	
05028029	
05028030	
05028031	
05028032	
05028033	
05028034	
05028035	
05028036	
05028037	
05028038	
05028039	
05028040	
05028041	
05028042	
05028043	
05028044	
05028045	
05028046	
05028047	
05028048	
05028049	
05028050	
05028051	
05028052	
05028053	
05028054	
05028055	
05028056	
05028057	
05028058	
05028059	
05028060	
05028061	
05028062	
05028063	
05028064	
05028065	
05028066	
05028067	
05028068	
05028069	
05029001	
05029002	
05029003	
05029004	
05029005	
05029006	
05029007	
05029008	
05029009	
05029010	
05029011	
05029012	
05029013	
05029014	
05029015	
05029016	
05029017	
05029018	
05029019	
05029020	
05029021	
05029022	
05029023	
05029024	
05029025	
05029026	
05029027	
05029028	
05030001	
05030002	
05030003	
05030004	
05030005	
05030006	
05030007	
05030008	
05030009	
05030010	
05030011	
05030012	
05030013	
05030014	
05030015	
05030016	
05030017	
05030018	
05030019	
05030020	
05031001	
05031002	
05031003	
05031004	
05031005	
05031006	
05031007	
05031008	
05031009	
05031010	
05031011	
05031012	
05031013	
05031014	
05031015	
05031016	
05031017	
05031018	
05031019	
05031020	
05031021	
05031022	
05031023	
05031024	
05031025	
05031026	
05031027	
05031028	
05031029	
05031030	
05032001	
05032002	
05032003	
05032004	
05032005	
05032006	
05032007	
05032008	
05032009	
05032010	
05032011	
05032012	
05032013	
05032014	
05032015	
05032016	
05032017	
05032018	
05032019	
05032020	
05032021	
05032022	
05032023	
05032024	
05032025	
05032026	
05032027	
05032028	
05032029	
05032030	
05032031	
05032032	
05032033	
05032034	
05032035	
05032036	
05032037	
05032038	
05032039	
05032040	
05032041	
05032042	
05032043	
05032044	
05032045	
05032046	
05032047	
05032048	
05032049	
05032050	
05032051	
05032052	
05033001	
05033002	
05033003	
05033004	
05033005	
05033006	
05033007	
05033008	
05033009	
05033010	
05033011	
05033012	
05033013	
05033014	
05033015	
05033016	
05033017	
05033018	
05033019	
05033020	
05033021	
05033022	
05033023	
05033024	
05033025	
05033026	
05033027	
05033028	
05033029	
05034001	
05034002	
05034003	
05034004	
05034005	
05034006	
05034007	
05034008	
05034009	
05034010	
05034011	
05034012	
06001001	
06001002	
06001003	
06001004	
06001005	
06001006	
06001007	
06001008	
06001009	
06001010	
06001011	
06001012	
06001013	
06001014	
06001015	
06001016	
06001017	
06001018	
06002001	
06002002	
06002003	
06002004	
06002005	
06002006	
06002007	
06002008	
06002009	
06002010	
06002011	
06002012	
06002013	
06002014	
06002015	
06002016	
06002017	
06002018	
06002019	
06002020	
06002021	
06002022	
06002023	
06002024	
06003001	
06003002	
06003003	
06003004	
06003005	
06003006	
06003007	
06003008	
06003009	
06003010	
06003011	
06003012	
06003013	
06003014	
06003015	
06003016	
06003017	
06004001	
06004002	
06004003	
06004004	
06004005	
06004006	
06004007	
06004008	
06004009	
06004010	
06004011	
06004012	
06004013	
06004014	
06004015	
06004016	
06004017	
06004018	
06004019	
06004020	
06004021	
06004022	
06004023	
06004024	
06005001	
06005002	
06005003	
06005004	
06005005	
06005006	
06005007	
06005008	
06005009	
06005010	
06005011	
06005012	
06005013	
06005014	
06005015	
06006001	
06006002	
06006003	
06006005	
06006006	
06006007	
06006008	
06006009	
06006010	
06006011	
06006012	
06006013	
06006014	
06006015	
06006016	
06006017	
06006018	
06006019	
06006020	
06006021	
06006022	
06006023	
06006024	
06006025	
06006026	
06006027	
06007001	
06007002	
06007003	
06007004	
06007005	
06007006	
06007007	
06007008	
06007009	
06007010	
06007011	
06007012	
06007013	
06007014	
06007015	
06007016	
06007017	
06007018	
06007019	
06007020	
06007021	
06007022	
06007023	
06007024	
06007025	
06007026	
06008001	
06008002	
06008003	
06008004	
06008005	
06008006	
06008007	
06008008	
06008009	
06008010	
06008011	
06008012	
06008014	
06008015	
06008016	
06008017	
06008018	
06008019	
06008020	
06008021	
06008022	
06008023	
06008024	
06008025	
06008027	
06008028	
06008029	
06009001	
06009002	
06009003	
06009004	
06009005	
06009006	
06009007	
06009008	
06009009	
06009010	
06009011	
06009012	
06009013	
06009014	
06009015	
06009016	
06009017	
06009018	
06009019	
06009020	
06009021	
06009022	
06009023	
06009024	
06009025	
06009026	
06009027	
06010001	
06010002	
06010003	
06010004	
06010005	
06010006	
06010007	
06010008	
06010009	
06010010	
06010011	
06010012	
06010013	
06010014	
06010016	
06010017	
06010018	
06010019	
06010020	
06010021	
06010022	
06010023	
06010024	
06010025	
06010026	
06010027	
06010028	
06010029	
06010030	
06010031	
06010032	
06010033	
06010034	
06010035	
06010036	
06010037	
06010038	
06010039	
06010040	
06010041	
06010042	
06011001	
06011002	
06011003	
06011004	
06011005	
06011006	
06011007	
06011008	
06011009	
06011010	
06011011	
06011012	
06011013	
06011014	
06011015	
06011016	
06011017	
06011018	
06011019	
06011020	
06011021	
06011022	
06011023	
06012001	
06012002	
06012003	
06012004	
06012005	
06012006	
06012007	
06012008	
06012009	
06012010	
06012011	
06012012	
06012013	
06012014	
06012015	
06012016	
06012017	
06012018	
06012019	
06012020	
06012021	
06012022	
06012023	
06012024	
06013001	
06013002	
06013003	
06013004	
06013005	
06013006	
06013007	
06013008	
06013009	
06013010	
06013011	
06013012	
06013013	
06013014	
06013015	
06013016	
06013017	
06013018	
06013019	
06013020	
06013021	
06013022	
06013023	
06013024	
06013025	
06013026	
06013027	
06013028	
06013029	
06013030	
06013031	
06013032	
06014001	
06014002	
06014003	
06014004	
06014005	
06014006	
06014007	
06014008	
06014009	
06014010	
06014011	
06014012	
06014013	
06014014	
06014015	
06015001	
06015002	
06015003	
06015004	
06015005	
06015006	
06015007	
06015008	
06015009	
06015010	
06015011	
06015012	
06015013	
06015014	
06015015	
06015016	
06015017	
06015018	
06015019	
06015020	
06015021	
06015022	
06015023	
06015024	
06015025	
06015026	
06015027	
06015028	
06015029	
06015030	
06015031	
06015032	
06015033	
06015034	
06015035	
06015036	
06015037	
06015038	
06015039	
06015040	
06015041	
06015042	
06015043	
06015044	
06015045	
06015046	
06015047	
06015048	
06015049	
06015050	
06015051	
06015052	
06015053	
06015054	
06015055	
06015056	
06015057	
06015058	
06015059	
06015060	
06015061	
06015062	
06015063	
06016001	
06016002	
06016003	
06016004	
06016005	
06016006	
06016007	
06016008	
06016009	
06016010	
06017001	
06017002	
06017003	
06017004	
06017005	
06017006	
06017007	
06017008	
06017009	
06017010	
06017011	
06017012	
06017013	
06017014	
06017015	
06017016	
06017017	
06017018	
06018001	
06018002	
06018003	
06018004	
06018005	
06018006	
06018007	
06018008	
06018009	
06018010	
06018011	
06018012	
06018013	
06018014	
06018015	
06018016	
06018017	
06018018	
06018019	
06018020	
06018021	
06018022	
06018023	
06018024	
06018025	
06018026	
06018028	
06019001	
06019002	
06019003	
06019004	
06019005	
06019006	
06019007	
06019008	
06019009	
06019010	
06019011	
06019012	
06019013	
06019014	
06019015	
06019016	
06019017	
06019018	
06019019	
06019020	
06019021	
06019022	
06019023	
06019024	
06019025	
06019026	
06019027	
06019028	
06019029	
06019030	
06019031	
06019032	
06019033	
06019034	
06019035	
06019036	
06019037	
06019038	
06019039	
06019040	
06019041	
06019042	
06019043	
06019044	
06019045	
06019046	
06019047	
06019048	
06019049	
06019050	
06019051	
06020001	
06020002	
06020003	
06020007	
06020008	
06020009	
06021001	
06021002	
06021003	
06021004	
06021005	
06021006	
06021007	
06021008	
06021009	
06021010	
06021011	
06021012	
06021013	
06021014	
06021015	
06021016	
06021017	
06021018	
06021019	
06021020	
06021021	
06021022	
06021023	
06021024	
06021025	
06021026	
06021027	
06021028	
06021029	
06021030	
06021031	
06021032	
06021033	
06021034	
06021035	
06021036	
06021037	
06021038	
06021039	
06021040	
06021041	
06021042	
06021043	
06021044	
06021045	
06022001	
06022002	
06022003	
06022004	
06022005	
06022006	
06022007	
06022008	
06022009	
06022010	
06022011	
06022012	
06022013	
06022014	
06022015	
06022016	
06022017	
06022018	
06022019	
06022020	
06022021	
06022022	
06022023	
06022024	
06022025	
06022026	
06022027	
06022028	
06022029	
06022030	
06022031	
06022032	
06022033	
06022034	
06023001	
06023002	
06023003	
06023004	
06023005	
06023006	
06023007	
06023008	
06023009	
06023010	
06023011	
06023012	
06023013	
06023014	
06023015	
06023016	
06024001	
06024002	
06024003	
06024004	
06024005	
06024006	
06024007	
06024008	
06024009	
06024010	
06024011	
06024012	
06024013	
06024014	
06024015	
06024016	
06024017	
06024018	
06024019	
06024020	
06024021	
06024022	
06024023	
06024024	
06024025	
06024026	
06024027	
06024028	
06024029	
06024030	
06024031	
06024032	
06024033	
07001001	
07001002	
07001003	
07001004	
07001005	
07001006	
07001007	
07001008	
07001009	
07001010	
07001011	
07001012	
07001013	
07001014	
07001015	
07001016	
07001017	
07001018	
07001019	
07001020	
07001021	
07001022	
07001023	
07001024	
07001025	
07001026	
07001027	
07001028	
07001029	
07001030	
07001031	
07001032	
07001033	
07001034	
07001035	
07001036	
07002001	
07002002	
07002003	
07002004	
07002005	
07002006	
07002007	
07002008	
07002009	
07002010	
07002011	
07002012	
07002013	
07002014	
07002015	
07002016	
07002017	
07002018	
07002019	
07002020	
07002021	
07002022	
07002023	
07003001	
07003002	
07003003	
07003004	
07003005	
07003006	
07003007	
07003008	
07003009	
07003010	
07003011	
07003012	
07003013	
07003014	
07003015	
07003016	
07003017	
07003018	
07003019	
07003020	
07003021	
07003022	
07003023	
07003024	
07003025	
07003026	
07003027	
07003028	
07003029	
07003030	
07003031	
07004001	
07004002	
07004003	
07004004	
07004005	
07004006	
07004007	
07004008	
07004009	
07004010	
07004011	
07004012	
07004013	
07004014	
07004015	
07004016	
07004017	
07004018	
07004019	
07004020	
07004021	
07004022	
07004023	
07004024	
07005001	
07005002	
07005003	
07005004	
07005005	
07005006	
07005007	
07005008	
07005009	
07005010	
07005011	
07005012	
07005013	
07005014	
07005015	
07005016	
07005017	
07005018	
07005019	
07005020	
07005021	
07005022	
07005023	
07005024	
07005025	
07005026	
07005027	
07005028	
07005029	
07005030	
07005031	
07006001	
07006002	
07006003	
07006004	
07006005	
07006006	
07006007	
07006008	
07006009	
07006010	
07006011	
07006012	
07006013	
07006014	
07006015	
07006016	
07006017	
07006018	
07006019	
07006020	
07006021	
07006022	
07006023	
07006024	
07006025	
07006026	
07006027	
07006028	
07006029	
07006030	
07006031	
07006032	
07006033	
07006034	
07006035	
07006036	
07006037	
07006038	
07006039	
07006040	
07007001	
07007002	
07007003	
07007004	
07007005	
07007006	
07007007	
07007008	
07007009	
07007010	
07007011	
07007012	
07007013	
07007014	
07007015	
07007016	
07007017	
07007018	
07007019	
07007020	
07007021	
07007022	
07007023	
07007024	
07007025	
07008001	
07008002	
07008003	
07008004	
07008005	
07008006	
07008007	
07008008	
07008009	
07008010	
07008011	
07008012	
07008013	
07008014	
07008015	
07008016	
07008017	
07008018	
07008019	
07008020	
07008021	
07008022	
07008023	
07008024	
07008025	
07008026	
07008027	
07008028	
07008029	
07008030	
07008031	
07008032	
07008033	
07008034	
07008035	
07009001	
07009002	
07009003	
07009004	
07009005	
07009006	
07009007	
07009008	
07009009	
07009010	
07009011	
07009012	
07009013	
07009014	
07009015	
07009016	
07009017	
07009018	
07009019	
07009020	
07009021	
07009022	
07009023	
07009024	
07009025	
07009026	
07009027	
07009028	
07009029	
07009030	
07009031	
07009032	
07009033	
07009034	
07009035	
07009036	
07009037	
07009038	
07009039	
07009040	
07009041	
07009042	
07009043	
07009044	
07009045	
07009046	
07009047	
07009048	
07009049	
07009050	
07009051	
07009052	
07009053	
07009054	
07009055	
07009056	
07009057	
07010001	
07010002	
07010003	
07010004	
07010005	
07010006	
07010007	
07010008	
07010009	
07010010	
07010011	
07010012	
07010013	
07010014	
07010015	
07010016	
07010017	
07010018	
07011001	
07011002	
07011003	
07011004	
07011005	
07011006	
07011007	
07011008	
07011009	
07011010	
07011011	
07011012	
07011013	
07011014	
07011015	
07011016	
07011017	
07011018	
07011019	
07011020	
07011021	
07011022	
07011023	
07011024	
07011025	
07011026	
07011027	
07011028	
07011029	
07011030	
07011031	
07011032	
07011033	
07011034	
07011035	
07011036	
07011037	
07011038	
07011039	
07011040	
07012001	
07012002	
07012003	
07012004	
07012005	
07012006	
07012007	
07012008	
07012009	
07012010	
07012011	
07012012	
07012013	
07012014	
07012015	
07013001	
07013002	
07013003	
07013004	
07013005	
07013006	
07013007	
07013008	
07013009	
07013010	
07013011	
07013012	
07013013	
07013014	
07013015	
07013016	
07013017	
07013018	
07013019	
07013020	
07013021	
07013022	
07013023	
07013024	
07013025	
07014001	
07014002	
07014003	
07014004	
07014005	
07014006	
07014007	
07014008	
07014009	
07014010	
07014011	
07014012	
07014013	
07014014	
07014015	
07014016	
07014017	
07014018	
07014019	
07014020	
07015001	
07015002	
07015003	
07015004	
07015005	
07015006	
07015007	
07015008	
07015009	
07015010	
07015011	
07015012	
07015013	
07015014	
07015015	
07015016	
07015017	
07015018	
07015019	
07015020	
07016001	
07016002	
07016003	
07016004	
07016005	
07016006	
07016007	
07016008	
07016009	
07016010	
07016011	
07016012	
07016013	
07016014	
07016015	
07016016	
07016017	
07016018	
07016019	
07016020	
07016021	
07016022	
07016023	
07016024	
07016025	
07016026	
07016027	
07016028	
07016029	
07016030	
07016031	
07017001	
07017002	
07017003	
07017004	
07017005	
07017006	
07017007	
07017008	
07017009	
07017010	
07017011	
07017012	
07017013	
07018001	
07018002	
07018003	
07018004	
07018005	
07018006	
07018007	
07018008	
07018009	
07018010	
07018011	
07018012	
07018013	
07018014	
07018015	
07018016	
07018017	
07018018	
07018019	
07018020	
07018021	
07018022	
07018023	
07018024	
07018025	
07018026	
07018027	
07018028	
07018029	
07018030	
07018031	
07019001	
07019002	
07019003	
07019004	
07019005	
07019006	
07019007	
07019008	
07019009	
07019010	
07019011	
07019012	
07019013	
07019014	
07019015	
07019016	
07019017	
07019018	
07019019	
07019020	
07019021	
07019022	
07019023	
07019024	
07019025	
07019026	
07019027	
07019028	
07019029	
07019030	
07020001	
07020002	
07020003	
07020004	
07020005	
07020006	
07020007	
07020008	
07020009	
07020010	
07020011	
07020012	
07020013	
07020014	
07020015	
07020016	
07020017	
07020018	
07020019	
07020020	
07020021	
07020022	
07020023	
07020024	
07020025	
07020026	
07020027	
07020028	
07020029	
07020030	
07020031	
07020032	
07020033	
07020034	
07020035	
07020036	
07020037	
07020038	
07020039	
07020040	
07020041	
07020042	
07020043	
07020044	
07020045	
07020046	
07020047	
07020048	
07021001	
07021002	
07021003	
07021004	
07021005	
07021006	
07021007	
07021008	
07021009	
07021010	
07021011	
07021012	
07021013	
07021014	
07021015	
07021016	
07021017	
07021018	
07021019	
07021020	
07021021	
07021022	
07021023	
07021024	
07021025	
08001001	
08001002	
08001003	
08001004	
08001005	
08001006	
08001007	
08001008	
08001009	
08001010	
08001011	
08001012	
08001013	
08001014	
08001015	
08001016	
08001017	
08001018	
08001019	
08001020	
08001021	
08001022	
08002001	
08002002	
08002003	
08002004	
08002005	
08002006	
08002007	
08002008	
08002009	
08002010	
08002011	
08002012	
08002013	
08002014	
08002015	
08002016	
08002017	
08002018	
08002019	
08002020	
08002021	
08002022	
08002023	
08003001	
08003002	
08003003	
08003004	
08003005	
08003006	
08003007	
08003008	
08003009	
08003010	
08003011	
08003012	
08003013	
08003014	
08003015	
08003016	
08003017	
08003018	
08004001	
08004002	
08004003	
08004004	
08004005	
08004006	
08004007	
08004008	
08004009	
08004010	
08004011	
08004012	
08004013	
08004014	
08004015	
08004016	
08004017	
08004018	
08004019	
08004020	
08004021	
08004022	
09001001	
09001002	
09001003	
09001004	
09001005	
09001006	
09001007	
09001008	
09001009	
09001010	
09001011	
09001012	
09001013	
09001014	
09001015	
09001016	
09001017	
09001018	
09001019	
09001020	
09001021	
09001022	
09001023	
09001024	
09001025	
09001026	
09001027	
09001028	
09002001	
09002002	
09002003	
09002004	
09002005	
09002006	
09002007	
09002008	
09002009	
09002010	
09002011	
09002012	
09002013	
09002014	
09002015	
09002016	
09002017	
09002018	
09002019	
09002020	
09002021	
09002022	
09002023	
09002024	
09002025	
09002026	
09002027	
09002028	
09002029	
09002030	
09002031	
09002032	
09002033	
09002034	
09002035	
09002036	
09003001	
09003002	
09003003	
09003004	
09003005	
09003006	
09003007	
09003008	
09003009	
09003010	
09003011	
09003012	
09003013	
09003014	
09003015	
09003016	
09003017	
09003018	
09003019	
09003020	
09003021	
09004001	
09004002	
09004003	
09004004	
09004005	
09004006	
09004007	
09004008	
09004009	
09004010	
09004011	
09004012	
09004013	
09004014	
09004015	
09004016	
09004017	
09004018	
09004019	
09004020	
09004021	
09004022	
09005001	
09005002	
09005003	
09005004	
09005005	
09005006	
09005007	
09005008	
09005009	
09005010	
09005011	
09005012	
09006001	
09006002	
09006003	
09006004	
09006005	
09006006	
09006007	
09006008	
09006009	
09006010	
09006011	
09006012	
09006013	
09006014	
09006015	
09006016	
09006017	
09006018	
09006019	
09006020	
09006021	
09007001	
09007002	
09007003	
09007004	
09007005	
09007006	
09007007	
09007008	
09007009	
09007010	
09007011	
09007012	
09007013	
09007014	
09007015	
09007016	
09007017	
09008001	
09008002	
09008003	
09008004	
09008005	
09008006	
09008007	
09008008	
09008009	
09008010	
09008011	
09008012	
09008013	
09008014	
09008015	
09008016	
09008017	
09008018	
09008019	
09008020	
09008021	
09008022	
09009001	
09009002	
09009003	
09009004	
09009005	
09009006	
09009007	
09009008	
09009009	
09009010	
09009011	
09009012	
09009013	
09009014	
09009015	
09009016	
09009017	
09009018	
09009019	
09009020	
09009021	
09009022	
09009023	
09009024	
09009025	
09009026	
09009027	
09010001	
09010002	
09010003	
09010004	
09010005	
09010006	
09010007	
09010008	
09010009	
09010010	
09010011	
09010012	
09010013	
09010014	
09010015	
09010016	
09010017	
09010018	
09010019	
09010020	
09010021	
09010022	
09010023	
09010024	
09010025	
09010026	
09010027	
09011001	
09011002	
09011003	
09011004	
09011005	
09011006	
09011007	
09011008	
09011009	
09011010	
09011011	
09011012	
09011013	
09011014	
09011015	
09012001	
09012002	
09012003	
09012004	
09012005	
09012006	
09012007	
09012008	
09012009	
09012010	
09012011	
09012012	
09012013	
09012014	
09012015	
09012016	
09012017	
09012018	
09012019	
09012020	
09012021	
09012022	
09012023	
09012024	
09012025	
09013001	
09013003	
09013004	
09013005	
09013006	
09013007	
09013008	
09013009	
09013010	
09013011	
09013012	
09013013	
09013014	
09013015	
09013016	
09013017	
09013018	
09013019	
09013020	
09013021	
09013022	
09013023	
09014001	
09014002	
09014003	
09014004	
09014005	
09014006	
09014007	
09014008	
09014009	
09014010	
09014011	
09014012	
09014013	
09014014	
09014015	
09014016	
09014017	
09014018	
09014019	
09014020	
09014021	
09014022	
09014023	
09014024	
09014025	
09014026	
09014027	
09014028	
09014029	
09014030	
09014031	
09014032	
09014033	
09014034	
09014035	
09014036	
09014037	
09014038	
09014039	
09014040	
09014041	
09014042	
09014043	
09014044	
09014045	
09014046	
09014047	
09014048	
09014049	
09014050	
09014051	
09014052	
09015001	
09015002	
09015003	
09015004	
09015005	
09015006	
09015007	
09015008	
09015009	
09015010	
09015011	
09015012	
09015013	
09015014	
09015015	
09015016	
09015017	
09015018	
09015019	
09015020	
09015021	
09015022	
09015023	
09015024	
09015025	
09015026	
09015027	
09015028	
09015029	
09015030	
09015031	
09015032	
09015033	
09015034	
09015035	
09016001	
09016002	
09016003	
09016004	
09016005	
09016006	
09016007	
09016008	
09016009	
09016010	
09016011	
09016012	
09016013	
09016014	
09016015	
09016016	
09016017	
09016018	
09016019	
09016020	
09016021	
09016022	
09016023	
09017001	
09017002	
09017003	
09017004	
09017005	
09017006	
09017007	
09017008	
09017009	
09017010	
09017011	
09017032	
09017033	
09017034	
09017035	
09017036	
09017037	
09017038	
09017039	
09017040	
09017042	
09017043	
09017044	
09017045	
09017046	
09017047	
09017048	
09017049	
09017051	
09017052	
09017053	
09017054	
09018006	
09018007	
09018008	
09018009	
09018012	
09018013	
09018014	
09018015	
09018016	
09018020	
09018021	
09018022	
09018023	
09018024	
09018025	
09018026	
09018027	
09018028	
09018029	
09019001	
09019002	
09019003	
09019004	
09019005	
09019006	
09019007	
09019008	
09019009	
09019010	
09019011	
09019012	
09019013	
09019014	
09019015	
09019016	
09019017	
09019018	
09019019	
09019020	
09019021	
09019022	
09019023	
09019024	
09020001	
09020002	
09020003	
09020004	
09020005	
09020006	
09020007	
09020008	
09020009	
09020010	
09020011	
09020012	
09020013	
09020014	
09020015	
09020016	
09020017	
09020018	
09020019	
09020020	
09020021	
09020022	
09020023	
09020024	
09020025	
09020026	
09020027	
09020028	
09020029	
09020030	
09020031	
09020032	
09020033	
09020034	
09020035	
09020036	
09020037	
09020038	
09020039	
09020040	
09020041	
09020042	
09021002	
09021003	
09021004	
09021005	
09021006	
09021007	
09021008	
09021009	
09021010	
09021011	
09021012	
09021013	
09021014	
09021015	
09021016	
