01001001	
01001002	
01001003	
01001004	
01001005	
01001006	
01001007	
01001008	
01001009	
01001010	
01001011	
01001012	
01001013	
01001014	
01001015	
01001016	
01001017	
01001018	
01001019	
01001020	
01001021	
01001022	
01001023	
01001024	
01001025	
01001026	
01001027	
01001028	
01001029	
01001030	
01001031	
01002001	
01002002	
01002003	
01002004	
01002007	
01002008	
01002009	
01002015	
01002016	
01002017	
01002018	
01002019	
01002020	
01002021	
01002022	
01002023	
01002024	
01002025	
01003001	
01003002	
01003003	
01003004	
01003005	
01003006	
01003007	
01003008	
01003009	
01003010	
01003011	
01003012	
01003013	
01003014	
01003015	
01003016	
01003017	
01003018	
01003019	
01003020	
01003021	
01003022	
01003023	
01003024	
01004001	
01004002	
01004003	
01004004	
01004005	
01004006	
01004007	
01004008	
01004009	
01004010	
01004011	
01004012	
01004013	
01004014	
01004015	
01004025	
01004026	
01006005	
01006006	
01006007	
01006008	
01006009	
01006010	
01006011	
01006012	
01006013	
01006014	
01006015	
01006016	
01006017	
01006018	
01006019	
01006020	
01006021	
01006022	
01007001	
01007002	
01007003	
01007004	
01007005	
01007017	
01007023	
01008015	
01008016	
01008017	
01008018	
01008019	
01008020	
01008021	
01008022	
01009001	
01009002	
01009003	
01009004	
01009005	
01009006	
01009007	
01009008	
01009009	
01009010	
01009011	
01009012	
01009013	
01009014	
01009015	
01011001	
01011002	
01011003	
01011004	
01011005	
01011006	
01011007	
01011008	
01011009	
01012001	
01012002	
01012003	
01012004	
01012005	
01012006	
01012007	
01013005	
01013006	
01013008	
01013009	
01013010	
01013011	
01013012	
01013013	
01013014	
01013015	
01013016	
01013017	
01013018	
01014011	
01014012	
01014013	
01014014	
01014015	
01014016	
01014018	
01014019	
01014020	
01015001	
01015002	
01015003	
01015004	
01015005	
01015006	
01015012	
01015013	
01015014	
01015015	
01015016	
01016001	
01016002	
01016003	
01016015	
01017001	
01017002	
01017003	
01017004	
01017005	
01017006	
01017007	
01017008	
01017009	
01017010	
01017011	
01017012	
01017013	
01017014	
01017015	
01017016	
01017017	
01017018	
01017019	
01017020	
01017021	
01018001	
01018002	
01018003	
01018004	
01018005	
01018006	
01018007	
01018008	
01018009	
01018010	
01018011	
01018012	
01018013	
01018014	
01018015	
01018016	
01018017	
01018018	
01018019	
01018020	
01018021	
01018022	
01018023	
01018024	
01018025	
01018026	
01018027	
01018028	
01018029	
01018030	
01018031	
01018032	
01018033	
01019001	
01019002	
01019003	
01019004	
01019005	
01019006	
01019007	
01019008	
01019009	
01019010	
01019011	
01019012	
01019013	
01019014	
01019015	
01019016	
01019017	
01019023	
01019024	
01019025	
01019026	
01021001	
01021002	
01021003	
01021004	
01021005	
01021008	
01021009	
01021010	
01021011	
01021012	
01021013	
01021014	
01022001	
01022002	
01022003	
01022004	
01022005	
01022006	
01022007	
01022008	
01022009	
01022010	
01022011	
01022012	
01022013	
01022014	
01022015	
01022016	
01022017	
01022018	
01022019	
01025019	
01025020	
01025021	
01025022	
01025023	
01025024	
01025025	
01025026	
01025027	
01025028	
01025029	
01025030	
01025031	
01025032	
01025033	
01025034	
01026001	
01026002	
01026003	
01026004	
01026005	
01026006	
01028001	
01028002	
01028003	
01028004	
01028010	
01028011	
01028012	
01028013	
01028014	
01028015	
01028016	
01028017	
01028018	
01028019	
01028020	
01028021	
01028022	
01035009	
01035010	
01035011	
01035012	
01035013	
01035014	
01035015	
01035016	
01035017	
01035018	
01035019	
01035020	
01035023	
01035024	
01035025	
01035026	
01035027	
01035028	
01035029	
01037001	
01037002	
01037003	
01037004	
01037005	
01037006	
01037007	
01037008	
01037012	
01037013	
01037014	
01037015	
01037016	
01037017	
01037018	
01037019	
01037020	
01037021	
01037022	
01037023	
01037024	
01037025	
01037026	
01037027	
01037028	
01037029	
01037030	
01037031	
01037032	
01037033	
01037034	
01037035	
01039001	
01039002	
01039003	
01039004	
01039005	
01039006	
01039007	
01039008	
01039009	
01039010	
01039011	
01039012	
01039013	
01039014	
01039015	
01039016	
01039017	
01039018	
01039019	
01039020	
01039021	
01039022	
01039023	
01040001	
01040002	
01040003	
01040004	
01040005	
01040006	
01040007	
01040008	
01040009	
01040010	
01040011	
01040012	
01040013	
01040014	
01040015	
01040016	
01040017	
01040018	
01040019	
01040020	
01040021	
01040022	
01040023	
01041001	
01041002	
01041003	
01041004	
01041005	
01041006	
01041007	
01041008	
01041009	
01041010	
01041011	
01041012	
01041013	
01041014	
01041015	
01041016	
01041025	
01041026	
01041027	
01041028	
01041029	
01041030	
01041031	
01041032	
01041033	
01041034	
01041035	
01041036	
01041037	
01041038	
01041039	
01041040	
01041041	
01041042	
01041045	
01041046	
01041047	
01041048	
01041049	
01041053	
01041054	
01041055	
01041056	
01041057	
01042001	
01042002	
01042003	
01042004	
01042005	
01042006	
01042007	
01042008	
01042009	
01042010	
01042021	
01042022	
01042023	
01045004	
01045005	
01045006	
01045007	
01045008	
01045009	
01045010	
01045011	
01045025	
01045026	
01045027	
01045028	
01046001	
01046002	
01046003	
01046004	
01046005	
01046006	
01046007	
01046028	
01046029	
01046030	
01048001	
01048002	
01048003	
01048004	
01048005	
01048006	
01048013	
01048014	
01048015	
01048016	
01048017	
01048018	
01048019	
01048020	
01048021	
01049008	
01049009	
01049010	
01049033	
01050015	
01050016	
01050017	
01050018	
01050019	
01050020	
01050021	
02001001	
02001002	
02001003	
02001004	
02001005	
02001006	
02001007	
02001008	
02001009	
02001010	
02001011	
02001012	
02001013	
02001014	
02001022	
02002001	
02002002	
02002003	
02002004	
02002005	
02002006	
02002007	
02002008	
02002009	
02002010	
02002011	
02002012	
02002013	
02002014	
02002015	
02003001	
02003002	
02003003	
02003004	
02003005	
02003006	
02003007	
02003008	
02003009	
02003010	
02003011	
02003012	
02003013	
02003014	
02003015	
02011001	
02011002	
02011003	
02011004	
02011005	
02011006	
02011007	
02011008	
02011009	
02011010	
02012001	
02012002	
02012003	
02012004	
02012005	
02012006	
02012007	
02012008	
02012011	
02012012	
02012013	
02012014	
02012015	
02012016	
02012017	
02012021	
02012022	
02012023	
02012024	
02012025	
02012026	
02012027	
02012028	
02012029	
02012030	
02012031	
02012032	
02012033	
02012037	
02012038	
02012039	
02012040	
02012043	
02012044	
02012045	
02012046	
02012047	
02013001	
02013002	
02013011	
02013012	
02013013	
02013014	
02013015	
02013016	
02013020	
02013021	
02014005	
02014006	
02014007	
02014008	
02014009	
02014010	
02014011	
02014012	
02014013	
02014014	
02014015	
02014016	
02014017	
02014018	
02014019	
02014020	
02014021	
02014022	
02014023	
02014024	
02014025	
02014026	
02014027	
02014028	
02014031	
02015001	
02015002	
02015003	
02015004	
02015005	
02015006	
02015007	
02015008	
02015009	
02015010	
02015011	
02015012	
02015013	
02015014	
02015015	
02015016	
02015017	
02015018	
02015019	
02015020	
02015021	
02015022	
02015023	
02015024	
02015025	
02015026	
02015027	
02016001	
02016002	
02016003	
02016004	
02016005	
02016011	
02016012	
02016013	
02016014	
02016015	
02016016	
02016017	
02016018	
02016019	
02016020	
02016021	
02016022	
02016023	
02016024	
02016025	
02016026	
02016027	
02016028	
02016029	
02016030	
02016031	
02016035	
02017001	
02017002	
02017003	
02017004	
02017005	
02017006	
02017007	
02017008	
02017009	
02017010	
02017011	
02017012	
02017013	
02018001	
02018005	
02018006	
02018007	
02018008	
02018009	
02018010	
02018011	
02018013	
02018014	
02018015	
02018016	
02018017	
02018018	
02018019	
02018020	
02018021	
02018022	
02018023	
02018024	
02018025	
02018026	
02018027	
02019002	
02019003	
02019004	
02019005	
02019006	
02019007	
02019008	
02019009	
02019010	
02019011	
02019012	
02019013	
02019014	
02019015	
02019016	
02019017	
02019018	
02019019	
02019020	
02020001	
02020002	
02020003	
02020004	
02020005	
02020006	
02020007	
02020008	
02020009	
02020010	
02020011	
02020012	
02020013	
02020014	
02020015	
02020016	
02020017	
02021012	
02021013	
02021014	
02021015	
02021016	
02021017	
02022016	
02022017	
02022018	
02022019	
02022020	
02022021	
02022022	
02022023	
02022024	
02022025	
02022026	
02022027	
02023001	
02023002	
02024003	
02024004	
02024005	
02024006	
02024007	
02024008	
02024012	
02024013	
02024014	
02024015	
02024016	
02024017	
02024018	
02025008	
02025009	
02025010	
02025011	
02025012	
02025013	
02025014	
02025015	
02025016	
02025017	
02025018	
02025019	
02025020	
02025021	
02025022	
02028001	
02028002	
02028003	
02031001	
02031002	
02031003	
02031004	
02031005	
02031006	
02031007	
02031008	
02031009	
02031010	
02031011	
02032001	
02032002	
02032003	
02032004	
02032005	
02032006	
02032007	
02032008	
02032009	
02032010	
02032011	
02032012	
02032013	
02032014	
02032015	
02032016	
02032019	
02032020	
02032021	
02032022	
02032023	
02032024	
02032025	
02032026	
02032027	
02032028	
02032029	
02032030	
02032031	
02032032	
02032033	
02032034	
02032035	
02034001	
02034002	
02034004	
02034005	
02034006	
02034007	
02034008	
02034009	
02034010	
02034028	
02034029	
02034030	
02034031	
02034032	
02034033	
02034034	
02034035	
02040001	
02040002	
02040003	
02040004	
02040005	
02040006	
02040007	
02040008	
02040009	
02040010	
02040011	
02040012	
02040013	
02040014	
02040015	
02040016	
02040017	
02040018	
02040019	
02040020	
02040021	
02040022	
02040023	
02040024	
02040025	
02040026	
02040027	
02040028	
02040029	
02040030	
02040031	
02040032	
02040033	
02040034	
02040035	
02040036	
02040037	
02040038	
32001001	
32001002	
32001003	
32001004	
32001005	
32001006	
32001007	
32001008	
32001009	
32001010	
32001011	
32001012	
32001013	
32001014	
32001015	
32001016	
32002001	
32002002	
32002003	
32002004	
32002005	
32002006	
32002007	
32002008	
32002009	
32002010	
32002011	
32003001	
32003002	
32003003	
32003004	
32003005	
32003006	
32003007	
32003008	
32003009	
32003010	
32004001	
32004002	
32004003	
32004004	
32004005	
32004006	
32004007	
32004008	
32004009	
32004010	
32004011	
41001001	
41001002	
41001003	
41001004	
41001005	
41001006	
41001007	
41001008	
41001009	
41001010	
41001011	
41001012	
41001013	
41001014	
41001015	
41001016	
41001017	
41001018	
41001019	
41001020	
41001021	
41001022	
41001023	
41001024	
41001025	
41001026	
41001027	
41001028	
41001029	
41001030	
41001031	
41001032	
41001033	
41001034	
41001035	
41001036	
41001037	
41001038	
41001039	
41001040	
41001041	
41001042	
41001043	
41001044	
41001045	
41002001	
41002002	
41002003	
41002004	
41002005	
41002006	
41002007	
41002008	
41002009	
41002010	
41002011	
41002012	
41002013	
41002014	
41002015	
41002016	
41002017	
41002018	
41002019	
41002020	
41002021	
41002022	
41002023	
41002024	
41002025	
41002026	
41002027	
41002028	
41003001	
41003002	
41003003	
41003004	
41003005	
41003006	
41003007	
41003008	
41003009	
41003010	
41003011	
41003012	
41003013	
41003014	
41003015	
41003016	
41003017	
41003018	
41003019	
41003020	
41003021	
41003022	
41003023	
41003024	
41003025	
41003026	
41003027	
41003028	
41003029	
41003030	
41003031	
41003032	
41003033	
41003034	
41003035	
41004001	
41004002	
41004003	
41004004	
41004005	
41004006	
41004007	
41004008	
41004009	
41004010	
41004011	
41004012	
41004013	
41004014	
41004015	
41004016	
41004017	
41004018	
41004019	
41004020	
41004021	
41004022	
41004023	
41004024	
41004025	
41004026	
41004027	
41004028	
41004029	
41004030	
41004031	
41004032	
41004033	
41004034	
41004035	
41004036	
41004037	
41004038	
41004039	
41004040	
41004041	
41005001	
41005002	
41005003	
41005004	
41005005	
41005006	
41005007	
41005008	
41005009	
41005010	
41005011	
41005012	
41005013	
41005014	
41005015	
41005016	
41005017	
41005018	
41005019	
41005020	
41005021	
41005022	
41005023	
41005024	
41005025	
41005026	
41005027	
41005028	
41005029	
41005030	
41005031	
41005032	
41005033	
41005034	
41005035	
41005036	
41005037	
41005038	
41005039	
41005040	
41005041	
41005042	
41005043	
41006001	
41006002	
41006003	
41006004	
41006005	
41006006	
41006007	
41006008	
41006009	
41006010	
41006011	
41006012	
41006013	
41006014	
41006015	
41006016	
41006017	
41006018	
41006019	
41006020	
41006021	
41006022	
41006023	
41006024	
41006025	
41006026	
41006027	
41006028	
41006029	
41006030	
41006031	
41006032	
41006033	
41006034	
41006035	
41006036	
41006037	
41006038	
41006039	
41006040	
41006041	
41006042	
41006043	
41006044	
41006045	
41006046	
41006047	
41006048	
41006049	
41006050	
41006051	
41006052	
41006053	
41006054	
41006055	
41006056	
41007001	
41007002	
41007003	
41007004	
41007005	
41007006	
41007007	
41007008	
41007009	
41007010	
41007011	
41007012	
41007013	
41007014	
41007015	
41007017	
41007018	
41007019	
41007020	
41007021	
41007022	
41007023	
41007024	
41007025	
41007026	
41007027	
41007028	
41007029	
41007030	
41007031	
41007032	
41007033	
41007034	
41007035	
41007036	
41007037	
41008001	
41008002	
41008003	
41008004	
41008005	
41008006	
41008007	
41008008	
41008009	
41008010	
41008011	
41008012	
41008013	
41008014	
41008015	
41008016	
41008017	
41008018	
41008019	
41008020	
41008021	
41008022	
41008023	
41008024	
41008025	
41008026	
41008027	
41008028	
41008029	
41008030	
41008031	
41008032	
41008033	
41008034	
41008035	
41008036	
41008037	
41008038	
41009001	
41009002	
41009003	
41009004	
41009005	
41009006	
41009007	
41009008	
41009009	
41009010	
41009011	
41009012	
41009013	
41009014	
41009015	
41009016	
41009017	
41009018	
41009019	
41009020	
41009021	
41009022	
41009023	
41009024	
41009025	
41009026	
41009027	
41009028	
41009029	
41009030	
41009031	
41009032	
41009033	
41009034	
41009035	
41009036	
41009037	
41009038	
41009039	
41009040	
41009041	
41009042	
41009043	
41009045	
41009047	
41009048	
41009049	
41009050	
41010001	
41010002	
41010003	
41010004	
41010005	
41010006	
41010007	
41010008	
41010009	
41010010	
41010011	
41010012	
41010013	
41010014	
41010015	
41010016	
41010017	
41010018	
41010019	
41010020	
41010021	
41010022	
41010023	
41010024	
41010025	
41010026	
41010027	
41010028	
41010029	
41010030	
41010031	
41010032	
41010033	
41010034	
41010035	
41010036	
41010037	
41010038	
41010039	
41010040	
41010041	
41010042	
41010043	
41010044	
41010045	
41010046	
41010047	
41010048	
41010049	
41010050	
41010051	
41010052	
41011001	
41011002	
41011003	
41011004	
41011005	
41011006	
41011007	
41011008	
41011009	
41011010	
41011011	
41011012	
41011013	
41011014	
41011015	
41011016	
41011017	
41011018	
41011019	
41011020	
41011021	
41011022	
41011023	
41011024	
41011025	
41011027	
41011028	
41011029	
41011030	
41011031	
41011032	
41011033	
41012001	
41012002	
41012003	
41012004	
41012005	
41012006	
41012007	
41012008	
41012009	
41012010	
41012011	
41012012	
41012013	
41012014	
41012015	
41012016	
41012017	
41012018	
41012019	
41012020	
41012021	
41012022	
41012023	
41012024	
41012025	
41012026	
41012027	
41012028	
41012029	
41012030	
41012031	
41012032	
41012033	
41012034	
41012035	
41012036	
41012037	
41012038	
41012039	
41012040	
41012041	
41012042	
41012043	
41012044	
41013001	
41013002	
41013003	
41013004	
41013005	
41013006	
41013007	
41013008	
41013009	
41013010	
41013011	
41013012	
41013013	
41013014	
41013015	
41013016	
41013017	
41013018	
41013019	
41013020	
41013021	
41013022	
41013023	
41013024	
41013025	
41013026	
41013027	
41013028	
41013029	
41013030	
41013031	
41013032	
41013033	
41013034	
41013035	
41013036	
41013037	
41014001	
41014002	
41014003	
41014004	
41014005	
41014006	
41014007	
41014008	
41014009	
41014010	
41014011	
41014012	
41014013	
41014014	
41014015	
41014016	
41014017	
41014018	
41014019	
41014020	
41014021	
41014022	
41014023	
41014024	
41014025	
41014026	
41014027	
41014028	
41014029	
41014030	
41014031	
41014032	
41014033	
41014034	
41014035	
41014036	
41014037	
41014038	
41014039	
41014040	
41014041	
41014042	
41014043	
41014044	
41014045	
41014046	
41014047	
41014048	
41014049	
41014050	
41014051	
41014052	
41014053	
41014054	
41014055	
41014056	
41014057	
41014058	
41014059	
41014060	
41014061	
41014062	
41014063	
41014064	
41014065	
41014066	
41014067	
41014068	
41014069	
41014070	
41014071	
41014072	
41015001	
41015002	
41015003	
41015004	
41015005	
41015006	
41015007	
41015008	
41015009	
41015010	
41015011	
41015012	
41015013	
41015014	
41015015	
41015016	
41015017	
41015018	
41015019	
41015020	
41015021	
41015022	
41015023	
41015024	
41015025	
41015026	
41015027	
41015029	
41015030	
41015031	
41015032	
41015033	
41015034	
41015035	
41015036	
41015037	
41015038	
41015039	
41015040	
41015041	
41015042	
41015043	
41015044	
41015045	
41015046	
41015047	
41016001	
41016002	
41016003	
41016004	
41016005	
41016006	
41016007	
41016008	
41016009	
41016010	
41016011	
41016012	
41016013	
41016014	
41016015	
41016016	
41016017	
41016018	
41016019	
41016020	
44001001	
44001002	
44001003	
44001004	
44001005	
44001006	
44001007	
44001008	
44001009	
44001010	
44001011	
44001012	
44001013	
44001014	
44001015	
44001016	
44001017	
44001018	
44001019	
44001020	
44001021	
44001022	
44001023	
44001024	
44001025	
44001026	
44002001	
44002002	
44002003	
44002004	
44002005	
44002006	
44002007	
44002008	
44002009	
44002010	
44002011	
44002012	
44002013	
44002014	
44002015	
44002016	
44002017	
44002018	
44002019	
44002020	
44002021	
44002022	
44002023	
44002024	
44002025	
44002026	
44002027	
44002028	
44002029	
44002030	
44002031	
44002032	
44002033	
44002034	
44002035	
44002036	
44002037	
44002038	
44002039	
44002040	
44002041	
44002042	
44002043	
44002044	
44002045	
44002046	
44002047	
44003001	
44003002	
44003003	
44003004	
44003005	
44003006	
44003007	
44003008	
44003009	
44003010	
44003011	
44003012	
44003013	
44003014	
44003015	
44003016	
44003017	
44003018	
44003019	
44003020	
44003021	
44003022	
44003023	
44003024	
44003025	
44003026	
44004001	
44004002	
44004003	
44004004	
44004005	
44004006	
44004007	
44004008	
44004009	
44004010	
44004011	
44004012	
44004013	
44004014	
44004015	
44004016	
44004017	
44004018	
44004019	
44004020	
44004021	
44004022	
44004023	
44004024	
44004025	
44004026	
44004027	
44004028	
44004029	
44004030	
44004031	
44004032	
44004033	
44004034	
44004035	
44004036	
44004037	
44005001	
44005002	
44005003	
44005004	
44005005	
44005006	
44005007	
44005008	
44005009	
44005010	
44005011	
44005012	
44005013	
44005014	
44005015	
44005016	
44005017	
44005018	
44005019	
44005020	
44005021	
44005022	
44005023	
44005024	
44005025	
44005026	
44005027	
44005028	
44005029	
44005030	
44005031	
44005032	
44005033	
44005034	
44005035	
44005036	
44005037	
44005038	
44005039	
44005040	
44005041	
44005042	
44006001	
44006002	
44006003	
44006004	
44006005	
44006006	
44006007	
44006008	
44006009	
44006010	
44006011	
44006012	
44006013	
44006014	
44006015	
44007001	
44007002	
44007003	
44007004	
44007005	
44007006	
44007007	
44007008	
44007009	
44007010	
44007011	
44007012	
44007013	
44007014	
44007015	
44007016	
44007017	
44007018	
44007019	
44007020	
44007021	
44007022	
44007023	
44007024	
44007025	
44007026	
44007027	
44007028	
44007029	
44007030	
44007031	
44007032	
44007033	
44007034	
44007035	
44007036	
44007037	
44007038	
44007039	
44007040	
44007041	
44007042	
44007043	
44007044	
44007045	
44007046	
44007047	
44007048	
44007049	
44007050	
44007051	
44007052	
44007053	
44007054	
44007055	
44007056	
44007057	
44007058	
44007059	
44007060	
44008001	
44008002	
44008003	
44008004	
44008005	
44008006	
44008007	
44008008	
44008009	
44008010	
44008011	
44008012	
44008013	
44008014	
44008015	
44008016	
44008017	
44008018	
44008019	
44008020	
44008021	
44008022	
44008023	
44008024	
44008025	
44008026	
44008027	
44008028	
44008029	
44008030	
44008031	
44008032	
44008033	
44008034	
44008035	
44008036	
44008038	
44008039	
44008040	
44009001	
44009002	
44009003	
44009004	
44009005	
44009006	
44009007	
44009008	
44009009	
44009010	
44009011	
44009012	
44009013	
44009014	
44009015	
44009016	
44009017	
44009018	
44009019	
44009020	
44009021	
44009022	
44009023	
44009024	
44009025	
44009026	
44009027	
44009028	
44009029	
44009030	
44009031	
44009032	
44009033	
44009034	
44009035	
44009036	
44009037	
44009038	
44009039	
44009040	
44009041	
44009042	
44009043	
44010001	
44010002	
44010003	
44010004	
44010005	
44010006	
44010007	
44010008	
44010009	
44010010	
44010011	
44010012	
44010013	
44010014	
44010015	
44010016	
44010017	
44010018	
44010019	
44010020	
44010021	
44010022	
44010023	
44010024	
44010025	
44010026	
44010027	
44010028	
44010029	
44010030	
44010031	
44010032	
44010033	
44010034	
44010035	
44010036	
44010037	
44010038	
44010039	
44010040	
44010041	
44010042	
44010043	
44010044	
44010045	
44010046	
44010047	
44010048	
44011001	
44011002	
44011003	
44011004	
44011005	
44011006	
44011007	
44011008	
44011009	
44011010	
44011011	
44011012	
44011013	
44011014	
44011015	
44011016	
44011017	
44011018	
44011019	
44011020	
44011021	
44011022	
44011023	
44011024	
44011025	
44011026	
44011027	
44011028	
44011029	
44011030	
44012001	
44012002	
44012003	
44012004	
44012005	
44012006	
44012007	
44012008	
44012009	
44012010	
44012011	
44012012	
44012013	
44012014	
44012015	
44012016	
44012017	
44012018	
44012019	
44012020	
44012021	
44012022	
44012023	
44012024	
44012025	
44013001	
44013002	
44013003	
44013004	
44013005	
44013006	
44013007	
44013008	
44013009	
44013010	
44013011	
44013012	
44013013	
44013014	
44013015	
44013016	
44013017	
44013018	
44013019	
44013020	
44013021	
44013022	
44013023	
44013024	
44013025	
44013026	
44013027	
44013028	
44013029	
44013030	
44013031	
44013032	
44013033	
44013034	
44013035	
44013036	
44013037	
44013038	
44013039	
44013040	
44013041	
44013042	
44013043	
44013044	
44013045	
44013046	
44013047	
44013048	
44013049	
44013050	
44013051	
44013052	
44014001	
44014002	
44014003	
44014004	
44014005	
44014006	
44014007	
44014008	
44014009	
44014010	
44014011	
44014012	
44014013	
44014014	
44014015	
44014016	
44014017	
44014018	
44014019	
44014020	
44014021	
44014022	
44014023	
44014024	
44014025	
44014026	
44014027	
44014028	
44015001	
44015002	
44015003	
44015004	
44015005	
44015006	
44015007	
44015008	
44015009	
44015010	
44015011	
44015012	
44015013	
44015014	
44015015	
44015016	
44015017	
44015018	
44015019	
44015020	
44015021	
44015022	
44015023	
44015024	
44015025	
44015026	
44015027	
44015028	
44015029	
44015030	
44015031	
44015032	
44015033	
44015035	
44015036	
44015037	
44015038	
44015039	
44015040	
44015041	
44016001	
44016002	
44016003	
44016004	
44016005	
44016006	
44016007	
44016008	
44016009	
44016010	
44016011	
44016012	
44016013	
44016014	
44016015	
44016016	
44016017	
44016018	
44016019	
44016020	
44016021	
44016022	
44016023	
44016024	
44016025	
44016026	
44016027	
44016028	
44016029	
44016030	
44016031	
44016032	
44016033	
44016034	
44016035	
44016036	
44016037	
44016038	
44016039	
44016040	
44017001	
44017002	
44017003	
44017004	
44017005	
44017006	
44017007	
44017008	
44017009	
44017010	
44017011	
44017012	
44017013	
44017014	
44017015	
44017016	
44017017	
44017018	
44017019	
44017020	
44017021	
44017022	
44017023	
44017024	
44017025	
44017026	
44017027	
44017028	
44017029	
44017030	
44017031	
44017032	
44017033	
44017034	
44018001	
44018002	
44018003	
44018004	
44018005	
44018006	
44018007	
44018008	
44018009	
44018010	
44018011	
44018012	
44018013	
44018014	
44018015	
44018016	
44018017	
44018018	
44018019	
44018020	
44018021	
44018022	
44018023	
44018024	
44018025	
44018026	
44018027	
44018028	
44019001	
44019002	
44019003	
44019004	
44019005	
44019006	
44019007	
44019008	
44019009	
44019010	
44019011	
44019012	
44019013	
44019014	
44019015	
44019016	
44019017	
44019018	
44019019	
44019020	
44019021	
44019022	
44019023	
44019024	
44019025	
44019026	
44019027	
44019028	
44019029	
44019030	
44019031	
44019032	
44019033	
44019034	
44019035	
44019036	
44019037	
44019038	
44019039	
44019040	
44019041	
44020001	
44020002	
44020003	
44020004	
44020005	
44020006	
44020007	
44020008	
44020009	
44020010	
44020011	
44020012	
44020013	
44020014	
44020015	
44020016	
44020017	
44020018	
44020019	
44020020	
44020021	
44020022	
44020023	
44020024	
44020025	
44020026	
44020027	
44020028	
44020029	
44020030	
44020031	
44020032	
44020033	
44020034	
44020035	
44020036	
44020037	
44020038	
44021001	
44021002	
44021003	
44021004	
44021005	
44021006	
44021007	
44021008	
44021009	
44021010	
44021011	
44021012	
44021013	
44021014	
44021015	
44021016	
44021017	
44021018	
44021019	
44021020	
44021021	
44021022	
44021023	
44021024	
44021025	
44021026	
44021027	
44021028	
44021029	
44021030	
44021031	
44021032	
44021033	
44021034	
44021035	
44021036	
44021037	
44021038	
44021039	
44021040	
44022001	
44022002	
44022003	
44022004	
44022005	
44022006	
44022007	
44022008	
44022009	
44022010	
44022011	
44022012	
44022013	
44022014	
44022015	
44022016	
44022017	
44022018	
44022019	
44022020	
44022021	
44022022	
44022023	
44022024	
44022025	
44022026	
44022027	
44022028	
44022029	
44022030	
44023001	
44023002	
44023003	
44023004	
44023005	
44023006	
44023007	
44023008	
44023009	
44023010	
44023011	
44023012	
44023013	
44023014	
44023015	
44023016	
44023017	
44023018	
44023019	
44023020	
44023021	
44023022	
44023023	
44023024	
44023025	
44023026	
44023027	
44023028	
44023029	
44023030	
44023031	
44023032	
44023033	
44023034	
44023035	
44024001	
44024002	
44024003	
44024004	
44024005	
44024006	
44024008	
44024009	
44024010	
44024011	
44024012	
44024013	
44024014	
44024015	
44024016	
44024017	
44024018	
44024019	
44024020	
44024021	
44024022	
44024023	
44024024	
44024025	
44024026	
44024027	
44025001	
44025002	
44025003	
44025004	
44025005	
44025006	
44025007	
44025008	
44025009	
44025010	
44025011	
44025012	
44025013	
44025014	
44025015	
44025016	
44025017	
44025018	
44025019	
44025020	
44025021	
44025022	
44025023	
44025024	
44025025	
44025026	
44025027	
44026001	
44026002	
44026003	
44026004	
44026005	
44026006	
44026007	
44026008	
44026009	
44026010	
44026011	
44026012	
44026013	
44026014	
44026015	
44026016	
44026017	
44026018	
44026019	
44026020	
44026021	
44026022	
44026023	
44026024	
44026025	
44026026	
44026027	
44026028	
44026029	
44026030	
44026031	
44026032	
44027001	
44027002	
44027003	
44027004	
44027005	
44027006	
44027007	
44027008	
44027009	
44027010	
44027011	
44027012	
44027013	
44027014	
44027015	
44027016	
44027017	
44027018	
44027019	
44027020	
44027021	
44027022	
44027023	
44027024	
44027025	
44027026	
44027027	
44027028	
44027029	
44027030	
44027031	
44027032	
44027033	
44027034	
44027035	
44027036	
44027037	
44027038	
44027039	
44027040	
44027041	
44027042	
44027043	
44027044	
44028001	
44028002	
44028003	
44028004	
44028005	
44028006	
44028007	
44028008	
44028009	
44028010	
44028011	
44028012	
44028013	
44028014	
44028015	
44028016	
44028017	
44028018	
44028019	
44028020	
44028021	
44028022	
44028023	
44028024	
44028025	
44028026	
44028027	
44028028	
44028030	
44028031	
